0.00 10 -8.64827 1.35173
0.02 10.2022 -8.85046 1.35173
0.04 10.4197 -9.0625 1.35721
0.06 10.6085 -9.25124 1.35721
0.08 10.7045 -9.3473 1.35721
0.1 10.6519 -9.2892 1.36269
0.12 10.461 -9.09835 1.36269
0.14 10.2693 -8.91759 1.35173
0.16 10.3673 -9.01556 1.35173
0.18 10.9373 -9.58011 1.35721
0.2 11.612 -10.2548 1.35721
0.22 11.8523 -10.4951 1.35721
0.24 11.4501 -10.0928 1.35721
0.26 10.5199 -9.16273 1.35721
0.28 9.74244 -8.3907 1.35174
0.3 10.1962 -8.83897 1.35721
0.32 11.7457 -10.3885 1.35721
0.34 13.1447 -11.7875 1.35721
0.36 13.799 -12.4418 1.35721
0.38 13.8169 -12.4542 1.36269
0.4 13.3528 -11.9956 1.35721
0.42 12.4598 -11.0971 1.36269
0.44 11.5735 -10.2054 1.36818
0.46 11.7522 -10.395 1.35722
0.48 12.8028 -11.4455 1.35721
0.5 13.5937 -12.2365 1.35721
0.52 13.8224 -12.4652 1.35721
0.54 13.5933 -12.236 1.35721
0.56 13.0438 -11.6811 1.36269
0.58 12.3121 -10.9494 1.36269
0.6 11.603 -10.2403 1.3627
0.62 11.3299 -9.96716 1.3627
0.64 11.8071 -10.4444 1.3627
0.66 13.1815 -11.8188 1.36269
0.68 14.5362 -13.1735 1.36269
0.7 15.2128 -13.8556 1.35722
0.72 15.3168 -13.9596 1.35722
0.74 14.9447 -13.5875 1.35722
0.76 13.9921 -12.6404 1.35174
0.78 12.4969 -11.1452 1.35174
0.8 11.6404 -10.2942 1.34626
0.82 12.5879 -11.2307 1.35722
0.84 13.8315 -12.4742 1.35721
0.86 14.3357 -12.9785 1.35722
0.88 14.3149 -12.9577 1.35722
0.9 14.0396 -12.6769 1.3627
0.92 13.6224 -12.2597 1.3627
0.94 13.1229 -11.7602 1.3627
0.96 12.6322 -11.2695 1.3627
0.98 12.2607 -10.898 1.3627
1 12.0454 -10.6827 1.3627
1.02 11.989 -10.6263 1.3627
1.04 12.0897 -10.7215 1.36818
1.06 12.2435 -10.8753 1.36817
1.08 12.3215 -10.9533 1.36817
1.1 12.293 -10.9248 1.36817
1.12 12.1998 -10.8261 1.37365
1.14 12.0924 -10.7187 1.37365
1.16 12.0052 -10.6425 1.3627
1.18 11.9537 -10.591 1.3627
1.2 11.9305 -10.5678 1.3627
1.22 11.8978 -10.5351 1.3627
1.24 11.7737 -10.4165 1.35722
1.26 11.4361 -10.0789 1.35722
1.28 10.8048 -9.44763 1.35722
1.3 10.1174 -8.75471 1.3627
1.32 9.94112 -8.57842 1.3627
1.34 10.1769 -8.81418 1.36269
1.36 10.295 -8.93776 1.35722
1.38 10.4761 -9.1189 1.35722
1.4 10.9134 -9.55615 1.35722
1.42 11.4413 -10.0786 1.3627
1.44 11.8723 -10.5151 1.35722
1.46 12.1109 -10.7537 1.35722
1.48 12.1812 -10.8185 1.3627
1.5 12.1582 -10.801 1.35722
1.52 12.0995 -10.7423 1.35722
1.54 12.0278 -10.6651 1.3627
1.56 11.9421 -10.5794 1.3627
1.58 11.8361 -10.4734 1.3627
1.6 11.7188 -10.3506 1.36818
1.62 11.6226 -10.2544 1.36818
1.64 11.5832 -10.215 1.36818
1.66 11.6086 -10.235 1.37366
1.68 11.689 -10.3208 1.36818
1.7 11.8281 -10.4599 1.36818
1.72 12.0322 -10.664 1.36818
1.74 12.2702 -10.902 1.36818
1.76 12.4769 -11.1033 1.37366
1.78 12.6007 -11.227 1.37366
1.8 12.6191 -11.2455 1.37366
1.82 12.5038 -11.1246 1.37914
1.84 12.2287 -10.8551 1.37366
1.86 11.9271 -10.5534 1.37366
1.88 11.8067 -10.4331 1.37366
1.9 11.827 -10.4533 1.37366
1.92 12.1492 -10.7811 1.36818
1.94 12.8386 -11.4759 1.3627
1.96 13.181 -11.8183 1.3627
1.98 12.6615 -11.2988 1.3627
2 11.876 -10.5078 1.36818
2.02 12.0688 -10.7006 1.36818
2.04 12.7893 -11.4211 1.36818
2.06 13.068 -11.6998 1.36818
2.08 12.972 -11.6038 1.36818
2.1 12.8601 -11.4865 1.37366
2.12 12.8523 -11.4732 1.37914
2.14 12.8419 -11.4573 1.38461
2.16 12.7347 -11.3501 1.38461
2.18 12.5804 -11.1958 1.38461
2.2 12.5196 -11.135 1.38462
2.22 12.603 -11.2184 1.38461
2.24 12.7186 -11.334 1.38461
2.26 12.7343 -11.3497 1.38461
2.28 12.6076 -11.2285 1.37914
2.3 12.363 -10.9839 1.37914
2.32 12.0384 -10.6593 1.37914
2.34 11.6617 -10.277 1.38461
2.36 11.2703 -9.88567 1.38461
2.38 10.9587 -9.57959 1.37913
2.4 10.8688 -9.48962 1.37913
2.42 11.0421 -9.66293 1.37913
2.44 11.3362 -9.95705 1.37913
2.46 11.5807 -10.2015 1.37913
2.48 11.715 -10.3359 1.37913
2.5 11.7617 -10.3825 1.37913
2.52 11.761 -10.3873 1.37366
2.54 11.7403 -10.3667 1.37366
2.56 11.7104 -10.3422 1.36818
2.58 11.6711 -10.2974 1.37366
2.6 11.6203 -10.2521 1.36818
2.62 11.5609 -10.2036 1.35722
2.64 11.4934 -10.1361 1.35722
2.66 11.4075 -10.0503 1.35722
2.68 11.3144 -9.95175 1.3627
2.7 11.3068 -9.94412 1.3627
2.72 11.4641 -10.1014 1.3627
2.74 11.6807 -10.318 1.3627
2.76 11.8049 -10.4422 1.3627
2.78 11.8805 -10.5123 1.36818
2.8 12.0167 -10.654 1.3627
2.82 12.1337 -10.7655 1.36818
2.84 12.0872 -10.719 1.36818
2.86 11.951 -10.5773 1.37366
2.88 11.9722 -10.604 1.36818
2.9 12.2087 -10.8351 1.37366
2.92 12.4632 -11.0951 1.36818
2.94 12.5856 -11.2174 1.36818
2.96 12.5821 -11.2194 1.3627
2.98 12.532 -11.1693 1.3627
3 12.5102 -11.142 1.36818
3.02 12.5426 -11.1744 1.36818
3.04 12.6047 -11.2475 1.35722
3.06 12.6622 -11.305 1.35722
3.08 12.7121 -11.3603 1.35174
3.1 12.7729 -11.4211 1.35174
3.12 12.832 -11.4803 1.35174
3.14 12.8158 -11.4641 1.35174
3.16 12.638 -11.2918 1.34626
3.18 12.3299 -10.9892 1.34078
3.2 12.1394 -10.7987 1.34078
3.22 12.2705 -10.9297 1.34078
3.24 12.5311 -11.1904 1.34078
3.26 12.6538 -11.313 1.34078
3.28 12.7141 -11.3788 1.3353
3.3 12.9701 -11.6403 1.32982
3.32 13.4791 -12.1548 1.32434
3.34 14.0663 -12.7419 1.32434
3.36 14.4876 -13.1688 1.31886
3.38 14.4526 -13.1337 1.31886
3.4 13.5461 -12.2273 1.31886
3.42 11.8665 -10.5531 1.31338
3.44 11.4758 -10.1624 1.31338
3.46 12.5466 -11.2497 1.29694
3.48 12.7234 -11.4265 1.29694
3.5 12.0859 -10.7835 1.30243
3.52 12.4013 -11.0989 1.30243
3.54 13.928 -12.6256 1.30242
3.56 15.1931 -13.8907 1.30242
3.58 15.5806 -14.2727 1.3079
3.6 15.4054 -14.0975 1.3079
3.62 15.2835 -13.981 1.30242
3.64 15.252 -13.9496 1.30242
3.66 14.5308 -13.2283 1.30242
3.68 13.3559 -12.0534 1.30243
3.7 13.744 -12.4361 1.3079
3.72 15.0825 -13.78 1.30242
3.74 15.8522 -14.5553 1.29694
3.76 16.1164 -14.8194 1.29694
3.78 15.9208 -14.6239 1.29694
3.8 14.9002 -13.5978 1.30242
3.82 13.5614 -12.2645 1.29694
3.84 13.0486 -11.7517 1.29695
3.86 13.9723 -12.6699 1.30242
3.88 15.443 -14.1405 1.30242
3.9 16.1638 -14.8559 1.3079
3.92 16.1971 -14.8947 1.30242
3.94 15.8492 -14.5467 1.30242
3.96 15.3247 -14.0222 1.30243
3.98 14.8238 -13.5213 1.30243
4 14.5223 -13.2089 1.31338
4.02 14.5046 -13.1912 1.31338
4.04 14.7381 -13.4247 1.31338
4.06 15.0655 -13.7521 1.31338
4.08 15.3154 -14.002 1.31338
4.1 15.3737 -14.0603 1.31339
4.12 15.068 -13.7491 1.31886
4.14 14.0795 -12.7606 1.31886
4.16 12.631 -11.3176 1.31339
4.18 12.4213 -11.1189 1.30243
4.2 13.4412 -12.1387 1.30243
4.22 14.0808 -12.7729 1.30791
4.24 14.2082 -12.8949 1.31339
4.26 14.1425 -12.8345 1.30791
4.28 13.9902 -12.6659 1.32435
4.3 13.7624 -12.438 1.32435
4.32 13.5495 -12.2251 1.32435
4.34 13.5375 -12.2132 1.32435
4.36 13.8029 -12.484 1.31887
4.38 14.2072 -12.8938 1.31339
4.4 14.5852 -13.2773 1.30791
4.42 14.8584 -13.5505 1.30791
4.44 14.9689 -13.661 1.30791
4.46 14.8294 -13.5215 1.30791
4.48 14.4725 -13.1536 1.31887
4.5 14.3268 -13.008 1.31887
4.52 14.7467 -13.4279 1.31887
4.54 15.2601 -13.9467 1.31339
4.56 15.2983 -13.9849 1.31339
4.58 14.802 -13.4886 1.31339
4.6 14.3422 -13.0288 1.31339
4.62 14.8044 -13.4911 1.31339
4.64 15.8821 -14.5687 1.31339
4.66 16.6777 -15.3588 1.31887
4.68 16.6553 -15.3365 1.31887
4.7 15.9616 -14.6427 1.31887
4.72 16.1178 -14.7989 1.31887
4.74 17.2436 -15.9248 1.31887
4.76 17.837 -16.5127 1.32435
4.78 17.6495 -16.3252 1.32435
4.8 17.0697 -15.7454 1.32435
4.82 16.5236 -15.1992 1.32435
4.84 16.2947 -14.9704 1.32435
4.86 16.2177 -14.8989 1.31887
4.88 15.9617 -14.6374 1.32435
4.9 15.6766 -14.3523 1.32435
4.92 15.83 -14.5057 1.32435
4.94 16.4134 -15.0891 1.32435
4.96 16.9199 -15.5955 1.32435
4.98 16.8662 -15.5418 1.32434
5 16.0888 -14.7644 1.32435
5.02 15.3928 -14.0684 1.32435
5.04 15.9178 -14.5989 1.31887
5.06 16.8501 -15.5258 1.32434
5.08 17.2086 -15.8898 1.31887
5.1 16.9939 -15.6805 1.31339
5.12 16.397 -15.0782 1.31887
5.14 15.4544 -14.1356 1.31887
5.16 14.1403 -12.816 1.32435
5.18 13.0559 -11.7316 1.32435
5.2 13.1216 -11.7973 1.32435
5.22 14.0464 -12.7165 1.32983
5.24 15.0665 -13.7367 1.32983
5.26 15.6636 -14.3338 1.32983
5.28 15.6879 -14.358 1.32983
5.3 15.2787 -13.9488 1.32983
5.32 14.8208 -13.491 1.32983
5.34 14.6625 -13.3382 1.32435
5.36 14.6534 -13.3236 1.32983
5.38 14.5096 -13.1743 1.33531
5.4 14.3051 -12.9643 1.34079
5.42 14.2628 -12.922 1.34079
5.44 14.3801 -13.0393 1.34079
5.46 14.435 -13.0888 1.34626
5.48 14.2245 -12.8782 1.34626
5.5 13.7633 -12.4115 1.35174
5.52 13.3851 -12.0334 1.35174
5.54 13.3186 -11.9669 1.35174
5.56 13.3147 -11.963 1.35174
5.58 13.3096 -11.9634 1.34626
5.6 13.5795 -12.2333 1.34626
5.62 14.0381 -12.6864 1.35174
5.64 14.3346 -12.9939 1.34078
5.66 14.2856 -12.9448 1.34078
5.68 13.8119 -12.4601 1.35174
5.7 12.9501 -11.5983 1.35174
5.72 12.1771 -10.8254 1.35175
5.74 12.2175 -10.8603 1.35723
5.76 12.955 -11.5978 1.35722
5.78 13.4979 -12.1407 1.35722
5.8 13.6263 -12.2691 1.35722
5.82 13.8211 -12.4639 1.35723
5.84 14.1428 -12.7855 1.35722
5.86 14.2857 -12.9285 1.35722
5.88 14.1699 -12.8126 1.35722
5.9 13.8741 -12.5168 1.35722
5.92 13.4635 -12.1118 1.35174
5.94 13.0003 -11.654 1.34627
5.96 12.6196 -11.2733 1.34627
5.98 12.496 -11.1442 1.35175
6 12.6499 -11.2981 1.35175
6.02 12.9107 -11.5644 1.34627
6.04 13.1123 -11.766 1.34627
6.06 13.193 -11.8467 1.34627
6.08 13.1509 -11.7991 1.35175
6.1 12.9954 -11.6491 1.34627
6.12 12.7514 -11.4051 1.34627
6.14 12.4854 -11.1392 1.34627
6.16 12.2897 -10.9434 1.34627
6.18 12.2056 -10.8593 1.34627
6.2 12.1912 -10.8449 1.34627
6.22 12.1565 -10.8102 1.34627
6.24 11.973 -10.6267 1.34627
6.26 11.5371 -10.1909 1.34627
6.28 11.0234 -9.68261 1.34079
6.3 10.9345 -9.59923 1.33531
6.32 11.3552 -10.0199 1.33531
6.34 11.8069 -10.4716 1.33531
6.36 12.0281 -10.6983 1.32983
6.38 12.0641 -10.7343 1.32983
6.4 12.0138 -10.6785 1.33531
6.42 11.9371 -10.6018 1.33531
6.44 11.861 -10.5257 1.33531
6.46 11.7979 -10.4626 1.33531
6.48 11.7576 -10.4223 1.33531
6.5 11.7489 -10.4081 1.34079
6.52 11.774 -10.4333 1.34079
6.54 11.8217 -10.4809 1.34079
6.56 11.868 -10.5273 1.34079
6.58 11.8853 -10.5445 1.34079
6.6 11.8594 -10.5186 1.34079
6.62 11.8133 -10.4725 1.34079
6.64 11.8081 -10.4673 1.34079
6.66 11.8838 -10.5431 1.34079
6.68 11.9822 -10.6414 1.34079
6.7 11.9785 -10.6377 1.34079
6.72 11.8484 -10.5131 1.33531
6.74 11.811 -10.4757 1.33531
6.76 12.1162 -10.7809 1.33531
6.78 12.6555 -11.3257 1.32983
6.8 13.1494 -11.8195 1.32983
6.82 13.4781 -12.1483 1.32983
6.84 13.6446 -12.3148 1.32983
6.86 13.649 -12.3191 1.32983
6.88 13.4547 -12.1304 1.32435
6.9 13.0389 -11.7146 1.32435
6.92 12.6095 -11.2907 1.31887
6.94 12.7609 -11.4421 1.31887
6.96 13.5341 -12.2098 1.32435
6.98 14.0095 -12.6797 1.32983
7 13.6434 -12.3191 1.32435
7.02 12.7374 -11.4131 1.32435
7.04 12.1914 -10.8671 1.32435
7.06 12.6538 -11.335 1.31887
7.08 13.6357 -12.3114 1.32435
7.1 14.4156 -13.0913 1.32435
7.12 14.8224 -13.4926 1.32983
7.14 14.9367 -13.5959 1.34079
7.16 14.8237 -13.4829 1.34079
7.18 14.4536 -13.1128 1.34079
7.2 13.7148 -12.374 1.34079
7.22 12.5952 -11.2544 1.34079
7.24 11.6391 -10.3038 1.33531
7.26 11.7206 -10.3908 1.32983
7.28 12.601 -11.2711 1.32983
7.3 13.4227 -12.0929 1.32983
7.32 13.8772 -12.5529 1.32435
7.34 14.0062 -12.6818 1.32435
7.36 13.8866 -12.5622 1.32435
7.38 13.5617 -12.2484 1.31339
7.4 13.0972 -11.7838 1.31339
7.42 12.6626 -11.3601 1.30244
7.44 12.4118 -11.1039 1.30792
7.46 12.2259 -10.9125 1.31339
7.48 11.8786 -10.5652 1.31339
7.5 11.4562 -10.1483 1.30792
7.52 11.2942 -9.98632 1.30792
7.54 11.4739 -10.166 1.30791
7.56 11.7944 -10.4864 1.30791
7.58 12.0841 -10.7761 1.30791
7.6 12.2637 -10.9613 1.30244
7.62 12.3243 -11.0219 1.30244
7.64 12.3049 -11.0024 1.30244
7.66 12.2584 -10.9505 1.30792
7.68 12.2288 -10.9209 1.30792
7.7 12.2433 -10.9299 1.3134
7.72 12.3109 -10.9975 1.3134
7.74 12.4236 -11.1102 1.3134
7.76 12.5545 -11.2466 1.30792
7.78 12.635 -11.3271 1.30792
7.8 12.5171 -11.2092 1.30792
7.82 12.0539 -10.746 1.30792
7.84 11.6008 -10.2874 1.3134
7.86 12.0503 -10.7424 1.30792
7.88 13.1455 -11.8322 1.31339
7.9 13.9408 -12.6328 1.30792
7.92 14.2053 -12.9029 1.30244
7.94 14.0435 -12.741 1.30244
7.96 13.58 -12.272 1.30792
7.98 13.0289 -11.721 1.30792
8 12.6779 -11.3699 1.30792
8.02 12.684 -11.3761 1.30792
8.04 13.0133 -11.6944 1.31888
8.06 13.5923 -12.2734 1.31888
8.08 14.3963 -13.0884 1.30792
8.1 15.3442 -14.0362 1.30792
8.12 16.236 -14.9281 1.30792
8.14 16.8945 -15.5865 1.30792
8.16 17.2258 -15.9179 1.30791
8.18 17.1321 -15.8187 1.31339
8.2 16.5472 -15.2338 1.31339
8.22 15.5897 -14.2708 1.31887
8.24 14.4822 -13.1688 1.31339
8.26 14.2068 -12.8934 1.31339
8.28 14.9217 -13.6083 1.31339
8.3 15.6592 -14.3513 1.30791
8.32 16.4156 -15.1132 1.30243
8.34 17.0228 -15.7204 1.30243
8.36 16.7429 -15.4405 1.30243
8.38 15.2456 -13.9377 1.30792
8.4 14.3112 -13.0033 1.30792
8.42 14.9546 -13.6466 1.30791
8.44 14.6834 -13.381 1.30243
8.46 13.6141 -12.3116 1.30244
8.48 14.3707 -13.0737 1.29696
8.5 15.9336 -14.6366 1.29695
8.52 16.6611 -15.3642 1.29696
8.54 16.8077 -15.5053 1.30244
8.56 16.7483 -15.4404 1.30792
8.58 16.5327 -15.2302 1.30244
8.6 15.9598 -14.6574 1.30244
8.62 15.0253 -13.7229 1.30244
8.64 14.7318 -13.4294 1.30244
8.66 15.4983 -14.2013 1.29696
8.68 15.9892 -14.6977 1.29148
8.7 15.7192 -14.4278 1.29148
8.72 15.3661 -14.0746 1.29148
8.74 15.5476 -14.2561 1.29148
8.76 15.9565 -14.6595 1.29696
8.78 16.1534 -14.851 1.30244
8.8 16.1174 -14.8204 1.29696
8.82 15.9805 -14.6835 1.29696
8.84 15.812 -14.5151 1.29696
8.86 15.5534 -14.251 1.30244
8.88 15.0683 -13.7713 1.29696
8.9 14.4196 -13.1227 1.29696
8.92 14.1728 -12.8703 1.30244
8.94 14.6651 -13.3626 1.30244
8.96 15.3012 -13.9878 1.31339
8.98 15.5932 -14.2688 1.32435
9 15.6061 -14.2818 1.32435
9.02 15.5729 -14.2431 1.32983
9.04 15.5463 -14.2275 1.31887
9.06 15.3535 -14.0401 1.31339
9.08 14.9932 -13.6798 1.3134
9.1 14.9354 -13.622 1.3134
9.12 15.4176 -14.1097 1.30792
9.14 15.9876 -14.6796 1.30791
9.16 16.3058 -14.9979 1.30792
9.18 16.3543 -15.0409 1.3134
9.2 16.1468 -14.8279 1.31888
9.22 15.6755 -14.3566 1.31888
9.24 15.0696 -13.7507 1.31888
9.26 14.6544 -13.3355 1.31888
9.28 14.691 -13.3721 1.31888
9.3 15.1552 -13.8364 1.31888
9.32 15.7169 -14.4035 1.3134
9.34 16.0427 -14.7293 1.3134
9.36 16.0846 -14.7712 1.3134
9.38 15.9897 -14.6763 1.3134
9.4 15.9271 -14.6192 1.30792
9.42 15.974 -14.666 1.30792
9.44 16.0501 -14.7422 1.30792
9.46 15.9037 -14.5958 1.30792
9.48 15.213 -13.9051 1.30792
9.5 14.2124 -12.899 1.3134
9.52 14.0405 -12.7216 1.31888
9.54 14.5096 -13.1962 1.31339
9.56 14.5421 -13.2287 1.3134
9.58 14.2116 -12.8982 1.3134
9.6 13.8934 -12.5855 1.30792
9.62 14.1709 -12.863 1.30792
9.64 15.2781 -13.9756 1.30244
9.66 16.3497 -15.0527 1.29696
9.68 16.9298 -15.6328 1.29696
9.7 17.1206 -15.8291 1.29148
9.72 17.0697 -15.7782 1.29148
9.74 16.8996 -15.6136 1.286
9.76 16.8006 -15.5201 1.28052
9.78 16.9417 -15.6612 1.28052
9.8 17.1981 -15.9176 1.28052
9.82 17.2391 -15.9586 1.28052
9.84 16.9298 -15.6493 1.28052
9.86 16.4581 -15.1776 1.28052
9.88 15.9682 -14.6877 1.28052
9.9 15.445 -14.159 1.286
9.92 15.2923 -14.0118 1.28052
9.94 16.0472 -14.7722 1.27504
9.96 17.3036 -16.0286 1.27504
9.98 18.1781 -16.9031 1.27504
10 18.3746 -17.105 1.26956
10.02 18.1049 -16.8353 1.26956
10.04 17.7527 -16.4832 1.26956
10.06 17.6624 -16.3928 1.26956
10.08 17.8467 -16.5772 1.26956
10.1 18.0057 -16.7362 1.26956
10.12 17.8318 -16.5677 1.26408
10.14 17.1921 -15.9281 1.26408
10.16 16.402 -15.1379 1.26408
10.18 16.1016 -14.8375 1.26408
10.2 16.1827 -14.9186 1.26408
10.22 16.1648 -14.8952 1.26956
10.24 16.155 -14.8855 1.26956
10.26 16.3388 -15.0693 1.26956
10.28 16.5531 -15.2835 1.26956
10.3 16.6167 -15.3526 1.26408
10.32 16.5461 -15.2766 1.26956
10.34 16.4633 -15.1938 1.26956
10.36 16.4614 -15.1918 1.26956
10.38 16.5456 -15.2815 1.26408
10.4 16.6658 -15.3963 1.26956
10.42 16.7784 -15.5088 1.26956
10.44 16.8677 -15.6036 1.26408
10.46 16.9325 -15.6739 1.2586
10.48 16.9638 -15.7106 1.25313
10.5 16.9209 -15.6733 1.24765
10.52 16.6931 -15.451 1.24216
10.54 16.0942 -14.8521 1.24216
10.56 15.2145 -13.9724 1.24217
10.58 15.069 -13.8323 1.23669
10.6 16.0917 -14.855 1.23669
10.62 17.1064 -15.8587 1.24764
10.64 17.5881 -16.335 1.25312
10.66 17.7251 -16.472 1.25312
10.68 17.7003 -16.4472 1.25312
10.7 17.5695 -16.3218 1.24765
10.72 17.3265 -16.0734 1.25312
10.74 16.9643 -15.7002 1.26408
10.76 16.5485 -15.2844 1.26408
10.78 16.3558 -15.0917 1.26408
10.8 16.767 -15.5084 1.2586
10.82 17.6538 -16.3952 1.2586
10.84 18.3723 -17.1191 1.25312
10.86 18.4487 -17.201 1.24764
10.88 17.3506 -16.103 1.24764
10.9 13.8576 -12.6264 1.2312
10.92 12.5683 -11.3316 1.23669
10.94 16.3677 -15.1365 1.2312
10.96 18.1344 -16.9032 1.2312
10.98 18.4684 -17.2372 1.2312
11 18.778 -17.5523 1.22573
11.02 19.1104 -17.8847 1.22572
11.04 18.9925 -17.7613 1.2312
11.06 18.2687 -17.0211 1.24764
11.08 17.244 -15.9909 1.25312
11.1 16.5972 -15.344 1.25312
11.12 16.662 -15.4034 1.2586
11.14 17.0248 -15.7662 1.2586
11.16 17.0978 -15.8392 1.2586
11.18 16.3554 -15.0968 1.2586
11.2 15.8934 -14.6348 1.25861
11.22 17.7438 -16.4906 1.25312
11.24 19.4612 -18.2135 1.24764
11.26 19.7361 -18.483 1.25312
11.28 19.0577 -17.8046 1.25312
11.3 17.9934 -16.7403 1.25312
11.32 17.5475 -16.2944 1.25313
11.34 18.3949 -17.1473 1.24764
11.36 19.367 -18.1139 1.25312
11.38 19.0776 -17.8245 1.25312
11.4 16.8505 -15.6028 1.24764
11.42 14.464 -13.2163 1.24765
11.44 15.6134 -14.3603 1.25312
11.46 17.8133 -16.5602 1.25312
11.48 18.8369 -17.5838 1.25312
11.5 19.2443 -17.9857 1.2586
11.52 19.5547 -18.2961 1.2586
11.54 19.6817 -18.4121 1.26956
11.56 19.3632 -18.0936 1.26956
11.58 18.4195 -17.1499 1.26956
11.6 16.8785 -15.6089 1.26956
11.62 14.9023 -13.6327 1.26956
11.64 12.65 -11.3859 1.26408
11.66 11.4404 -10.1709 1.26956
11.68 13.3966 -12.127 1.26956
11.7 16.8428 -15.5787 1.26408
11.72 18.698 -17.4229 1.27504
11.74 18.9789 -17.7039 1.27504
11.76 18.5555 -17.2749 1.28052
11.78 17.9751 -16.6946 1.28052
11.8 17.4988 -16.2128 1.286
11.82 17.1945 -15.903 1.29148
11.84 16.9827 -15.6912 1.29148
11.86 16.681 -15.3841 1.29696
11.88 16.0937 -14.8077 1.286
11.9 15.2908 -14.0103 1.28052
11.92 14.9154 -13.6348 1.28052
11.94 15.2931 -14.0125 1.28052
11.96 15.7372 -14.4567 1.28052
11.98 15.745 -14.459 1.286
12 15.3306 -14.0391 1.29148
12.02 14.684 -13.387 1.29696
12.04 14.0524 -12.75 1.30244
12.06 13.7042 -12.4018 1.30244
12.08 13.8386 -12.5361 1.30244
12.1 14.3208 -13.0183 1.30244
12.12 14.7912 -13.4942 1.29696
12.14 15.0767 -13.7742 1.30244
12.16 15.1986 -13.9016 1.29696
12.18 15.2166 -13.9086 1.30792
12.2 15.1678 -13.8599 1.30792
12.22 15.0624 -13.749 1.3134
12.24 14.8734 -13.5546 1.31888
12.26 14.5077 -13.1889 1.31887
12.28 13.8302 -12.5113 1.31887
12.3 12.9618 -11.6539 1.30792
12.32 12.5979 -11.29 1.30792
12.34 13.0087 -11.7008 1.30791
12.36 13.5334 -12.231 1.30243
12.38 13.8558 -12.5533 1.30244
12.4 14.0467 -12.7443 1.30244
12.42 14.179 -12.8711 1.30792
12.44 14.2734 -12.9655 1.30792
12.46 14.2359 -12.9225 1.31339
12.48 13.9724 -12.6535 1.31887
12.5 13.7676 -12.4542 1.3134
12.52 14.0767 -12.7687 1.30792
12.54 14.6703 -13.3624 1.30792
12.56 15.0811 -13.7732 1.30792
12.58 15.243 -13.9296 1.3134
12.6 15.2709 -13.9575 1.3134
12.62 15.2449 -13.9315 1.3134
12.64 15.1847 -13.8658 1.31888
12.66 15.0651 -13.7462 1.31888
12.68 14.8291 -13.5103 1.31888
12.7 14.436 -13.1171 1.31888
12.72 13.9974 -12.6785 1.31888
12.74 13.8106 -12.4917 1.31888
12.76 13.9291 -12.6048 1.32435
12.78 13.9726 -12.6483 1.32435
12.8 13.7361 -12.4117 1.32435
12.82 13.5067 -12.1824 1.32436
12.84 13.4839 -12.1596 1.32435
12.86 13.429 -12.1047 1.32435
12.88 13.3396 -12.0153 1.32436
12.9 13.4336 -12.1148 1.31888
12.92 13.6051 -12.2863 1.31888
12.94 13.6591 -12.3402 1.31888
12.96 13.5877 -12.2688 1.31888
12.98 13.4655 -12.1466 1.31888
13 13.3527 -12.0284 1.32436
13.02 13.2675 -11.9541 1.3134
13.04 13.1829 -11.8695 1.3134
13.06 13.0495 -11.7361 1.3134
13.08 12.8233 -11.5154 1.30792
13.1 12.4837 -11.1758 1.30792
13.12 12.063 -10.7551 1.30792
13.14 11.6694 -10.3615 1.30792
13.16 11.434 -10.1261 1.30792
13.18 11.4073 -10.0994 1.30792
13.2 11.538 -10.2246 1.3134
13.22 11.7291 -10.4157 1.3134
13.24 11.8947 -10.5813 1.3134
13.26 11.9946 -10.6867 1.30792
13.28 12.0329 -10.7305 1.30244
13.3 12.0313 -10.7288 1.30244
13.32 12.0099 -10.6965 1.3134
13.34 11.9809 -10.6675 1.3134
13.36 11.9479 -10.6236 1.32435
13.38 11.9115 -10.5872 1.32435
13.4 11.873 -10.5541 1.31887
13.42 11.84 -10.5266 1.3134
13.44 11.8283 -10.5149 1.3134
13.46 11.8581 -10.5447 1.3134
13.48 11.9444 -10.6365 1.30792
13.5 12.0852 -10.7773 1.30792
13.52 12.2605 -10.9471 1.3134
13.54 12.4399 -11.1265 1.3134
13.56 12.5955 -11.2821 1.3134
13.58 12.7127 -11.4048 1.30792
13.6 12.7984 -11.4905 1.30792
13.62 12.8791 -11.5767 1.30244
13.64 12.9791 -11.6766 1.30244
13.66 13.0808 -11.7784 1.30244
13.68 13.1116 -11.8092 1.30244
13.7 12.9748 -11.6723 1.30244
13.72 12.6371 -11.3346 1.30244
13.74 12.2646 -10.9622 1.30244
13.76 12.1661 -10.8582 1.30792
13.78 12.3416 -11.0282 1.31339
13.8 12.3963 -11.0884 1.30791
13.82 12.072 -10.7641 1.30791
13.84 11.5885 -10.2751 1.3134
13.86 11.4051 -10.0917 1.3134
13.88 11.6505 -10.3371 1.31339
13.9 12.0283 -10.7149 1.31339
13.92 11.9736 -10.6602 1.31339
13.94 11.3367 -10.0178 1.31887
13.96 11.171 -9.85216 1.31888
13.98 12.0225 -10.7036 1.31887
14 12.8474 -11.5231 1.32435
14.02 13.203 -11.8786 1.32435
14.04 13.2778 -11.9589 1.31887
14.06 13.2125 -11.8937 1.31887
14.08 12.9919 -11.6675 1.32436
14.1 12.5653 -11.2355 1.32983
14.12 12.0744 -10.7391 1.33531
14.14 11.8823 -10.5415 1.34079
14.16 11.9817 -10.6574 1.32435
14.18 11.9489 -10.6245 1.32436
14.2 11.9989 -10.6746 1.32436
14.22 12.6169 -11.298 1.31888
14.24 13.3665 -12.0476 1.31888
14.26 13.8134 -12.4946 1.31888
14.28 14.0287 -12.7153 1.3134
14.3 14.1767 -12.8579 1.31888
14.32 14.3378 -13.0189 1.31888
14.34 14.5211 -13.2022 1.31888
14.36 14.6893 -13.3704 1.31888
14.38 14.7662 -13.4528 1.3134
14.4 14.646 -13.3326 1.3134
14.42 14.2426 -12.9292 1.3134
14.44 13.6033 -12.2844 1.31888
14.46 13.0168 -11.6979 1.31888
14.48 12.9165 -11.5976 1.31888
14.5 13.434 -12.1097 1.32435
14.52 14.0888 -12.7645 1.32435
14.54 14.3209 -12.9965 1.32435
14.56 14.2135 -12.8946 1.31887
14.58 14.293 -12.9741 1.31887
14.6 14.6112 -13.2924 1.31887
14.62 15.0773 -13.7584 1.31887
14.64 15.51 -14.1966 1.31339
14.66 15.5738 -14.2549 1.31888
14.68 15.3066 -13.9878 1.31888
14.7 14.9086 -13.5898 1.31888
14.72 14.5102 -13.1913 1.31888
14.74 14.2292 -12.9048 1.32436
14.76 14.1734 -12.8491 1.32436
14.78 14.3354 -13.011 1.32435
14.8 14.5771 -13.2528 1.32435
14.82 14.7355 -13.4112 1.32435
14.84 14.7375 -13.4131 1.32435
14.86 14.627 -13.2972 1.32984
14.88 14.3987 -13.0633 1.33531
14.9 13.9157 -12.5804 1.33531
14.92 13.5772 -12.2419 1.33532
14.94 14.1791 -12.8438 1.33531
14.96 15.0659 -13.7306 1.33531
14.98 15.3161 -13.9808 1.33531
15 15.0716 -13.7363 1.33531
15.02 14.8765 -13.5467 1.32984
15.04 15.0351 -13.7053 1.32984
15.06 15.6146 -14.2848 1.32984
15.08 16.1909 -14.861 1.32983
15.1 16.106 -14.7707 1.33531
15.12 15.21 -13.8692 1.34079
15.14 14.2034 -12.8626 1.3408
15.16 14.1186 -12.7778 1.3408
15.18 14.9666 -13.6203 1.34627
15.2 15.5519 -14.2111 1.34079
15.22 15.2722 -13.9314 1.3408
15.24 14.8288 -13.4935 1.33532
15.26 14.8868 -13.557 1.32984
15.28 15.3012 -13.9713 1.32984
15.3 15.7119 -14.3766 1.33532
15.32 15.9189 -14.5727 1.34627
15.34 15.6836 -14.3428 1.34079
15.36 14.6294 -13.2831 1.34627
15.38 13.1394 -11.7931 1.34628
15.4 13.1763 -11.8301 1.34628
15.42 14.2521 -12.9113 1.34079
15.44 14.5556 -13.2148 1.34079
15.46 14.1253 -12.7845 1.3408
15.48 13.5619 -12.2156 1.34627
15.5 13.2368 -11.8851 1.35175
15.52 13.047 -11.6953 1.35175
15.54 12.7694 -11.4177 1.35175
15.56 12.5938 -11.2421 1.35175
15.58 12.9223 -11.576 1.34627
15.6 13.6156 -12.2748 1.34079
15.62 14.1926 -12.8573 1.33532
15.64 14.5641 -13.2288 1.33532
15.66 14.8909 -13.5611 1.32984
15.68 15.1657 -13.8359 1.32983
15.7 15.1468 -13.8279 1.31888
15.72 14.5473 -13.2284 1.31888
15.74 13.3132 -11.9943 1.31888
15.76 12.0312 -10.7069 1.32436
15.78 11.7973 -10.4675 1.32984
15.8 12.7672 -11.4318 1.33531
15.82 13.7439 -12.4086 1.33531
15.84 13.9904 -12.6551 1.33531
15.86 13.6248 -12.2895 1.33532
15.88 13.1512 -11.8214 1.32984
15.9 13.0899 -11.7601 1.32984
15.92 13.3509 -12.021 1.32984
15.94 13.4253 -12.0955 1.32984
15.96 13.0716 -11.7417 1.32984
15.98 12.4591 -11.1292 1.32984
16 11.8357 -10.5059 1.32984
16.02 11.3206 -9.99071 1.32984
16.04 11.4081 -10.0837 1.32436
16.06 12.0337 -10.7093 1.32435
16.08 12.7203 -11.396 1.32435
16.1 13.3886 -12.0643 1.32435
16.12 13.7516 -12.4328 1.31887
16.14 13.5161 -12.1972 1.31887
16.16 12.5743 -11.2555 1.31888
16.18 10.993 -9.67959 1.3134
16.2 9.18347 -7.87007 1.3134
16.22 8.70089 -7.382 1.31888
16.24 10.6947 -9.37583 1.31888
16.26 12.7688 -11.4554 1.31339
16.28 13.7282 -12.4148 1.3134
16.3 13.9837 -12.6703 1.3134
16.32 13.9525 -12.6391 1.3134
16.34 13.8325 -12.5136 1.31888
16.36 13.6633 -12.3334 1.32984
16.38 13.3497 -12.0198 1.32984
16.4 12.6685 -11.3442 1.32435
16.42 11.4644 -10.1401 1.32436
16.44 10.4517 -9.12734 1.32436
16.46 11.1083 -9.78398 1.32436
16.48 12.6844 -11.3656 1.31888
16.5 13.6577 -12.3498 1.30792
16.52 13.934 -12.6261 1.30792
16.54 13.7226 -12.4201 1.30244
16.56 12.9588 -11.6618 1.29696
16.58 11.5818 -10.2793 1.30244
16.6 10.2692 -8.96129 1.30792
16.62 10.0756 -8.76766 1.30792
16.64 10.8148 -9.50137 1.3134
16.66 11.7875 -10.4741 1.3134
16.68 12.6423 -11.3344 1.30792
16.7 13.0601 -11.7522 1.30792
16.72 12.8369 -11.5345 1.30244
16.74 11.937 -10.6346 1.30244
16.76 10.9598 -9.65734 1.30244
16.78 11.0149 -9.71249 1.30244
16.8 11.744 -10.4415 1.30244
16.82 12.2282 -10.9258 1.30244
16.84 12.3864 -11.0785 1.30792
16.86 12.3921 -11.0897 1.30244
16.88 12.3312 -11.0288 1.30244
16.9 12.2258 -10.9288 1.29696
16.92 12.1167 -10.8198 1.29696
16.94 12.1208 -10.8238 1.29696
16.96 12.3409 -11.0384 1.30244
16.98 12.6224 -11.3254 1.29696
17 12.5065 -11.215 1.29148
17.02 11.6497 -10.3472 1.30244
17.04 10.6375 -9.33503 1.30244
17.06 10.4914 -9.18897 1.30244
17.08 10.8249 -9.52243 1.30243
17.1 10.8067 -9.50427 1.30243
17.12 10.3897 -9.08178 1.30792
17.14 10.2237 -8.91578 1.30792
17.16 11.0209 -9.7075 1.3134
17.18 12.029 -10.7101 1.31887
17.2 12.4812 -11.1623 1.31887
17.22 12.4905 -11.1716 1.31888
17.24 12.3412 -11.0168 1.32435
17.26 12.2042 -10.8799 1.32435
17.28 12.1432 -10.8244 1.31887
17.3 12.1444 -10.831 1.31339
17.32 12.1386 -10.8252 1.31339
17.34 12.0125 -10.6991 1.31339
17.36 11.6483 -10.3349 1.31339
17.38 11.1363 -9.82841 1.30792
17.4 10.9806 -9.67814 1.30244
17.42 11.412 -10.1096 1.30244
17.44 11.8512 -10.5433 1.30791
17.46 11.8327 -10.5248 1.30791
17.48 11.4992 -10.1913 1.30792
17.5 11.3371 -10.0292 1.30792
17.52 11.4583 -10.1558 1.30243
17.54 11.4716 -10.1746 1.29695
17.56 11.3369 -10.0344 1.30243
17.58 11.4332 -10.1308 1.30243
17.6 11.7828 -10.4694 1.31339
17.62 12.1034 -10.7955 1.30791
17.64 12.28 -10.9721 1.30791
17.66 12.313 -11.0051 1.30791
17.68 12.233 -10.9251 1.30791
17.7 12.1172 -10.8038 1.31339
17.72 12.0665 -10.7367 1.32983
17.74 12.1422 -10.8123 1.32983
17.76 12.319 -10.9892 1.32983
17.78 12.4959 -11.1661 1.32983
17.8 12.5425 -11.2126 1.32983
17.82 12.3316 -11.0018 1.32983
17.84 11.8181 -10.4882 1.32983
17.86 11.2717 -9.94188 1.32984
17.88 11.2754 -9.94556 1.32983
17.9 11.8857 -10.5449 1.34079
17.92 12.4987 -11.1525 1.34627
17.94 12.7255 -11.3847 1.34079
17.96 12.5181 -11.1773 1.34079
17.98 11.9797 -10.6389 1.34079
18 11.4225 -10.0818 1.34079
18.02 11.2446 -9.89835 1.34627
18.04 11.2931 -9.94682 1.34627
18.06 11.0071 -9.66626 1.34079
18.08 10.5117 -9.17095 1.34079
18.1 10.6101 -9.26388 1.34627
18.12 11.1091 -9.76832 1.34079
18.14 11.2578 -9.91701 1.34079
18.16 11.0159 -9.67508 1.34079
18.18 10.7526 -9.41184 1.34079
18.2 10.7754 -9.4456 1.32984
18.22 11.0246 -9.69472 1.32983
18.24 11.2332 -9.90882 1.32436
18.26 11.283 -9.95864 1.32436
18.28 11.2152 -9.88535 1.32984
18.3 11.1062 -9.7764 1.32984
18.32 11.0124 -9.68259 1.32984
18.34 10.9666 -9.63676 1.32984
18.36 10.9863 -9.65102 1.33532
18.38 11.0801 -9.75578 1.32436
18.4 11.248 -9.92912 1.31888
18.42 11.4772 -10.1583 1.31888
18.44 11.7274 -10.4085 1.31888
18.46 11.9031 -10.5843 1.31888
18.48 11.828 -10.5091 1.31888
18.5 11.3297 -10.0053 1.32435
18.52 10.5444 -9.22001 1.32436
18.54 9.89441 -8.57006 1.32435
18.56 9.89133 -8.56697 1.32436
18.58 11.1002 -9.77038 1.32983
18.6 12.4796 -11.1498 1.32983
18.62 13.0497 -11.7198 1.32983
18.64 12.81 -11.4747 1.33531
18.66 11.8154 -10.4856 1.32983
18.68 10.3691 -9.03927 1.32983
18.7 9.89955 -8.56972 1.32983
18.72 10.9539 -9.6241 1.32983
18.74 11.9598 -10.6355 1.32435
18.76 12.2967 -10.9778 1.31887
18.78 12.2351 -10.9217 1.31339
18.8 12.0383 -10.7249 1.31339
18.82 11.8315 -10.5181 1.31339
18.84 11.6578 -10.3389 1.31887
18.86 11.5188 -10.2055 1.31339
18.88 11.3874 -10.074 1.31339
18.9 11.1968 -9.88341 1.31339
18.92 10.7926 -9.48466 1.30791
18.94 9.92404 -8.61613 1.30791
18.96 8.81981 -7.5119 1.30792
18.98 8.9096 -7.59072 1.31888
19 10.2031 -8.88428 1.31887
19.02 11.1785 -9.86507 1.31339
19.04 11.5625 -10.2491 1.3134
19.06 11.6557 -10.3369 1.31888
19.08 11.6611 -10.3422 1.31888
19.1 11.671 -10.3522 1.31888
19.12 11.7364 -10.412 1.32436
19.14 11.8898 -10.5655 1.32436
19.16 12.1286 -10.8043 1.32436
19.18 12.3711 -11.0468 1.32436
19.2 12.4092 -11.0684 1.34079
19.22 11.8932 -10.5524 1.34079
19.24 10.6178 -9.277 1.34079
19.26 9.43058 -8.08979 1.34079
19.28 9.57687 -8.24156 1.33531
19.3 10.4794 -9.14408 1.33531
19.32 11.214 -9.87869 1.33531
19.34 11.4799 -10.1391 1.34079
19.36 11.4237 -10.0829 1.34079
19.38 11.349 -10.0082 1.34079
19.4 11.2681 -9.92732 1.34079
19.42 11.0165 -9.6812 1.33531
19.44 10.6415 -9.31165 1.32984
19.46 10.4967 -9.16684 1.32984
19.48 10.816 -9.48073 1.33532
19.5 11.2968 -9.96701 1.32983
19.52 11.571 -10.2467 1.32435
19.54 11.5784 -10.254 1.32435
19.56 11.4445 -10.1201 1.32436
19.58 11.3414 -10.017 1.32436
19.6 11.3766 -10.0523 1.32436
19.62 11.5157 -10.1913 1.32436
19.64 11.6434 -10.319 1.32436
19.66 11.669 -10.3446 1.32436
19.68 11.5528 -10.223 1.32983
19.7 11.2969 -9.97259 1.32436
19.72 10.9731 -9.64877 1.32436
19.74 10.7572 -9.41641 1.34079
19.76 10.8389 -9.49812 1.34079
19.78 11.2193 -9.87849 1.34079
19.8 11.7018 -10.361 1.34079
19.82 12.0857 -10.734 1.35175
19.84 12.2576 -10.9058 1.35175
19.86 12.1544 -10.8027 1.35175
19.88 11.7583 -10.4065 1.35175
19.9 11.2009 -9.84369 1.35723
19.92 10.8315 -9.47425 1.35723
19.94 10.9306 -9.56787 1.36271
19.96 11.3666 -10.0039 1.36271
19.98 11.8183 -10.4501 1.36819
20 12.1244 -10.7507 1.37367
20.02 12.2859 -10.9123 1.37367
20.04 12.3364 -10.9627 1.37367
20.06 12.2605 -10.8923 1.36819
20.08 11.975 -10.6123 1.36271
20.1 11.4181 -10.0554 1.36271
20.12 10.8394 -9.47671 1.36271
20.14 10.7766 -9.4084 1.36819
20.16 11.1898 -9.82162 1.36819
20.18 11.5549 -10.1868 1.36819
20.2 11.7086 -10.3459 1.36271
20.22 11.7744 -10.4117 1.36271
20.24 11.8463 -10.4836 1.36271
20.26 11.9119 -10.5492 1.36271
20.28 11.8994 -10.5422 1.35723
20.3 11.7317 -10.3744 1.35723
20.32 11.3872 -10.0245 1.36271
20.34 11.0051 -9.63695 1.36819
20.36 10.8574 -9.48926 1.36819
20.38 11.0274 -9.66471 1.36271
20.4 11.3162 -9.95351 1.36271
20.42 11.5473 -10.1901 1.35723
20.44 11.6783 -10.3211 1.35723
20.46 11.7258 -10.3741 1.35175
20.48 11.7193 -10.3621 1.35723
20.5 11.6891 -10.3318 1.35723
20.52 11.6588 -10.2961 1.36271
20.54 11.641 -10.2783 1.36271
20.56 11.6403 -10.2776 1.36271
20.58 11.6572 -10.2945 1.36271
20.6 11.6915 -10.3288 1.36271
20.62 11.743 -10.3858 1.35723
20.64 11.811 -10.4537 1.35723
20.66 11.895 -10.5432 1.35175
20.68 11.9925 -10.6408 1.35175
20.7 12.1022 -10.7669 1.33532
20.72 12.2212 -10.9023 1.31888
20.74 12.3473 -11.0229 1.32436
20.76 12.485 -11.1552 1.32984
20.78 12.6469 -11.317 1.32984
20.8 12.8286 -11.4988 1.32984
20.82 12.9858 -11.656 1.32984
20.84 13.1041 -11.7743 1.32984
20.86 13.2962 -11.9609 1.33532
20.88 13.6543 -12.319 1.33532
20.9 14.0391 -12.7038 1.33532
20.92 14.2466 -12.9058 1.3408
20.94 14.1982 -12.8574 1.3408
20.96 13.8609 -12.5146 1.34628
20.98 13.2371 -11.8909 1.34628
21 12.7221 -11.3758 1.34628
21.02 13.0038 -11.6521 1.35176
21.04 13.9237 -12.5775 1.34628
21.06 14.7532 -13.4124 1.3408
21.08 15.166 -13.8252 1.3408
21.1 15.169 -13.8337 1.33532
21.12 14.9172 -13.5819 1.33532
21.14 14.719 -13.3892 1.32984
21.16 14.7916 -13.4672 1.32436
21.18 14.9316 -13.6127 1.31888
21.2 14.802 -13.4832 1.31888
21.22 14.4115 -13.0926 1.31888
21.24 14.2118 -12.8929 1.31888
21.26 14.4472 -13.1283 1.31888
21.28 14.7808 -13.4674 1.3134
21.3 15.0052 -13.6864 1.31888
21.32 15.2073 -13.8829 1.32436
21.34 15.4439 -14.1196 1.32436
21.36 15.6518 -14.3329 1.31888
21.38 15.7122 -14.3933 1.31888
21.4 15.4948 -14.1759 1.31888
21.42 14.9475 -13.6286 1.31888
21.44 14.3329 -13.0195 1.3134
21.46 14.1121 -12.7987 1.3134
21.48 14.2311 -12.9122 1.31888
21.5 14.3674 -13.043 1.32436
21.52 14.5497 -13.2254 1.32436
21.54 14.8169 -13.498 1.31888
21.56 14.9469 -13.628 1.31888
21.58 14.8316 -13.5182 1.3134
21.6 14.6675 -13.3651 1.30244
21.62 14.5648 -13.2624 1.30244
21.64 14.462 -13.1596 1.30244
21.66 14.3444 -13.0419 1.30244
21.68 14.1928 -12.8849 1.30792
21.7 14.0544 -12.7464 1.30792
21.72 14.1024 -12.7945 1.30792
21.74 14.3731 -13.0652 1.30792
21.76 14.6658 -13.3579 1.30792
21.78 14.7587 -13.4507 1.30792
21.8 14.5326 -13.2138 1.31888
21.82 13.9537 -12.6348 1.31888
21.84 13.065 -11.7516 1.3134
21.86 12.1123 -10.7989 1.3134
21.88 11.9249 -10.6115 1.3134
21.9 12.8174 -11.5095 1.30792
21.92 13.6754 -12.362 1.3134
21.94 14.0007 -12.6763 1.32436
21.96 14.0659 -12.747 1.31888
21.98 14.1452 -12.8208 1.32436
22 14.3208 -12.9964 1.32436
22.02 14.5475 -13.2341 1.3134
22.04 14.7347 -13.4213 1.3134
22.06 14.7821 -13.4742 1.30792
22.08 14.617 -13.3145 1.30244
22.1 14.2715 -12.9635 1.30792
22.12 13.9277 -12.6197 1.30792
22.14 13.7998 -12.5028 1.29696
22.16 13.9632 -12.6662 1.29696
22.18 14.1537 -12.8568 1.29696
22.2 13.9398 -12.6538 1.286
22.22 14.0603 -12.7743 1.286
22.24 15.2212 -13.9407 1.28052
22.26 16.0131 -14.7325 1.28052
22.28 15.5798 -14.3047 1.27504
22.3 14.1326 -12.8575 1.27504
22.32 13.1544 -11.8793 1.27505
22.34 13.8619 -12.5814 1.28052
22.36 14.8885 -13.6079 1.28052
22.38 15.2526 -13.9666 1.286
22.4 15.3373 -14.0513 1.286
22.42 15.5219 -14.2359 1.286
22.44 15.5584 -14.2724 1.286
22.46 15.104 -13.818 1.286
22.48 14.2218 -12.9248 1.29696
22.5 13.4859 -12.1945 1.29148
22.52 13.391 -12.0995 1.29148
22.54 13.5685 -12.277 1.29148
22.56 14.0174 -12.7205 1.29696
22.58 14.9035 -13.6065 1.29696
22.6 15.4129 -14.1269 1.286
22.62 15.3193 -14.0333 1.286
22.64 14.7485 -13.457 1.29148
22.66 13.6671 -12.3647 1.30244
22.68 12.2796 -10.9772 1.30244
22.7 11.2962 -9.99372 1.30244
22.72 11.2701 -9.97316 1.29696
22.74 11.9447 -10.6423 1.30244
22.76 12.8604 -11.5634 1.29696
22.78 13.5072 -12.1993 1.30792
22.8 13.5852 -12.2773 1.30792
22.82 13.2883 -11.9804 1.30792
22.84 12.9051 -11.5971 1.30792
22.86 12.5309 -11.234 1.29696
22.88 12.2844 -10.9764 1.30792
22.9 12.341 -11.044 1.29696
22.92 12.5937 -11.2913 1.30244
22.94 12.7977 -11.4953 1.30244
22.96 12.8769 -11.569 1.30792
22.98 12.8809 -11.573 1.30792
23 12.8647 -11.5567 1.30792
23.02 12.8435 -11.5356 1.30792
23.04 12.7863 -11.4784 1.30792
23.06 12.6257 -11.3178 1.30792
23.08 12.3241 -11.0271 1.29696
23.1 12.0158 -10.7134 1.30244
23.12 11.9421 -10.6396 1.30244
23.14 11.9883 -10.6858 1.30244
23.16 11.7807 -10.4783 1.30244
23.18 11.5245 -10.2275 1.29696
23.2 11.8555 -10.5585 1.29696
23.22 12.5958 -11.2988 1.29696
23.24 13.1947 -11.8978 1.29696
23.26 13.5535 -12.2565 1.29696
23.28 13.7747 -12.4778 1.29696
23.3 13.9184 -12.6215 1.29696
23.32 13.9819 -12.6794 1.30244
23.34 13.9347 -12.6268 1.30792
23.36 13.7646 -12.4567 1.30792
23.38 13.5182 -12.2157 1.30244
23.4 13.2651 -11.9627 1.30244
23.42 12.9807 -11.6837 1.29696
23.44 12.5076 -11.2106 1.29696
23.46 11.8748 -10.5778 1.29696
23.48 11.6209 -10.324 1.29696
23.5 11.8547 -10.5687 1.286
23.52 11.9446 -10.6586 1.286
23.54 11.5586 -10.2671 1.29148
23.56 11.4767 -10.1852 1.29148
23.58 12.2684 -10.9714 1.29696
23.6 12.7376 -11.4407 1.29696
23.62 12.7766 -11.4797 1.29696
23.64 13.0178 -11.7264 1.29148
23.66 13.3485 -12.0625 1.286
23.68 13.4781 -12.1866 1.29148
23.7 13.415 -12.1126 1.30244
23.72 13.2716 -11.9692 1.30244
23.74 13.1271 -11.8247 1.30244
23.76 13.0169 -11.709 1.30792
23.78 12.9482 -11.6293 1.31888
23.8 12.909 -11.5902 1.31888
23.82 12.8734 -11.5545 1.31888
23.84 12.8054 -11.492 1.3134
23.86 12.6726 -11.3592 1.3134
23.88 12.4778 -11.1698 1.30792
23.9 12.2876 -10.9797 1.30792
23.92 12.2128 -10.9103 1.30244
23.94 12.3305 -11.0281 1.30244
23.96 12.6278 -11.3364 1.29148
23.98 13.0266 -11.7351 1.29148
24 13.4357 -12.1442 1.29148
24.02 13.7587 -12.4617 1.29696
24.04 13.9294 -12.6324 1.29696
24.06 14.0409 -12.7439 1.29696
24.08 14.3519 -13.0605 1.29148
24.1 14.9546 -13.6631 1.29148
24.12 15.6134 -14.3165 1.29696
24.14 16.0904 -14.7989 1.29148
24.16 16.3504 -15.0644 1.286
24.18 16.5258 -15.2398 1.286
24.2 16.7688 -15.4828 1.286
24.22 16.9673 -15.6758 1.29148
24.24 16.6517 -15.3602 1.29148
24.26 15.6023 -14.3054 1.29696
24.28 14.9577 -13.6608 1.29696
24.3 15.6305 -14.339 1.29148
24.32 16.5335 -15.2475 1.286
24.34 17.1488 -15.8683 1.28052
24.36 17.3629 -16.0824 1.28052
24.38 17.1673 -15.8923 1.27504
24.4 17.1248 -15.8498 1.27504
24.42 17.1205 -15.851 1.26956
24.44 16.3199 -15.0504 1.26956
24.46 15.5052 -14.2356 1.26956
24.48 16.38 -15.0995 1.28052
24.5 17.7949 -16.5144 1.28052
24.52 18.2534 -16.9674 1.286
24.54 17.8615 -16.5755 1.286
24.56 17.2679 -15.9874 1.28052
24.58 16.8241 -15.5381 1.286
24.6 16.4848 -15.2042 1.28052
24.62 16.2903 -15.0098 1.28052
24.64 16.2289 -14.9374 1.29148
24.66 15.6112 -14.3252 1.286
24.68 14.0352 -12.7437 1.29148
24.7 14.3558 -13.0643 1.29148
24.72 16.3724 -15.081 1.29148
24.74 17.068 -15.771 1.29696
24.76 16.4948 -15.1978 1.29696
24.78 15.3038 -14.0014 1.30244
24.8 14.5569 -13.26 1.29696
24.82 14.8615 -13.5645 1.29696
24.84 15.2423 -13.9454 1.29696
24.86 15.0557 -13.7533 1.30244
24.88 14.4973 -13.2003 1.29696
24.9 13.9604 -12.6634 1.29696
24.92 13.7399 -12.4429 1.29696
24.94 13.8385 -12.5415 1.29696
24.96 13.9623 -12.6654 1.29696
24.98 13.9005 -12.6035 1.29696
25 13.7528 -12.4614 1.29148
25.02 13.7037 -12.4122 1.29148
25.04 13.7436 -12.4521 1.29148
25.06 13.7512 -12.4597 1.29148
25.08 13.6743 -12.3774 1.29696
25.1 13.5376 -12.2407 1.29696
25.12 13.3806 -12.0946 1.286
25.14 13.228 -11.9366 1.29148
25.16 13.0872 -11.7957 1.29148
25.18 12.9549 -11.6634 1.29148
25.2 12.8268 -11.5353 1.29148
25.22 12.7132 -11.4162 1.29696
25.24 12.6563 -11.3593 1.29696
25.26 12.7226 -11.4201 1.30244
25.28 12.9519 -11.644 1.30792
25.3 13.3003 -11.9978 1.30244
25.32 13.6545 -12.352 1.30244
25.34 13.8803 -12.5778 1.30244
25.36 13.8718 -12.5693 1.30244
25.38 13.6999 -12.3975 1.30244
25.4 13.7728 -12.4758 1.29696
25.42 14.3321 -13.0352 1.29696
25.44 14.8577 -13.5607 1.29696
25.46 14.6769 -13.38 1.29696
25.48 13.6856 -12.3831 1.30244
25.5 12.8467 -11.5443 1.30244
25.52 13.7254 -12.4229 1.30244
25.54 15.6636 -14.3611 1.30244
25.56 16.9412 -15.6333 1.30792
25.58 17.4431 -16.1243 1.31888
25.6 17.5359 -16.217 1.31888
25.62 17.3973 -16.0894 1.30792
25.64 16.9785 -15.6651 1.3134
25.66 16.195 -14.8816 1.3134
25.68 15.3419 -14.0176 1.32436
25.7 15.0627 -13.7383 1.32436
25.72 15.7228 -14.4039 1.31888
25.74 16.6294 -15.3106 1.31888
25.76 16.8194 -15.5005 1.31888
25.78 16.5247 -15.2113 1.3134
25.8 16.6278 -15.3089 1.31888
25.82 16.9443 -15.6309 1.3134
25.84 16.4341 -15.1207 1.3134
25.86 15.2258 -13.9069 1.31888
25.88 15.3399 -14.021 1.31888
25.9 16.4568 -15.1434 1.3134
25.92 16.9109 -15.5975 1.3134
25.94 16.75 -15.4311 1.31888
25.96 16.4304 -15.1115 1.31888
25.98 16.2296 -14.9162 1.3134
26 16.2124 -14.9044 1.30792
26.02 16.2802 -14.9668 1.3134
26.04 16.3186 -15.0052 1.3134
26.06 16.2834 -14.9646 1.31888
26.08 16.1848 -14.8605 1.32436
26.1 16.0522 -14.7333 1.31888
26.12 15.9224 -14.598 1.32436
26.14 15.8382 -14.5139 1.32436
26.16 15.8311 -14.5068 1.32436
26.18 15.8852 -14.5718 1.3134
26.2 15.9214 -14.608 1.3134
26.22 15.8408 -14.5274 1.3134
26.24 15.6497 -14.3309 1.31888
26.26 15.5831 -14.2642 1.31888
26.28 15.8805 -14.5616 1.31888
26.3 16.3711 -15.0522 1.31888
26.32 16.6675 -15.3541 1.3134
26.34 16.4725 -15.1536 1.31888
26.36 15.5645 -14.2456 1.31888
26.38 14.272 -12.9531 1.31888
26.4 13.9324 -12.6136 1.31888
26.42 14.6025 -13.2837 1.31888
26.44 15.1121 -13.7987 1.3134
26.46 15.258 -13.9556 1.30244
26.48 15.2909 -13.9995 1.29148
26.5 15.3403 -14.0543 1.286
26.52 15.2939 -14.0134 1.28052
26.54 15.021 -13.7405 1.28052
26.56 14.6813 -13.3953 1.286
26.58 14.582 -13.296 1.286
26.6 14.7163 -13.4412 1.27504
26.62 14.834 -13.5644 1.26956
26.64 14.815 -13.54 1.27504
26.66 14.6917 -13.4112 1.28052
26.68 14.5289 -13.2429 1.286
26.7 14.3708 -13.0903 1.28052
26.72 14.2328 -12.9523 1.28052
26.74 14.108 -12.8275 1.28052
26.76 13.9776 -12.6971 1.28052
26.78 13.8297 -12.5492 1.28052
26.8 13.6811 -12.3951 1.286
26.82 13.5809 -12.2949 1.286
26.84 13.5823 -12.2853 1.29696
26.86 13.7009 -12.3984 1.30244
26.88 13.9117 -12.6092 1.30244
26.9 14.1761 -12.8736 1.30244
26.92 14.4628 -13.1658 1.29696
26.94 14.7511 -13.4542 1.29696
26.96 15.0239 -13.727 1.29696
26.98 15.253 -13.9561 1.29696
27 15.3878 -14.0909 1.29696
27.02 15.3623 -14.0653 1.29696
27.04 15.1577 -13.8717 1.286
27.06 14.9041 -13.6127 1.29148
27.08 14.804 -13.5125 1.29148
27.1 14.8621 -13.5706 1.29148
27.12 14.9819 -13.7013 1.28052
27.14 15.1906 -13.9046 1.286
27.16 15.2284 -13.9424 1.286
27.18 14.6126 -13.3266 1.286
27.2 14.306 -13.02 1.286
27.22 15.482 -14.1905 1.29148
27.24 16.6594 -15.3679 1.29148
27.26 17.0851 -15.7936 1.29148
27.28 17.099 -15.813 1.286
27.3 16.9975 -15.7169 1.28052
27.32 16.8771 -15.5911 1.286
27.34 16.721 -15.435 1.286
27.36 16.5172 -15.2258 1.29148
27.38 16.3707 -15.0793 1.29148
27.4 16.4402 -15.1488 1.29148
27.42 16.6329 -15.3305 1.30244
27.44 16.6087 -15.3062 1.30244
27.46 16.2327 -14.9303 1.30244
27.48 15.756 -14.4535 1.30244
27.5 15.5773 -14.2693 1.30792
27.52 15.9115 -14.6036 1.30792
27.54 16.6334 -15.32 1.3134
27.56 17.3997 -16.0863 1.3134
27.58 17.924 -16.6216 1.30244
27.6 18.0908 -16.7938 1.29696
27.62 17.9001 -16.5976 1.30244
27.64 17.4254 -16.1339 1.29148
27.66 16.827 -15.5355 1.29148
27.68 16.2637 -14.9777 1.286
27.7 15.7381 -14.4521 1.286
27.72 15.2567 -13.9707 1.286
27.74 15.0765 -13.785 1.29148
27.76 15.3124 -14.0264 1.286
27.78 15.701 -14.415 1.286
27.8 16.0978 -14.8118 1.286
27.82 16.5111 -15.2251 1.286
27.84 16.8284 -15.5424 1.286
27.86 16.9069 -15.6209 1.286
27.88 16.7103 -15.4243 1.286
27.9 16.3194 -15.0334 1.286
27.92 15.9131 -14.6271 1.286
27.94 15.6461 -14.3601 1.286
27.96 15.4818 -14.1958 1.286
27.98 15.2803 -13.9888 1.29148
28 15.0205 -13.7345 1.286
28.02 14.8249 -13.5389 1.286
28.04 14.7983 -13.5178 1.28052
28.06 14.9234 -13.6429 1.28052
28.08 15.1262 -13.8347 1.29148
28.1 15.3467 -14.0607 1.286
28.12 15.5419 -14.2504 1.29148
28.14 15.6863 -14.3949 1.29148
28.16 15.7731 -14.4652 1.30792
28.18 15.8048 -14.4969 1.30792
28.2 15.7814 -14.479 1.30244
28.22 15.6911 -14.3887 1.30244
28.24 15.4921 -14.1952 1.29696
28.26 15.107 -13.81 1.29696
28.28 14.4999 -13.203 1.29696
28.3 13.8489 -12.5519 1.29696
28.32 13.5464 -12.2495 1.29696
28.34 13.8235 -12.5266 1.29696
28.36 14.4736 -13.1766 1.29696
28.38 15.0603 -13.7469 1.3134
28.4 15.3587 -14.0453 1.3134
28.42 15.5405 -14.2216 1.31888
28.44 15.8598 -14.5409 1.31888
28.46 16.272 -14.9531 1.31888
28.48 16.6002 -15.2868 1.3134
28.5 16.8038 -15.4958 1.30792
28.52 16.9329 -15.625 1.30792
28.54 17.0021 -15.6887 1.3134
28.56 16.9716 -15.6582 1.3134
28.58 16.8664 -15.553 1.3134
28.6 16.8806 -15.5727 1.30792
28.62 17.1204 -15.8125 1.30792
28.64 17.1552 -15.8418 1.3134
28.66 16.1864 -14.873 1.3134
28.68 14.6495 -13.3415 1.30792
28.7 15.1421 -13.8287 1.3134
28.72 16.8331 -15.5142 1.31888
28.74 17.5785 -16.2541 1.32436
28.76 17.3681 -16.0438 1.32436
28.78 16.7612 -15.4423 1.31888
28.8 16.154 -14.8297 1.32436
28.82 15.7266 -14.4022 1.32435
28.84 14.664 -13.3451 1.31888
28.86 14.6805 -13.3616 1.31888
28.88 16.4316 -15.1182 1.3134
28.9 17.1184 -15.805 1.3134
28.92 16.9701 -15.6567 1.3134
28.94 16.6874 -15.374 1.3134
28.96 16.4619 -15.154 1.30792
28.98 16.3094 -15.0015 1.30792
29 16.231 -14.9231 1.30792
29.02 16.2149 -14.9125 1.30244
29.04 16.1855 -14.8831 1.30244
29.06 15.9211 -14.6186 1.30244
29.08 15.0564 -13.7485 1.30792
29.1 13.8306 -12.5392 1.29148
29.12 13.7494 -12.4525 1.29696
29.14 14.5988 -13.2964 1.30244
29.16 15.1861 -13.8836 1.30244
29.18 15.6392 -14.3313 1.30792
29.2 16.0282 -14.7203 1.30792
29.22 16.1544 -14.841 1.3134
29.24 15.9213 -14.6079 1.3134
29.26 15.3525 -14.0391 1.3134
29.28 14.6118 -13.3039 1.30792
29.3 14.0178 -12.7099 1.30792
29.32 13.8936 -12.5912 1.30244
29.34 14.3797 -13.0882 1.29148
29.36 15.2917 -14.0003 1.29148
29.38 16.1709 -14.8849 1.286
29.4 16.6896 -15.4036 1.286
29.42 16.7162 -15.4357 1.28052
29.44 16.077 -14.8075 1.26956
29.46 14.9343 -13.6811 1.25312
29.48 14.5984 -13.3452 1.25313
29.5 15.0617 -13.8085 1.25312
29.52 14.2463 -12.9986 1.24764
29.54 12.9789 -11.7312 1.24765
29.56 14.4246 -13.1825 1.24216
29.58 16.2711 -15.0344 1.23668
29.6 17.0187 -15.782 1.23668
29.62 17.2211 -15.9844 1.23668
29.64 17.2147 -15.978 1.23668
29.66 17.0677 -15.831 1.23668
29.68 16.8878 -15.6511 1.23668
29.7 16.9978 -15.7666 1.23121
29.72 17.5469 -16.3157 1.2312
29.74 18.1393 -16.9081 1.2312
29.76 18.425 -17.1883 1.23668
29.78 18.491 -17.2379 1.25312
29.8 18.3928 -17.1342 1.2586
29.82 17.9283 -16.6697 1.2586
29.84 17.3149 -16.0673 1.24764
29.86 17.1155 -15.8624 1.25312
29.88 17.1907 -15.9376 1.25312
29.9 17.5646 -16.306 1.2586
29.92 18.4697 -17.2111 1.2586
29.94 19.1175 -17.8589 1.2586
29.96 19.1374 -17.8843 1.25312
29.98 18.6281 -17.3585 1.26956
30 17.5155 -16.2623 1.25312
30.02 15.976 -14.7283 1.24764
30.04 15.1445 -13.8969 1.24764
30.06 15.3655 -14.1234 1.24216
30.08 15.7353 -14.4931 1.24216
30.1 15.9553 -14.7131 1.24216
30.12 16.0684 -14.8262 1.24216
30.14 16.1064 -14.8697 1.23668
30.16 16.1292 -14.898 1.2312
30.18 16.2296 -14.9984 1.2312
30.2 16.4511 -15.2254 1.22572
30.22 16.7874 -15.5616 1.22572
30.24 17.2215 -15.9958 1.22572
30.26 17.6875 -16.4672 1.22024
30.28 18.0697 -16.8495 1.22024
30.3 18.2386 -17.0184 1.22024
30.32 18.0721 -16.8464 1.22572
30.34 17.5696 -16.3439 1.22572
30.36 17.0988 -15.8731 1.22572
30.38 17.3005 -16.0748 1.22572
30.4 18.0747 -16.849 1.22572
30.42 18.5304 -17.3047 1.22572
30.44 18.4493 -17.2235 1.22572
30.46 17.9577 -16.743 1.21476
30.48 16.7975 -15.5718 1.22572
30.5 15.5109 -14.2906 1.22024
30.52 14.4351 -13.2094 1.22572
30.54 14.6027 -13.3715 1.2312
30.56 15.5655 -14.3343 1.2312
30.58 15.875 -14.6438 1.2312
30.6 16.2266 -14.9954 1.2312
30.62 17.2141 -15.9829 1.2312
30.64 18.0765 -16.8398 1.23668
30.66 18.3998 -17.1687 1.2312
30.68 18.143 -16.9118 1.2312
30.7 17.505 -16.2738 1.2312
30.72 16.9923 -15.7666 1.22572
30.74 16.9047 -15.679 1.22572
30.76 17.0154 -15.7952 1.22024
30.78 17.0265 -15.8117 1.21476
30.8 16.8874 -15.6781 1.20928
30.82 16.682 -15.4727 1.20928
30.84 16.4862 -15.277 1.20928
30.86 16.327 -15.1178 1.20928
30.88 16.1954 -14.9861 1.20928
30.9 16.0689 -14.8651 1.2038
30.92 15.9275 -14.7291 1.19832
30.94 15.7648 -14.572 1.19284
30.96 15.598 -14.4052 1.19284
30.98 15.4703 -14.272 1.19832
31 15.4398 -14.236 1.2038
31.02 15.5398 -14.3305 1.20928
31.04 15.6988 -14.4785 1.22024
31.06 15.6985 -14.4728 1.22572
31.08 15.3738 -14.1426 1.2312
31.1 14.8432 -13.6065 1.23668
31.12 14.2081 -12.9714 1.23668
31.14 13.7764 -12.5398 1.23668
31.16 14.304 -13.0618 1.24216
31.18 15.5439 -14.2963 1.24763
31.2 16.5984 -15.3562 1.24215
31.22 17.1601 -15.9289 1.2312
31.24 17.3321 -16.1009 1.2312
31.26 17.2401 -16.009 1.2312
31.28 16.9202 -15.6835 1.23668
31.3 16.3788 -15.1422 1.23668
31.32 15.8093 -14.5726 1.23668
31.34 15.6256 -14.3835 1.24216
31.36 15.879 -14.6369 1.24216
31.38 16.1319 -14.8898 1.24216
31.4 16.1393 -14.8916 1.24764
31.42 16.0145 -14.7669 1.24764
31.44 15.9279 -14.6747 1.25312
31.46 15.9214 -14.6628 1.25859
31.48 15.9092 -14.6506 1.25859
31.5 15.7635 -14.4995 1.26407
31.52 15.4649 -14.2008 1.26407
31.54 15.1333 -13.8637 1.26955
31.56 14.9088 -13.6338 1.27503
31.58 14.8448 -13.5753 1.26955
31.6 14.9192 -13.6497 1.26955
31.62 15.0793 -13.8097 1.26955
31.64 15.2661 -13.9965 1.26955
31.66 15.4382 -14.1741 1.26407
31.68 15.5858 -14.3217 1.26407
31.7 15.723 -14.4589 1.26407
31.72 15.8636 -14.5995 1.26407
31.74 15.9862 -14.7221 1.26407
31.76 16.0013 -14.7373 1.26407
31.78 15.7694 -14.5053 1.26407
31.8 15.305 -14.0354 1.26955
31.82 15.0419 -13.7723 1.26955
31.84 15.3067 -14.0262 1.28051
31.86 15.6682 -14.3877 1.28051
31.88 15.5792 -14.2987 1.28051
31.9 14.8951 -13.62 1.27503
31.92 14.3479 -13.0674 1.28051
31.94 15.0478 -13.7783 1.26955
31.96 16.3938 -15.1242 1.26955
31.98 17.3539 -16.0734 1.28051
32 17.7517 -16.4712 1.28051
32.02 17.6949 -16.4144 1.28051
32.04 17.2559 -15.9699 1.28599
32.06 16.5219 -15.2359 1.28599
32.08 15.801 -14.5259 1.27503
32.1 15.6663 -14.3967 1.26955
32.12 16.0128 -14.7432 1.26955
32.14 16.4326 -15.1631 1.26955
32.16 17.0765 -15.8124 1.26407
32.18 17.0885 -15.8354 1.25311
32.2 15.8575 -14.6044 1.25311
32.22 14.9395 -13.6864 1.25311
32.24 15.7284 -14.4753 1.25311
32.26 16.6299 -15.3768 1.25311
32.28 16.9232 -15.6701 1.25311
32.3 16.9118 -15.6587 1.25311
32.32 16.8256 -15.5725 1.25311
32.34 16.7474 -15.5052 1.24215
32.36 16.6973 -15.4551 1.24215
32.38 16.6616 -15.4195 1.24215
32.4 16.5799 -15.3323 1.24763
32.42 16.3103 -15.0681 1.24215
32.44 15.6646 -14.417 1.24763
32.46 14.8234 -13.5758 1.24763
32.48 14.7332 -13.491 1.24215
32.5 15.5951 -14.3475 1.24763
32.52 16.4486 -15.201 1.24763
32.54 16.9128 -15.6707 1.24215
32.56 17.083 -15.8408 1.24215
32.58 17.0023 -15.7547 1.24762
32.6 16.6827 -15.4406 1.24214
32.62 16.4369 -15.1892 1.24763
32.64 16.7029 -15.4662 1.23667
32.66 17.1292 -15.887 1.24214
32.68 17.0585 -15.8054 1.2531
32.7 16.639 -15.3804 1.25858
32.72 16.4344 -15.1758 1.25858
32.74 16.3787 -15.1201 1.25858
32.76 16.3105 -15.0465 1.26406
32.78 16.1626 -14.8931 1.26954
32.8 15.8414 -14.5719 1.26954
32.82 16.2954 -15.0204 1.27502
32.84 17.7061 -16.431 1.27502
32.86 18.7811 -17.5006 1.2805
32.88 19.0602 -17.7743 1.28598
32.9 18.5417 -17.2558 1.28598
32.92 17.4052 -16.1138 1.29146
32.94 16.593 -15.307 1.28598
32.96 16.7365 -15.4615 1.27502
32.98 17.2965 -16.027 1.26955
33 18.0356 -16.766 1.26955
33.02 18.7055 -17.4414 1.26407
33.04 19.0255 -17.7669 1.25859
33.06 18.9667 -17.7081 1.25859
33.08 18.5857 -17.3271 1.25859
33.1 18.0772 -16.8186 1.25859
33.12 17.9472 -16.6886 1.25859
33.14 18.4386 -17.18 1.25859
33.16 19.0607 -17.8021 1.25859
33.18 19.3169 -18.0583 1.25859
33.2 19.0283 -17.7697 1.25859
33.22 18.3066 -17.037 1.26955
33.24 17.674 -16.4045 1.26955
33.26 17.2588 -15.9892 1.26955
33.28 16.5604 -15.2854 1.27503
33.3 16.1921 -14.9171 1.27503
33.32 16.5162 -15.2412 1.27503
33.34 16.5544 -15.2739 1.28051
33.36 16.6601 -15.3796 1.28051
33.38 17.3589 -16.0893 1.26955
33.4 17.7473 -16.4778 1.26955
33.42 16.8165 -15.547 1.26955
33.44 14.7694 -13.4999 1.26955
33.46 14.327 -13.0574 1.26956
33.48 15.9728 -14.6978 1.27503
33.5 17.0727 -15.8086 1.26407
33.52 17.1561 -15.8975 1.25859
33.54 16.5635 -15.3104 1.25312
33.56 15.6114 -14.3638 1.24764
33.58 14.9351 -13.6875 1.24764
33.6 15.0206 -13.773 1.24764
33.62 15.4129 -14.1653 1.24764
33.64 15.613 -14.3709 1.24216
33.66 15.5944 -14.3468 1.24764
33.68 15.4636 -14.2105 1.25312
33.7 15.2698 -14.0167 1.25312
33.72 14.9922 -13.7281 1.26408
33.74 14.5541 -13.2901 1.26408
33.76 13.8655 -12.6015 1.26408
33.78 13.0947 -11.8306 1.26408
33.8 12.9517 -11.6876 1.26408
33.82 13.6422 -12.3727 1.26956
33.84 14.3631 -13.0826 1.28052
33.86 14.6887 -13.3972 1.29147
33.88 14.7147 -13.4232 1.29147
33.9 14.5995 -13.3135 1.286
33.92 14.44 -13.154 1.286
33.94 14.2935 -13.0075 1.286
33.96 14.1992 -12.9132 1.286
33.98 14.1788 -12.8928 1.286
34 14.2307 -12.9447 1.286
34.02 14.336 -13.0445 1.29147
34.04 14.4726 -13.1866 1.286
34.06 14.6237 -13.3323 1.29147
34.08 14.7761 -13.4846 1.29147
34.1 14.9128 -13.6213 1.29147
34.12 15.0033 -13.7173 1.286
34.14 14.9996 -13.7136 1.286
34.16 14.8667 -13.5862 1.28052
34.18 14.6754 -13.3949 1.28052
34.2 14.6632 -13.3826 1.28052
34.22 15.004 -13.7234 1.28052
34.24 15.551 -14.2704 1.28052
34.26 16.0566 -14.7816 1.27504
34.28 16.4124 -15.1429 1.26956
34.3 16.5998 -15.3248 1.27504
34.32 16.6067 -15.3262 1.28052
34.34 16.4451 -15.1646 1.28052
34.36 16.2304 -14.9553 1.27504
34.38 16.1713 -14.8962 1.27504
34.4 16.3764 -15.1014 1.27504
34.42 16.7339 -15.4644 1.26956
34.44 17.0529 -15.7888 1.26408
34.46 17.2392 -15.9806 1.2586
34.48 17.3178 -16.0592 1.2586
34.5 17.3449 -16.0808 1.26408
34.52 17.3121 -16.048 1.26408
34.54 17.1227 -15.8532 1.26956
34.56 16.6791 -15.4096 1.26956
34.58 16.2382 -14.9632 1.27504
34.6 16.5426 -15.2675 1.27504
34.62 17.5461 -16.2821 1.26408
34.64 18.4252 -17.1666 1.2586
34.66 18.8698 -17.6112 1.2586
34.68 18.8392 -17.5751 1.26408
34.7 18.1146 -16.8505 1.26408
34.72 16.6024 -15.3383 1.26408
34.74 15.159 -13.895 1.26408
34.76 14.0296 -12.7601 1.26955
34.78 12.5855 -11.3215 1.26408
34.8 13.22 -11.9505 1.26956
34.82 15.5074 -14.2378 1.26955
34.84 16.9402 -15.6761 1.26407
34.86 16.7425 -15.4839 1.2586
34.88 16.0809 -14.8223 1.2586
34.9 15.9189 -14.6603 1.2586
34.92 16.1825 -14.9129 1.26956
34.94 16.325 -15.0555 1.26956
34.96 16.4048 -15.1408 1.26408
34.98 16.6971 -15.4276 1.26956
35 16.8188 -15.5492 1.26956
35.02 16.4364 -15.1668 1.26956
35.04 15.7201 -14.4505 1.26956
35.06 15.0618 -13.7868 1.27504
35.08 14.6841 -13.4091 1.27504
35.1 14.433 -13.158 1.27504
35.12 14.0634 -12.7884 1.27504
35.14 13.6287 -12.3481 1.28052
35.16 13.402 -12.1324 1.26956
35.18 13.432 -12.1624 1.26956
35.2 13.5201 -12.2505 1.26956
35.22 13.5398 -12.2592 1.28052
35.24 13.4873 -12.2068 1.28052
35.26 13.3952 -12.1147 1.28052
35.28 13.2941 -12.0135 1.28052
35.3 13.2176 -11.9425 1.27504
35.32 13.2118 -11.9368 1.27504
35.34 13.318 -12.0429 1.27504
35.36 13.5388 -12.2583 1.28052
35.38 13.8322 -12.5462 1.286
35.4 14.1312 -12.8398 1.29148
35.42 14.3301 -13.0442 1.286
35.44 14.1952 -12.9092 1.286
35.46 13.3009 -12.0094 1.29148
35.48 11.6239 -10.3269 1.29696
35.5 10.811 -9.51405 1.29696
35.52 11.6165 -10.3141 1.30243
35.54 12.6482 -11.3458 1.30243
35.56 13.4212 -12.1187 1.30243
35.58 13.9629 -12.6604 1.30244
35.6 14.2932 -12.9907 1.30243
35.62 14.4235 -13.1265 1.29695
35.64 14.3613 -13.0643 1.29695
35.66 14.0984 -12.8014 1.29696
35.68 13.6475 -12.3505 1.29696
35.7 13.1147 -11.8178 1.29696
35.72 12.7398 -11.4484 1.29148
35.74 12.7978 -11.5009 1.29696
35.76 13.3373 -12.0349 1.30244
35.78 14.0638 -12.7559 1.30792
35.8 14.6397 -13.3373 1.30244
35.82 14.9368 -13.6343 1.30244
35.84 14.9925 -13.69 1.30244
35.86 14.8981 -13.5956 1.30244
35.88 14.7465 -13.4441 1.30244
35.9 14.6112 -13.2978 1.3134
35.92 14.4543 -13.1409 1.3134
35.94 14.0194 -12.706 1.3134
35.96 13.0354 -11.722 1.3134
35.98 11.8807 -10.5673 1.3134
36 11.9311 -10.6123 1.31888
36.02 13.4953 -12.1765 1.31888
36.04 14.9818 -13.6629 1.31888
36.06 15.6146 -14.2958 1.31888
36.08 15.6842 -14.3653 1.31888
36.1 15.5367 -14.2178 1.31888
36.12 15.2615 -13.9481 1.3134
36.14 14.8102 -13.4968 1.3134
36.16 14.3025 -12.9891 1.3134
36.18 14.114 -12.7952 1.31888
36.2 14.3316 -13.0182 1.3134
36.22 14.6389 -13.3145 1.32436
36.24 14.8485 -13.5187 1.32984
36.26 14.9652 -13.6354 1.32984
36.28 15.0292 -13.7049 1.32436
36.3 15.0558 -13.7315 1.32436
36.32 15.0244 -13.6946 1.32984
36.34 14.8807 -13.5509 1.32984
36.36 14.5745 -13.2447 1.32984
36.38 14.1748 -12.845 1.32984
36.4 13.9008 -12.571 1.32984
36.42 13.7689 -12.4391 1.32984
36.44 13.4743 -12.139 1.33532
36.46 13.0205 -11.6797 1.3408
36.48 12.7546 -11.4138 1.3408
36.5 12.5593 -11.2186 1.3408
36.52 12.4094 -11.0632 1.34628
36.54 12.8857 -11.5504 1.33532
36.56 13.7538 -12.413 1.34079
36.58 14.355 -13.0142 1.34079
36.6 14.6169 -13.2761 1.34079
36.62 14.6922 -13.3404 1.35175
36.64 14.5889 -13.2371 1.35175
36.66 14.0113 -12.6486 1.36271
36.68 12.5188 -11.1561 1.36271
36.7 11.2992 -9.93651 1.36272
36.72 12.3726 -11.0099 1.36271
36.74 13.573 -12.2102 1.36271
36.76 13.5644 -12.2017 1.36271
36.78 12.9771 -11.6253 1.35175
36.8 12.8891 -11.5428 1.34628
36.82 13.5599 -12.2136 1.34627
36.84 14.2247 -12.8784 1.34627
36.86 14.4652 -13.1135 1.35175
36.88 14.2896 -12.9379 1.35175
36.9 13.7635 -12.4117 1.35175
36.92 12.9964 -11.6447 1.35175
36.94 12.2628 -10.922 1.3408
36.96 11.8861 -10.5453 1.3408
36.98 11.8207 -10.4799 1.3408
37 11.8623 -10.5215 1.3408
37.02 12.104 -10.7632 1.3408
37.04 12.573 -11.2377 1.33532
37.06 13.0745 -11.7446 1.32984
37.08 13.439 -12.1091 1.32984
37.1 13.6167 -12.2869 1.32984
37.12 13.6466 -12.3058 1.3408
37.14 13.5953 -12.2545 1.3408
37.16 13.5117 -12.1654 1.34627
37.18 13.4046 -12.0584 1.34627
37.2 13.2226 -11.8708 1.35175
37.22 12.8332 -11.4814 1.35175
37.24 12.0934 -10.7416 1.35175
37.26 11.1916 -9.8398 1.35175
37.28 10.7712 -9.41943 1.35175
37.3 10.9685 -9.6168 1.35175
37.32 11.331 -9.97928 1.35175
37.34 11.5097 -10.1579 1.35175
37.36 11.3275 -9.97574 1.35175
37.38 10.8994 -9.54763 1.35175
37.4 10.5905 -9.23873 1.35175
37.42 10.8949 -9.54313 1.35175
37.44 11.6623 -10.3106 1.35175
37.46 12.2235 -10.8662 1.35723
37.48 12.3622 -11.005 1.35723
37.5 12.1896 -10.8379 1.35175
37.52 11.8326 -10.4808 1.35175
37.54 11.4313 -10.085 1.34627
37.56 11.1731 -9.83232 1.3408
37.58 11.1455 -9.79927 1.34627
37.6 11.223 -9.86025 1.36271
37.62 11.2431 -9.88042 1.36271
37.64 11.1861 -9.82891 1.35723
37.66 11.1321 -9.77482 1.35723
37.68 11.1293 -9.77757 1.35176
37.7 11.1442 -9.79248 1.35176
37.72 11.1316 -9.77988 1.35176
37.74 11.1087 -9.74601 1.36271
37.76 11.1265 -9.75832 1.36819
37.78 11.165 -9.79679 1.36819
37.8 11.0689 -9.70071 1.36819
37.82 10.6331 -9.26496 1.36819
37.84 9.97315 -8.60496 1.36819
37.86 9.81477 -8.44658 1.36819
37.88 10.4072 -9.039 1.36819
37.9 11.0376 -9.66389 1.37367
37.92 11.3291 -9.96093 1.36819
37.94 11.3688 -10.0061 1.36271
37.96 11.2967 -9.93403 1.36271
37.98 11.1959 -9.83318 1.36271
38 11.1094 -9.74665 1.36271
38.02 11.0595 -9.69127 1.36819
38.04 11.0541 -9.68586 1.36819
38.06 11.0871 -9.71339 1.37367
38.08 11.1391 -9.76543 1.37367
38.1 11.1827 -9.80903 1.37367
38.12 11.1968 -9.82311 1.37367
38.14 11.1947 -9.82652 1.36819
38.16 11.2461 -9.87242 1.37367
38.18 11.4313 -10.0631 1.36819
38.2 11.7348 -10.3666 1.36819
38.22 12.0203 -10.6521 1.36819
38.24 12.1246 -10.7619 1.36271
38.26 11.9476 -10.5849 1.36271
38.28 11.549 -10.1863 1.36271
38.3 11.2769 -9.91417 1.36271
38.32 11.5245 -10.1618 1.36271
38.34 12.1451 -10.7824 1.36271
38.36 12.7629 -11.4002 1.36271
38.38 13.2255 -11.8628 1.36271
38.4 13.4146 -12.0519 1.36271
38.42 13.2427 -11.8745 1.36819
38.44 12.8178 -11.4496 1.36819
38.46 12.3226 -10.9544 1.36819
38.48 11.8463 -10.4781 1.36819
38.5 11.6379 -10.2697 1.3682
38.52 11.9754 -10.6072 1.36819
38.54 12.6946 -11.3318 1.36271
38.56 13.3623 -11.9941 1.36819
38.58 13.7506 -12.3824 1.36819
38.6 13.9271 -12.5644 1.36271
38.62 14.0373 -12.6746 1.36272
38.64 14.1456 -12.7883 1.35724
38.66 14.2329 -12.8756 1.35724
38.68 14.2509 -12.8882 1.36272
38.7 14.1511 -12.7938 1.35724
38.72 13.8921 -12.5348 1.35724
38.74 13.4725 -12.1208 1.35176
38.76 12.9781 -11.6318 1.34628
38.78 12.6156 -11.2693 1.34628
38.8 12.6488 -11.3025 1.34628
38.82 13.1118 -11.7655 1.34628
38.84 13.6854 -12.3446 1.3408
38.86 14.0863 -12.7455 1.3408
38.88 14.2717 -12.9364 1.33532
38.9 14.3051 -12.9643 1.3408
38.92 14.2482 -12.9074 1.3408
38.94 14.1525 -12.8171 1.33532
38.96 14.0749 -12.7341 1.3408
38.98 14.0592 -12.7184 1.3408
39 14.0984 -12.7576 1.3408
39.02 14.1544 -12.8136 1.3408
39.04 14.2226 -12.8818 1.3408
39.06 14.3439 -13.0085 1.33532
39.08 14.5381 -13.2027 1.33532
39.1 14.7507 -13.4209 1.32984
39.12 14.8646 -13.5238 1.3408
39.14 14.708 -13.3672 1.3408
39.16 14.0391 -12.7038 1.33532
39.18 12.7981 -11.4682 1.32984
39.2 11.9139 -10.584 1.32984
39.22 12.5892 -11.2594 1.32984
39.24 13.9098 -12.58 1.32984
39.26 14.5358 -13.2059 1.32984
39.28 14.4942 -13.1644 1.32984
39.3 14.4044 -13.08 1.32436
39.32 14.4258 -13.1014 1.32436
39.34 14.2366 -12.9123 1.32436
39.36 13.7445 -12.4311 1.3134
39.38 13.2668 -11.9534 1.3134
39.4 13.1467 -11.8278 1.31888
39.42 13.3744 -12.05 1.32436
39.44 13.7304 -12.406 1.32436
39.46 14.0606 -12.7362 1.32436
39.48 14.3172 -12.9983 1.31888
39.5 14.4762 -13.1573 1.31888
39.52 14.4352 -13.1218 1.3134
39.54 13.9251 -12.6117 1.3134
39.56 12.58 -11.2666 1.3134
39.58 10.7952 -9.48179 1.31341
39.6 10.5263 -9.21837 1.30793
39.62 11.949 -10.6465 1.30244
39.64 13.1128 -11.8159 1.29696
39.66 13.4904 -12.1935 1.29696
39.68 13.4403 -12.1379 1.30245
39.7 13.2735 -11.9656 1.30792
39.72 13.1442 -11.8362 1.30793
39.74 13.1139 -11.806 1.30793
39.76 13.192 -11.8841 1.30793
39.78 13.3429 -12.0405 1.30245
39.8 13.4713 -12.1688 1.30245
39.82 13.3701 -12.0677 1.30245
39.84 12.6464 -11.344 1.30245
39.86 11.0451 -9.74267 1.30245
39.88 9.94735 -8.65038 1.29697
39.9 10.7797 -9.47721 1.30245
39.92 11.9727 -10.6703 1.30245
39.94 12.808 -11.5111 1.29697
39.96 13.4192 -12.1223 1.29697
39.98 13.8571 -12.5601 1.29697
40 14.1642 -12.8673 1.29697
40.02 14.4122 -13.1152 1.29697
40.04 14.6702 -13.3733 1.29697
40.06 14.972 -13.6696 1.30245
40.08 15.2885 -13.9915 1.29697
40.1 15.5044 -14.2075 1.29697
40.12 15.4003 -14.1033 1.29697
40.14 14.7246 -13.4277 1.29697
40.16 13.5942 -12.2917 1.30245
40.18 12.9475 -11.6395 1.30793
40.2 13.4641 -12.1507 1.31341
40.22 14.3882 -13.0693 1.31888
40.24 14.9043 -13.5854 1.31888
40.26 14.8616 -13.5427 1.31888
40.28 14.3965 -13.0721 1.32436
40.3 13.9116 -12.5927 1.31888
40.32 13.779 -12.4601 1.31888
40.34 13.8653 -12.5409 1.32436
40.36 13.9832 -12.6534 1.32985
40.38 14.0372 -12.7074 1.32985
40.4 13.9865 -12.6566 1.32985
40.42 14.084 -12.7597 1.32437
40.44 14.316 -12.9917 1.32437
40.46 14.4575 -13.1387 1.31889
40.48 14.4611 -13.1477 1.31341
40.5 14.2071 -12.8937 1.3134
40.52 13.4183 -12.1049 1.3134
40.54 12.3373 -11.0239 1.31341
40.56 12.0008 -10.6874 1.31341
40.58 12.2819 -10.9739 1.30793
40.6 12.4738 -11.1659 1.30793
40.62 12.7191 -11.4112 1.30793
40.64 13.1095 -11.7906 1.31889
40.66 13.4649 -12.1405 1.32436
40.68 13.6734 -12.3435 1.32984
40.7 13.7538 -12.4239 1.32984
40.72 13.7525 -12.4226 1.32984
40.74 13.6681 -12.3383 1.32984
40.76 13.4311 -12.1012 1.32984
40.78 12.9625 -11.6327 1.32984
40.8 12.3645 -11.0346 1.32984
40.82 11.963 -10.6332 1.32984
40.84 11.847 -10.5226 1.32436
40.86 11.8907 -10.5608 1.32984
40.88 12.1659 -10.8416 1.32436
40.9 12.5267 -11.1969 1.32984
40.92 12.4754 -11.151 1.32436
40.94 11.8339 -10.504 1.32984
40.96 11.4754 -10.14 1.33532
40.98 12.0741 -10.7333 1.3408
41 12.7263 -11.3855 1.3408
41.02 12.8139 -11.4731 1.3408
41.04 12.505 -11.1697 1.33532
41.06 12.2109 -10.8756 1.33532
41.08 12.2061 -10.8708 1.33532
41.1 12.3871 -11.0517 1.33532
41.12 12.5147 -11.1739 1.3408
41.14 12.4849 -11.1441 1.3408
41.16 12.2994 -10.9586 1.3408
41.18 11.9954 -10.6546 1.3408
41.2 11.6509 -10.3156 1.33532
41.22 11.3888 -10.0534 1.33532
41.24 11.3091 -9.97381 1.33533
41.26 11.4117 -10.0763 1.33533
41.28 11.6079 -10.2726 1.33532
41.3 11.7623 -10.4215 1.3408
41.32 11.7061 -10.3598 1.34628
41.34 11.2907 -9.94445 1.34628
41.36 10.5448 -9.19302 1.35176
41.38 9.76145 -8.40969 1.35176
41.4 9.29872 -7.95244 1.34628
41.42 9.5331 -8.18134 1.35176
41.44 10.4101 -9.05832 1.35176
41.46 11.2224 -9.87611 1.34628
41.48 11.5964 -10.2446 1.35176
41.5 11.6133 -10.267 1.34628
41.52 11.4169 -10.0706 1.34628
41.54 11.0878 -9.75244 1.33532
41.56 10.6939 -9.35853 1.33532
41.58 10.364 -9.02866 1.33532
41.6 10.2422 -8.90689 1.33532
41.62 10.3282 -8.99834 1.32984
41.64 10.4756 -9.14573 1.32984
41.66 10.5501 -9.22024 1.32984
41.68 10.4786 -9.14878 1.32984
41.7 10.1855 -8.85561 1.32984
41.72 9.56443 -8.23459 1.32984
41.74 8.69588 -7.36604 1.32984
41.76 8.27236 -6.94251 1.32985
41.78 8.83442 -7.49909 1.33532
41.8 9.70038 -8.36506 1.33532
41.82 10.2465 -8.90568 1.3408
41.84 10.4674 -9.12113 1.34628
41.86 10.5057 -9.16491 1.3408
41.88 10.4467 -9.10593 1.3408
41.9 10.3146 -8.97383 1.3408
41.92 10.1047 -8.76386 1.3408
41.94 9.83832 -8.49751 1.3408
41.96 9.62932 -8.28852 1.3408
41.98 9.64251 -8.3017 1.3408
42 9.89677 -8.55596 1.3408
42.02 10.2216 -8.88075 1.3408
42.04 10.4394 -9.09313 1.34628
42.06 10.465 -9.11873 1.34628
42.08 10.3203 -8.97405 1.34628
42.1 10.1951 -8.84877 1.34628
42.12 10.3478 -9.00147 1.34628
42.14 10.7258 -9.374 1.35176
42.16 10.9468 -9.59504 1.35176
42.18 10.7243 -9.37254 1.35176
42.2 10.2928 -8.94099 1.35176
42.22 10.4202 -9.06844 1.35176
42.24 11.1418 -9.79004 1.35176
42.26 11.6613 -10.304 1.35724
42.28 11.6694 -10.3066 1.36272
42.3 11.4779 -10.1152 1.36272
42.32 11.4463 -10.0891 1.35724
42.34 11.2198 -9.86256 1.35724
42.36 10.3525 -8.99525 1.35724
42.38 9.73564 -8.37292 1.36272
42.4 10.2081 -8.84536 1.36272
42.42 11.077 -9.70884 1.3682
42.44 11.9962 -10.628 1.3682
42.46 12.7248 -11.3566 1.3682
42.48 13.0206 -11.6524 1.3682
42.5 12.8627 -11.4945 1.3682
42.52 12.4258 -11.0576 1.3682
42.54 12.2786 -10.9104 1.3682
42.56 12.7089 -11.3407 1.3682
42.58 13.1601 -11.7919 1.3682
42.6 13.23 -11.8618 1.3682
42.62 12.9784 -11.6102 1.3682
42.64 12.5793 -11.2057 1.37368
42.66 12.1703 -10.7966 1.37368
42.68 11.8374 -10.4638 1.37368
42.7 11.6221 -10.2429 1.37916
42.72 11.5245 -10.1453 1.37916
42.74 11.5135 -10.1344 1.37916
42.76 11.5447 -10.1656 1.37916
42.78 11.5794 -10.2002 1.37916
42.8 11.5942 -10.215 1.37916
42.82 11.5784 -10.1992 1.37916
42.84 11.53 -10.1509 1.37916
42.86 11.4513 -10.0721 1.37916
42.88 11.3448 -9.97112 1.37368
42.9 11.2115 -9.8378 1.37368
42.92 11.0507 -9.67706 1.37368
42.94 10.8646 -9.49087 1.37368
42.96 10.6655 -9.29178 1.37368
42.98 10.4807 -9.10702 1.37368
43 10.3445 -8.97085 1.37368
43.02 10.279 -8.90528 1.37368
43.04 10.2804 -8.90674 1.37368
43.06 10.3258 -8.95213 1.37368
43.08 10.3878 -9.01415 1.37368
43.1 10.4455 -9.06635 1.37916
43.12 10.4856 -9.10642 1.37916
43.14 10.4969 -9.11226 1.38464
43.16 10.4583 -9.06274 1.3956
43.18 10.3281 -8.93249 1.3956
43.2 10.0682 -8.6726 1.3956
43.22 9.75002 -8.35442 1.3956
43.24 9.6365 -8.2409 1.3956
43.26 9.91755 -8.52195 1.3956
43.28 10.4128 -9.02265 1.39012
43.3 10.8622 -9.4721 1.39012
43.32 11.1998 -9.80965 1.39012
43.34 11.4752 -10.0905 1.38464
43.36 11.7408 -10.3616 1.37916
43.38 12.0112 -10.6266 1.38464
43.4 12.2476 -10.8575 1.39012
43.42 12.3373 -10.9527 1.38464
43.44 12.0973 -10.7182 1.37916
43.46 11.4325 -10.0534 1.37916
43.48 10.7021 -9.3229 1.37916
43.5 10.6023 -9.2231 1.37916
43.52 11.3168 -9.93766 1.37916
43.54 12.303 -10.9239 1.37915
43.56 12.9258 -11.5521 1.37368
43.58 12.9358 -11.5676 1.3682
43.6 12.4402 -11.072 1.3682
43.62 11.8468 -10.4786 1.3682
43.64 11.6422 -10.274 1.3682
43.66 11.9258 -10.5576 1.3682
43.68 12.3928 -11.0191 1.37368
43.7 12.8051 -11.4314 1.37368
43.72 13.092 -11.7129 1.37916
43.74 13.2198 -11.8461 1.37368
43.76 13.1712 -11.803 1.3682
43.78 12.9473 -11.5791 1.3682
43.8 12.5781 -11.2154 1.36272
43.82 12.1929 -10.8356 1.35724
43.84 12.0215 -10.6753 1.34628
43.86 12.1577 -10.8059 1.35176
43.88 12.4305 -11.0843 1.34628
43.9 12.6464 -11.3001 1.34628
43.92 12.7425 -11.4017 1.3408
43.94 12.7251 -11.3788 1.34628
43.96 12.6042 -11.2579 1.34628
43.98 12.3977 -11.0569 1.3408
44 12.1747 -10.8394 1.33532
44.02 12.0571 -10.7272 1.32984
44.04 12.1147 -10.7904 1.32436
44.06 12.2713 -10.9524 1.31888
44.08 12.3712 -11.0468 1.32436
44.1 12.3119 -10.982 1.32984
44.12 12.1733 -10.8435 1.32984
44.14 12.2583 -10.9284 1.32984
44.16 12.7124 -11.3771 1.33532
44.18 13.2202 -11.8849 1.33532
44.2 13.3904 -12.0606 1.32984
44.22 13.0862 -11.7509 1.33532
44.24 12.528 -11.1982 1.32984
44.26 12.0228 -10.6929 1.32984
44.28 11.6422 -10.3123 1.32984
44.3 11.9492 -10.6194 1.32984
44.32 12.8061 -11.4763 1.32984
44.34 13.3552 -12.0254 1.32984
44.36 13.5147 -12.1848 1.32984
44.38 13.5193 -12.195 1.32436
44.4 13.5054 -12.181 1.32436
44.42 13.5095 -12.1742 1.33532
44.44 13.5104 -12.175 1.33532
44.46 13.4325 -12.0917 1.3408
44.48 13.1298 -11.789 1.3408
44.5 12.4496 -11.1143 1.33532
44.52 11.6466 -10.3058 1.3408
44.54 11.6228 -10.2765 1.34628
44.56 12.4515 -11.1053 1.34628
44.58 13.2447 -11.8984 1.34628
44.6 13.6956 -12.3548 1.3408
44.62 13.9259 -12.585 1.3408
44.64 14.0291 -12.6883 1.3408
44.66 13.9995 -12.6587 1.3408
44.68 13.8047 -12.4639 1.3408
44.7 13.4751 -12.1288 1.34628
44.72 13.1189 -11.7726 1.34628
44.74 12.8165 -11.4702 1.34628
44.76 12.6279 -11.2816 1.34628
44.78 12.7727 -11.4319 1.3408
44.8 13.2832 -11.9479 1.33532
44.82 13.8371 -12.5018 1.33532
44.84 14.2947 -12.9594 1.33532
44.86 14.672 -13.3367 1.33532
44.88 14.931 -13.5902 1.3408
44.9 15.0072 -13.6664 1.3408
44.92 14.8104 -13.4696 1.3408
44.94 14.221 -12.8802 1.3408
44.96 13.3423 -12.0015 1.3408
44.98 12.8287 -11.4934 1.33532
45 12.9513 -11.616 1.33532
45.02 12.8679 -11.5435 1.32436
45.04 12.393 -11.0631 1.32984
45.06 12.7566 -11.4267 1.32984
45.08 13.8406 -12.5053 1.33532
45.1 14.4057 -13.0703 1.33532
45.12 14.1764 -12.8466 1.32984
45.14 13.3678 -12.038 1.32984
45.16 12.7229 -11.3985 1.32436
45.18 13.0369 -11.7126 1.32436
45.2 13.6863 -12.3674 1.31888
45.22 13.9027 -12.5839 1.31888
45.24 13.7849 -12.4661 1.31888
45.26 13.6226 -12.3037 1.31888
45.28 13.3096 -11.9907 1.31888
45.3 12.7361 -11.4172 1.31888
45.32 12.4869 -11.168 1.31888
45.34 12.9977 -11.6843 1.3134
45.36 13.7271 -12.4137 1.3134
45.38 14.1319 -12.824 1.30792
45.4 14.1669 -12.8589 1.30792
45.42 13.9897 -12.6818 1.30792
45.44 13.7227 -12.4093 1.3134
45.46 13.4425 -12.1291 1.3134
45.48 13.2361 -11.9282 1.30792
45.5 13.1702 -11.8623 1.30792
45.52 13.1889 -11.8809 1.30792
45.54 13.0863 -11.7729 1.3134
45.56 12.6054 -11.292 1.3134
45.58 11.8097 -10.4963 1.3134
45.6 11.549 -10.2356 1.3134
45.62 12.2274 -10.9195 1.30792
45.64 12.9698 -11.6673 1.30244
45.66 13.3072 -12.0047 1.30244
45.68 13.3547 -12.0522 1.30244
45.7 13.2561 -11.9536 1.30244
45.72 13.044 -11.7416 1.30244
45.74 12.6693 -11.3723 1.29696
45.76 12.0927 -10.7957 1.29696
45.78 11.4764 -10.1795 1.29697
45.8 11.2136 -9.91667 1.29697
45.82 11.4346 -10.1321 1.30244
45.84 11.8293 -10.5269 1.30244
45.86 12.1404 -10.8435 1.29696
45.88 12.3209 -11.0184 1.30244
45.9 12.4038 -11.1013 1.30244
45.92 12.4276 -11.1306 1.29696
45.94 12.4219 -11.125 1.29696
45.96 12.4054 -11.0975 1.30792
45.98 12.3836 -11.0756 1.30792
46 12.3451 -11.0317 1.3134
46.02 12.2614 -10.9534 1.30792
46.04 12.0931 -10.7852 1.30792
46.06 11.8362 -10.5283 1.30792
46.08 11.6086 -10.3062 1.30244
46.1 11.6257 -10.3178 1.30792
46.12 11.9466 -10.6386 1.30792
46.14 12.3898 -11.0819 1.30792
46.16 12.7899 -11.4874 1.30244
46.18 13.1174 -11.8149 1.30244
46.2 13.401 -12.104 1.29696
46.22 13.6493 -12.3578 1.29149
46.24 13.8098 -12.5129 1.29696
46.26 13.7485 -12.4515 1.29696
46.28 13.326 -12.0291 1.29696
46.3 12.7322 -11.4352 1.29696
46.32 12.4854 -11.1939 1.29149
46.34 12.4325 -11.1356 1.29696
46.36 12.3995 -11.1025 1.29696
46.38 12.9162 -11.6138 1.30244
46.4 13.6638 -12.3614 1.30244
46.42 14.1871 -12.8846 1.30244
46.44 14.5525 -13.2445 1.30792
46.46 14.7398 -13.4319 1.30792
46.48 14.5256 -13.2176 1.30792
46.5 13.7821 -12.4797 1.30244
46.52 12.9706 -11.6737 1.29697
46.54 13.0742 -11.7772 1.29697
46.56 14.1715 -12.88 1.29149
46.58 15.3044 -14.0074 1.29696
46.6 15.9659 -14.658 1.30792
46.62 16.2062 -14.8928 1.3134
46.64 16.101 -14.7931 1.30792
46.66 15.6333 -14.3254 1.30792
46.68 14.991 -13.6831 1.30792
46.7 14.6843 -13.3709 1.3134
46.72 14.5482 -13.2403 1.30792
46.74 13.9115 -12.609 1.30245
46.76 13.3271 -12.0301 1.29697
46.78 13.7089 -12.4174 1.29149
46.8 14.6143 -13.3228 1.29149
46.82 15.2235 -13.9265 1.29697
46.84 15.4434 -14.1464 1.29697
46.86 15.3267 -14.0352 1.29149
46.88 14.8447 -13.5641 1.28053
46.9 14.2498 -12.9692 1.28053
46.92 13.9922 -12.7116 1.28053
46.94 13.9559 -12.6699 1.28601
46.96 13.6134 -12.3219 1.29149
46.98 12.9372 -11.6403 1.29697
47 12.5587 -11.2617 1.29697
47.02 12.9676 -11.6706 1.29697
47.04 13.778 -12.4756 1.30245
47.06 14.4153 -13.1128 1.30245
47.08 14.7092 -13.4067 1.30245
47.1 14.6338 -13.3313 1.30244
47.12 14.0024 -12.6999 1.30244
47.14 12.5664 -11.264 1.30244
47.16 10.88 -9.57757 1.30245
47.18 10.4107 -9.10828 1.30245
47.2 11.3643 -10.0564 1.30792
47.22 12.7134 -11.4054 1.30792
47.24 13.6984 -12.396 1.30244
47.26 14.1743 -12.8773 1.29696
47.28 14.2816 -12.9847 1.29696
47.3 14.1435 -12.8465 1.29696
47.32 13.738 -12.441 1.29696
47.34 12.9349 -11.6379 1.29696
47.36 11.8221 -10.5252 1.29697
47.38 11.0897 -9.79277 1.29697
47.4 11.1962 -9.89923 1.29697
47.42 11.7546 -10.4686 1.28601
47.44 12.2298 -10.9383 1.29149
47.46 11.991 -10.6996 1.29149
47.48 11.0813 -9.78434 1.29697
47.5 10.6451 -9.34816 1.29697
47.52 11.4878 -10.1908 1.29697
47.54 12.9005 -11.6036 1.29697
47.56 13.9722 -12.6752 1.29697
47.58 14.4994 -13.2025 1.29697
47.6 14.6432 -13.3462 1.29697
47.62 14.5808 -13.2783 1.30245
47.64 14.4239 -13.1214 1.30245
47.66 14.2152 -12.9128 1.30245
47.68 13.9434 -12.6409 1.30245
47.7 13.5972 -12.2948 1.30245
47.72 13.2082 -11.9002 1.30793
47.74 12.9754 -11.673 1.30245
47.76 13.315 -12.0235 1.29149
47.78 14.0601 -12.7686 1.29149
47.8 14.6436 -13.3521 1.29149
47.82 14.9254 -13.6339 1.29149
47.84 14.9462 -13.6601 1.28601
47.86 14.6302 -13.3442 1.28601
47.88 13.8325 -12.541 1.29149
47.9 12.8642 -11.5727 1.29149
47.92 12.8666 -11.5751 1.29149
47.94 13.7354 -12.4493 1.28601
47.96 14.011 -12.725 1.28601
47.98 12.9665 -11.6805 1.28601
48 10.8828 -9.58039 1.30245
48.02 9.82551 -8.52853 1.29697
48.04 11.0124 -9.69899 1.31341
48.06 12.1745 -10.8611 1.31341
48.08 12.4803 -11.1723 1.30793
48.1 12.6245 -11.3056 1.31889
48.12 12.7488 -11.4299 1.31889
48.14 12.6753 -11.3564 1.31889
48.16 12.4104 -11.0915 1.31889
48.18 12.0682 -10.7493 1.31889
48.2 11.746 -10.4271 1.31889
48.22 11.4946 -10.1757 1.31889
48.24 11.3257 -10.0068 1.31889
48.26 11.2281 -9.90373 1.32437
48.28 11.1827 -9.85828 1.32437
48.3 11.1685 -9.85504 1.31341
48.32 11.1668 -9.85336 1.31341
48.34 11.166 -9.8471 1.31889
48.36 11.1636 -9.85023 1.31341
48.38 11.1672 -9.8428 1.32437
48.4 11.1904 -9.86051 1.32985
48.42 11.2379 -9.908 1.32985
48.44 11.291 -9.96666 1.32437
48.46 11.3103 -9.98596 1.32437
48.48 11.2702 -9.94582 1.32437
48.5 11.2065 -9.88211 1.32437
48.52 11.2088 -9.88439 1.32437
48.54 11.3261 -9.99622 1.32985
48.56 11.491 -10.1612 1.32985
48.58 11.5025 -10.1836 1.31889
48.6 10.9878 -9.67434 1.31341
48.62 9.80937 -8.49596 1.31341
48.64 9.29583 -7.97693 1.31889
48.66 10.38 -9.0611 1.31889
48.68 11.522 -10.2086 1.31341
48.7 12.0155 -10.7021 1.31341
48.72 12.1259 -10.8125 1.31341
48.74 12.1143 -10.8009 1.31341
48.76 11.9855 -10.6666 1.31889
48.78 11.3857 -10.0668 1.31889
48.8 10.194 -8.87506 1.31889
48.82 10.0346 -8.71569 1.31889
48.84 11.4094 -10.096 1.31341
48.86 12.3967 -11.0833 1.31341
48.88 12.6401 -11.3267 1.31341
48.9 12.5467 -11.2333 1.31341
48.92 12.3392 -11.0258 1.31341
48.94 12.0737 -10.7603 1.31341
48.96 11.7723 -10.4643 1.30793
48.98 11.5327 -10.2248 1.30793
49 11.5416 -10.2392 1.30245
49.02 11.8606 -10.5582 1.30245
49.04 12.2609 -10.9694 1.29149
49.06 12.4222 -11.1252 1.29697
49.08 12.1116 -10.8091 1.30245
49.1 11.3284 -10.0259 1.30245
49.12 10.7049 -9.39695 1.30793
49.14 10.9017 -9.5938 1.30793
49.16 11.4054 -10.092 1.31341
49.18 11.7154 -10.4074 1.30793
49.2 11.9527 -10.6393 1.31341
49.22 12.2256 -10.9176 1.30793
49.24 12.3381 -11.0302 1.30793
49.26 11.7447 -10.4368 1.30793
49.28 9.96977 -8.65636 1.31341
49.3 9.17562 -7.8622 1.31342
49.32 10.9947 -9.68126 1.31341
49.34 12.3732 -11.0543 1.31889
49.36 12.7458 -11.4324 1.31341
49.38 12.7311 -11.4177 1.31341
49.4 12.6043 -11.2908 1.31341
49.42 12.4027 -11.0893 1.31341
49.44 12.0971 -10.7837 1.31341
49.46 11.7283 -10.4149 1.31341
49.48 11.4855 -10.1721 1.31341
49.5 11.4986 -10.1852 1.31341
49.52 11.5503 -10.2369 1.31341
49.54 11.2829 -9.97493 1.30793
49.56 10.6476 -9.33967 1.30793
49.58 10.1879 -8.88546 1.30246
49.6 10.4543 -9.15728 1.29697
49.62 11.1577 -9.86077 1.29697
49.64 11.8166 -10.5141 1.30245
49.66 12.2475 -10.945 1.30245
49.68 12.438 -11.1465 1.29149
49.7 12.4451 -11.1481 1.29697
49.72 12.3454 -11.0594 1.28602
49.74 12.2097 -10.9292 1.28054
49.76 12.0989 -10.8129 1.28602
49.78 12.0566 -10.7651 1.2915
49.8 12.0989 -10.8074 1.2915
49.82 12.214 -10.9225 1.2915
49.84 12.3779 -11.0864 1.2915
49.86 12.5687 -11.2772 1.2915
49.88 12.7685 -11.4715 1.29698
49.9 12.9549 -11.6689 1.28601
49.92 13.0968 -11.8053 1.29149
49.94 13.1704 -11.8734 1.29697
49.96 13.2018 -11.9048 1.29697
49.98 13.2824 -11.9909 1.29149
