2.3787789 5.173092 -0.9945825 -0.10395018
8.21965 7.7790231 0.42766621 -0.90393673
4.2844233 0.11294275 0.89521487 0.44563475
7.6567366 1.3519812 0.99729695 0.073476483
3.329387 9.3245585 0.41290533 0.91077395
9.7036234 0.81061851 -0.53672796 -0.84375535
4.8289364 4.4058772 -0.13951063 -0.99022057
4.6125229 2.5010288 0.048588994 0.99881886
8.7721302 5.1478906 -0.014696201 0.99989201
1.7428907 8.1100047 -0.98804241 -0.15418236
6.6955092 6.6241202 0.80631098 -0.59149185
3.5015788 4.6373774 0.95744023 -0.28863162
5.6570664 9.2481413 -0.65051789 0.75949093
0.16666304 9.3377999 -0.53822879 0.84279877
1.1968266 5.024081 0.57986275 0.81471417
1.2707977 9.8161914 -0.79821936 -0.60236688
4.4274833 5.6967379 -0.80018584 0.59975213
5.4782597 0.60638073 -0.83814161 -0.5454527
6.9542899 8.9432919 -0.94938285 -0.31412133
2.2792905 1.1406479 0.28595972 -0.95824164
