0.00 0 -27.6067 -27.6067
0.02 2.14807 -29.7548 -27.6067
0.04 4.36357 -31.9703 -27.6067
0.06 3.9382 -31.5449 -27.6067
0.08 2.80605 -30.4128 -27.6067
0.1 2.74568 -30.3524 -27.6067
0.12 3.43236 -31.0391 -27.6067
0.14 3.76047 -31.3672 -27.6067
0.16 3.35804 -30.9648 -27.6067
0.18 2.69891 -30.3057 -27.6067
0.2 2.41509 -30.0273 -27.6122
0.22 2.48839 -30.1006 -27.6122
0.24 2.48523 -30.0975 -27.6122
0.26 2.31415 -29.9264 -27.6122
0.28 2.17945 -29.7917 -27.6122
0.3 2.33108 -29.9378 -27.6067
0.32 2.88592 -30.4927 -27.6067
0.34 3.51657 -31.1233 -27.6067
0.36 3.73675 -31.3435 -27.6067
0.38 3.46744 -31.0742 -27.6067
0.4 3.02242 -30.6292 -27.6067
0.42 2.81466 -30.4214 -27.6067
0.44 2.97878 -30.5855 -27.6067
0.46 3.17686 -30.7946 -27.6177
0.48 3.19008 -30.8078 -27.6177
0.5 3.12178 -30.7395 -27.6177
0.52 2.87373 -30.4914 -27.6177
0.54 2.63086 -30.2486 -27.6177
0.56 2.45518 -30.0784 -27.6232
0.58 2.50884 -30.1265 -27.6177
0.6 3.38066 -30.9984 -27.6177
0.62 4.66123 -32.2844 -27.6232
0.64 5.43758 -33.0772 -27.6396
0.66 5.37921 -33.0243 -27.6451
0.68 4.75721 -32.4023 -27.6451
0.7 4.27531 -31.9314 -27.6561
0.72 4.5137 -32.1752 -27.6615
0.74 5.28848 -32.95 -27.6615
0.76 6.2491 -33.9106 -27.6615
0.78 7.35786 -35.0139 -27.6561
0.8 8.56139 -36.2175 -27.6561
0.82 9.75643 -37.407 -27.6506
0.84 11.0367 -38.6708 -27.6341
0.86 12.5752 -40.2038 -27.6287
0.88 14.3642 -41.9873 -27.6232
0.9 16.1797 -43.8028 -27.6232
0.92 17.7157 -45.3389 -27.6232
0.94 18.6887 -46.3064 -27.6177
0.96 18.6381 -46.2613 -27.6232
0.98 17.3308 -44.943 -27.6122
1 17.7882 -45.4004 -27.6122
1.02 20.556 -48.1737 -27.6177
1.04 21.6961 -49.3138 -27.6177
1.06 20.6676 -48.2853 -27.6177
1.08 18.6481 -46.2767 -27.6287
1.1 17.7986 -45.4272 -27.6287
1.12 17.792 -45.4206 -27.6287
1.14 17.7627 -45.3913 -27.6287
1.16 18.0025 -45.6366 -27.6341
1.18 18.0545 -45.6942 -27.6396
1.2 16.1915 -43.8311 -27.6396
1.22 12.6653 -40.3103 -27.6451
1.24 12.3212 -39.9663 -27.6451
1.26 13.5986 -41.2437 -27.6451
1.28 14.9779 -42.6175 -27.6396
1.3 16.9135 -44.5531 -27.6396
1.32 18.2912 -45.9253 -27.6341
1.34 18.8126 -46.4468 -27.6341
1.36 19.1251 -46.7757 -27.6506
1.38 18.3987 -46.0493 -27.6506
1.4 16.3514 -43.9911 -27.6396
1.42 14.2801 -41.9197 -27.6396
1.44 13.1604 -40.8055 -27.6451
1.46 14.2232 -41.8683 -27.6451
1.48 16.6786 -44.3237 -27.6451
1.5 17.9284 -45.5625 -27.6341
1.52 17.1833 -44.8229 -27.6396
1.54 14.1205 -41.7546 -27.6342
1.56 11.8269 -39.4665 -27.6396
1.58 14.2891 -41.9232 -27.6341
1.6 16.2063 -43.8295 -27.6232
1.62 15.34 -42.9523 -27.6122
1.64 15.6083 -43.2205 -27.6122
1.66 17.753 -45.3542 -27.6013
1.68 18.1204 -45.7217 -27.6013
1.7 16.859 -44.4658 -27.6067
1.72 17.0505 -44.6572 -27.6067
1.74 18.44 -46.0467 -27.6068
1.76 18.8123 -46.4136 -27.6013
1.78 18.6694 -46.2598 -27.5903
1.8 18.8888 -46.4736 -27.5848
1.82 19.2847 -46.8695 -27.5848
1.84 19.3311 -46.9159 -27.5848
1.86 18.3078 -45.8926 -27.5848
1.88 16.5681 -44.1694 -27.6013
1.9 15.5674 -43.1687 -27.6013
1.92 14.8447 -42.4569 -27.6122
1.94 14.5854 -42.2086 -27.6232
1.96 15.0762 -42.6939 -27.6177
1.98 15.5762 -43.2048 -27.6287
2 15.6902 -43.3244 -27.6342
2.02 14.6695 -42.2927 -27.6232
2.04 13.7501 -41.3733 -27.6232
2.06 15.0716 -42.6893 -27.6177
2.08 17.1287 -44.7409 -27.6122
2.1 18.1852 -45.8029 -27.6177
2.12 17.8009 -45.4295 -27.6287
2.14 16.0973 -43.7205 -27.6232
2.16 14.2097 -41.8274 -27.6177
2.18 13.3827 -41.0114 -27.6287
2.2 13.3771 -41.0002 -27.6232
2.22 13.5191 -41.1423 -27.6232
2.24 14.3339 -41.9735 -27.6396
2.26 15.3963 -43.0359 -27.6396
2.28 15.1047 -42.7443 -27.6396
2.3 14.2821 -41.9162 -27.6341
2.32 14.6664 -42.3006 -27.6342
2.34 15.6101 -43.2443 -27.6342
2.36 15.8623 -43.491 -27.6287
2.38 15.8514 -43.4965 -27.6451
2.4 16.0451 -43.6957 -27.6506
2.42 16.1426 -43.7877 -27.6451
2.44 16.3481 -43.9822 -27.6341
2.46 17.651 -45.2852 -27.6341
2.48 19.9967 -47.6418 -27.6451
2.5 21.1809 -48.8205 -27.6396
2.52 19.4931 -47.1327 -27.6396
2.54 17.8287 -45.4683 -27.6396
2.56 18.2787 -45.9238 -27.6451
2.58 17.6971 -45.3367 -27.6396
2.6 16.4874 -44.127 -27.6396
2.62 16.495 -44.1292 -27.6341
2.64 17.6316 -45.2658 -27.6341
2.66 17.3976 -45.0318 -27.6341
2.68 15.9155 -43.5497 -27.6341
2.7 15.5994 -43.239 -27.6396
2.72 16.8135 -44.4477 -27.6341
2.74 17.1904 -44.8246 -27.6341
2.76 14.3741 -42.0027 -27.6287
2.78 11.0367 -38.6653 -27.6286
2.8 12.9262 -40.5604 -27.6341
2.82 15.2563 -42.8905 -27.6341
2.84 15.5942 -43.2283 -27.6341
2.86 15.5376 -43.1608 -27.6232
2.88 17.3022 -44.9144 -27.6122
2.9 20.1099 -47.7331 -27.6232
2.92 20.1338 -47.757 -27.6232
2.94 16.7205 -44.3437 -27.6232
2.96 13.424 -41.0417 -27.6177
2.98 13.6348 -41.2525 -27.6177
3 14.0267 -41.6499 -27.6232
3.02 15.1314 -42.7545 -27.6232
3.04 16.6337 -44.2569 -27.6232
3.06 16.7071 -44.3303 -27.6232
3.08 15.2184 -42.8416 -27.6232
3.1 12.8324 -40.4555 -27.6232
3.12 11.9822 -39.5999 -27.6177
3.14 13.9702 -41.5879 -27.6177
3.16 16.9927 -44.6049 -27.6122
3.18 18.7337 -46.346 -27.6122
3.2 18.3756 -45.9988 -27.6232
3.22 16.3839 -44.0016 -27.6177
3.24 13.7651 -41.3828 -27.6177
3.26 12.607 -40.2247 -27.6177
3.28 14.0144 -41.6321 -27.6177
3.3 15.6233 -43.241 -27.6177
3.32 16.9197 -44.5374 -27.6177
3.34 17.9236 -45.5468 -27.6232
3.36 18.3316 -45.9548 -27.6232
3.38 17.4116 -45.0403 -27.6287
3.4 16.0005 -43.6346 -27.6341
3.42 16.2094 -43.8326 -27.6232
3.44 17.1388 -44.7511 -27.6122
3.46 16.8541 -44.4663 -27.6122
3.48 15.7188 -43.342 -27.6232
3.5 14.5939 -42.217 -27.6232
3.52 13.7648 -41.388 -27.6232
3.54 13.7963 -41.4031 -27.6067
3.56 15.6918 -43.2985 -27.6067
3.58 18.4208 -46.0275 -27.6067
3.6 20.1662 -47.7784 -27.6122
3.62 20.3912 -47.9979 -27.6067
3.64 19.4827 -47.084 -27.6013
3.66 18.1279 -45.7401 -27.6122
3.68 16.4815 -44.0992 -27.6177
3.7 15.4672 -43.0849 -27.6177
3.72 16.1461 -43.7693 -27.6232
3.74 16.9372 -44.5604 -27.6232
3.76 16.3313 -43.96 -27.6287
3.78 13.5804 -41.2146 -27.6341
3.8 10.7941 -38.4282 -27.6341
3.82 12.1124 -39.7411 -27.6287
3.84 14.6009 -42.2296 -27.6287
3.86 15.5184 -43.1471 -27.6287
3.88 15.2647 -42.8934 -27.6287
3.9 13.919 -41.5477 -27.6287
3.92 13.4407 -41.0639 -27.6232
3.94 15.4984 -43.1161 -27.6177
3.96 17.0959 -44.7081 -27.6122
3.98 16.6119 -44.2241 -27.6122
4 15.1814 -42.7936 -27.6122
4.02 13.1199 -40.7266 -27.6068
4.04 11.4869 -39.0937 -27.6067
4.06 13.848 -41.4437 -27.5958
4.08 17.672 -45.2732 -27.6013
4.1 19.8215 -47.4228 -27.6013
4.12 20.0553 -47.6621 -27.6068
4.14 19.1535 -46.7602 -27.6067
4.16 17.9575 -45.5533 -27.5958
4.18 17.1576 -44.7534 -27.5958
4.2 17.2496 -44.8454 -27.5958
4.22 17.6007 -45.1965 -27.5958
4.24 16.9454 -44.5467 -27.6013
4.26 15.7979 -43.3991 -27.6013
4.28 16.6903 -44.2916 -27.6013
4.3 17.6661 -45.2673 -27.6013
4.32 17.1326 -44.7393 -27.6067
4.34 16.9518 -44.564 -27.6122
4.36 17.7876 -45.3998 -27.6122
4.38 18.1861 -45.7929 -27.6067
4.4 17.226 -44.8273 -27.6013
4.42 15.5443 -43.1346 -27.5903
4.44 14.2991 -41.8894 -27.5903
4.46 15.4753 -43.0765 -27.6013
4.48 16.8727 -44.474 -27.6013
4.5 17.4998 -45.1011 -27.6013
4.52 17.3589 -44.9602 -27.6013
4.54 16.833 -44.4342 -27.6013
4.56 16.6422 -44.249 -27.6067
4.58 16.6153 -44.2275 -27.6122
4.6 16.3758 -43.9936 -27.6177
4.62 16.382 -43.9997 -27.6177
4.64 17.224 -44.8362 -27.6122
4.66 18.1112 -45.7289 -27.6177
4.68 18.0543 -45.672 -27.6177
4.7 17.1298 -44.742 -27.6122
4.72 16.1233 -43.73 -27.6068
4.74 16.0811 -43.6824 -27.6013
4.76 17.0154 -44.6167 -27.6013
4.78 17.6991 -45.3058 -27.6068
4.8 17.0756 -44.6934 -27.6177
4.82 15.2032 -42.821 -27.6177
4.84 13.7959 -41.4082 -27.6122
4.86 13.9309 -41.5376 -27.6068
4.88 15.1524 -42.7591 -27.6068
4.9 15.6908 -43.2921 -27.6013
4.92 15.1037 -42.6995 -27.5958
4.94 15.0064 -42.6022 -27.5958
4.96 15.4145 -43.0103 -27.5958
4.98 16.1682 -43.764 -27.5958
5 16.5628 -44.1586 -27.5958
5.02 16.544 -44.1452 -27.6013
5.04 16.9709 -44.5722 -27.6013
5.06 16.2679 -43.8637 -27.5958
5.08 15.1371 -42.7329 -27.5958
5.1 16.1926 -43.7884 -27.5958
5.12 17.477 -45.0783 -27.6013
5.14 17.4496 -45.0509 -27.6013
5.16 17.4916 -45.0874 -27.5958
5.18 18.7697 -46.3655 -27.5958
5.2 18.8833 -46.4791 -27.5958
5.22 16.9069 -44.4972 -27.5903
5.24 14.4116 -42.0019 -27.5903
5.26 12.6992 -40.284 -27.5848
5.28 13.9814 -41.5663 -27.5848
5.3 16.4341 -44.0134 -27.5794
5.32 18.3608 -45.9402 -27.5794
5.34 18.748 -46.3383 -27.5903
5.36 17.2718 -44.8676 -27.5958
5.38 16.9744 -44.5647 -27.5903
5.4 17.1974 -44.8041 -27.6068
5.42 16.7278 -44.3345 -27.6068
5.44 16.0578 -43.659 -27.6013
5.46 16.8045 -44.4222 -27.6177
5.48 18.5229 -46.1297 -27.6068
5.5 18.8484 -46.4552 -27.6068
5.52 17.789 -45.3957 -27.6068
5.54 16.8603 -44.4726 -27.6122
5.56 15.8619 -43.4796 -27.6177
5.58 15.0595 -42.6881 -27.6287
5.6 16.406 -44.0346 -27.6287
5.62 18.5784 -46.1961 -27.6177
5.64 19.6241 -47.2363 -27.6122
5.66 19.5935 -47.2003 -27.6067
5.68 19.0529 -46.6596 -27.6067
5.7 18.7293 -46.3415 -27.6122
5.72 19.0275 -46.6342 -27.6067
5.74 19.0777 -46.679 -27.6013
5.76 17.9345 -45.5358 -27.6013
5.78 16.7573 -44.3695 -27.6122
5.8 16.8998 -44.523 -27.6232
5.82 16.7464 -44.3696 -27.6232
5.84 16.0794 -43.7025 -27.6232
5.86 16.6691 -44.3033 -27.6341
5.88 18.1562 -45.7904 -27.6341
5.9 18.6838 -46.3289 -27.6451
5.92 17.856 -45.5011 -27.6451
5.94 16.8944 -44.5395 -27.6451
5.96 16.4458 -44.0854 -27.6396
5.98 15.2251 -42.8592 -27.6342
6 13.2664 -40.9006 -27.6341
6.02 13.8673 -41.5069 -27.6396
6.04 16.1175 -43.7572 -27.6396
6.06 18.1572 -45.7803 -27.6232
6.08 19.3893 -46.996 -27.6068
6.1 19.3423 -46.9381 -27.5958
6.12 17.6776 -45.2734 -27.5958
6.14 15.185 -42.7808 -27.5958
6.16 14.1687 -41.759 -27.5903
6.18 15.6348 -43.2306 -27.5958
6.2 16.2821 -43.8779 -27.5958
6.22 15.5501 -43.1569 -27.6068
6.24 15.7404 -43.3472 -27.6068
6.26 17.0478 -44.6491 -27.6013
6.28 18.0305 -45.6427 -27.6122
6.3 17.5753 -45.1821 -27.6068
6.32 16.9244 -44.5367 -27.6122
6.34 15.829 -43.4413 -27.6122
6.36 14.5779 -42.1956 -27.6177
6.38 14.3684 -41.9916 -27.6232
6.4 14.5927 -42.2159 -27.6232
6.42 14.914 -42.5372 -27.6232
6.44 15.4551 -43.0728 -27.6177
6.46 15.9537 -43.5714 -27.6177
6.48 16.5035 -44.1212 -27.6177
6.5 17.4438 -45.0615 -27.6177
6.52 18.1211 -45.7443 -27.6232
6.54 17.9797 -45.5974 -27.6177
6.56 17.0877 -44.7109 -27.6232
6.58 15.9168 -43.54 -27.6232
6.6 14.8023 -42.4255 -27.6232
6.62 13.7205 -41.3437 -27.6232
6.64 13.397 -41.0202 -27.6232
6.66 14.3974 -42.0151 -27.6177
6.68 15.8248 -43.4315 -27.6068
6.7 16.7629 -44.3641 -27.6013
6.72 17.6214 -45.2227 -27.6013
6.74 18.9455 -46.5577 -27.6122
6.76 19.7125 -47.3247 -27.6122
6.78 19.3209 -46.9222 -27.6013
6.8 18.3521 -45.9533 -27.6013
6.82 17.6006 -45.2018 -27.6013
6.84 17.1193 -44.7206 -27.6013
6.86 16.8159 -44.4172 -27.6013
6.88 17.0481 -44.6604 -27.6122
6.9 17.6067 -45.2244 -27.6177
6.92 18.0117 -45.6294 -27.6177
6.94 17.3966 -45.0198 -27.6232
6.96 16.1503 -43.7789 -27.6287
6.98 15.6766 -43.3052 -27.6287
7 15.4947 -43.1233 -27.6287
7.02 15.1897 -42.8129 -27.6232
7.04 15.4659 -43.0781 -27.6122
7.06 16.1637 -43.776 -27.6122
7.08 16.4064 -44.0131 -27.6068
7.1 15.8654 -43.4722 -27.6068
7.12 15.7199 -43.3266 -27.6068
7.14 15.7922 -43.399 -27.6068
7.16 15.2947 -42.9015 -27.6068
7.18 14.9373 -42.5495 -27.6122
7.2 15.1993 -42.8115 -27.6122
7.22 15.5167 -43.1344 -27.6177
7.24 15.4687 -43.0864 -27.6177
7.26 14.8025 -42.4257 -27.6232
7.28 13.8907 -41.5139 -27.6232
7.3 14.1068 -41.73 -27.6232
7.32 15.4907 -43.1084 -27.6177
7.34 16.9044 -44.5222 -27.6177
7.36 17.5506 -45.1629 -27.6122
7.38 17.1772 -44.7949 -27.6177
7.4 16.3336 -43.9514 -27.6177
7.42 15.7223 -43.3455 -27.6232
7.44 15.5832 -43.2064 -27.6232
7.46 15.8794 -43.508 -27.6287
7.48 16.2844 -43.924 -27.6396
7.5 16.9721 -44.6117 -27.6396
7.52 17.6551 -45.2893 -27.6342
7.54 17.417 -45.0457 -27.6287
7.56 17.3791 -45.0133 -27.6341
7.58 17.9948 -45.6289 -27.6342
7.6 17.8654 -45.505 -27.6396
7.62 16.6067 -44.2353 -27.6287
7.64 15.2015 -42.8247 -27.6232
7.66 14.4319 -42.0606 -27.6287
7.68 14.4488 -42.072 -27.6232
7.7 14.8558 -42.4735 -27.6177
7.72 15.5157 -43.1334 -27.6177
7.74 16.9364 -44.5487 -27.6122
7.76 17.7989 -45.4112 -27.6122
7.78 17.7087 -45.3209 -27.6122
7.8 16.9703 -44.588 -27.6177
7.82 15.1976 -42.7989 -27.6013
7.84 14.4308 -42.0321 -27.6013
7.86 15.2069 -42.7973 -27.5903
7.88 16.3264 -43.9167 -27.5903
7.9 16.3374 -43.9277 -27.5903
7.92 16.5019 -44.0922 -27.5903
7.94 16.3341 -43.9244 -27.5903
7.96 15.0588 -42.6437 -27.5848
7.98 14.5359 -42.1317 -27.5958
8 16.0455 -43.6468 -27.6013
8.02 18.1721 -45.7789 -27.6068
8.04 19.3172 -46.9239 -27.6068
8.06 18.4326 -46.0338 -27.6013
8.08 16.1419 -43.7432 -27.6013
8.1 16.0969 -43.6982 -27.6013
8.12 18.2181 -45.8194 -27.6013
8.14 19.6552 -47.2674 -27.6122
8.16 19.5376 -47.1553 -27.6177
8.18 18.0359 -45.6481 -27.6122
8.2 17.2482 -44.8604 -27.6122
8.22 18.168 -45.7912 -27.6232
8.24 19.2059 -46.8291 -27.6232
8.26 19.3579 -46.9811 -27.6232
8.28 18.2692 -45.8979 -27.6287
8.3 16.41 -44.0386 -27.6287
8.32 14.9106 -42.5392 -27.6287
8.34 14.5204 -42.1436 -27.6232
8.36 14.2162 -41.8449 -27.6287
8.38 13.7669 -41.4011 -27.6342
8.4 14.2876 -41.9217 -27.6342
8.42 15.5845 -43.2187 -27.6342
8.44 17.1343 -44.7466 -27.6122
8.46 17.9971 -45.6094 -27.6122
8.48 17.7938 -45.4006 -27.6068
8.5 17.8283 -45.435 -27.6068
8.52 18.1685 -45.7862 -27.6177
8.54 17.9101 -45.5278 -27.6177
8.56 18.3064 -45.9241 -27.6177
8.58 18.8726 -46.4793 -27.6068
8.6 18.1302 -45.7424 -27.6122
8.62 15.4381 -43.0504 -27.6122
8.64 13.1162 -40.7229 -27.6068
8.66 16.3159 -43.9172 -27.6013
8.68 20.406 -48.0073 -27.6013
8.7 21.5598 -49.1556 -27.5958
8.72 19.5029 -47.0987 -27.5958
8.74 14.6574 -42.2532 -27.5958
8.76 10.4842 -38.0855 -27.6013
8.78 11.1537 -38.755 -27.6013
8.8 14.3309 -41.9321 -27.6013
8.82 16.1706 -43.7719 -27.6013
8.84 15.1641 -42.7654 -27.6013
8.86 14.8314 -42.4327 -27.6013
8.88 17.8232 -45.4299 -27.6068
8.9 18.3153 -45.9166 -27.6013
8.92 17.1036 -44.7104 -27.6068
8.94 17.1914 -44.7982 -27.6068
8.96 17.6606 -45.2783 -27.6177
8.98 17.8659 -45.4837 -27.6177
9 17.9972 -45.604 -27.6068
9.02 18.0992 -45.7114 -27.6122
9.04 18.2772 -45.8894 -27.6122
9.06 18.1049 -45.7171 -27.6122
9.08 17.3877 -44.9999 -27.6122
9.1 16.4185 -44.0362 -27.6177
9.12 16.1921 -43.8043 -27.6122
9.14 16.4961 -44.1083 -27.6123
9.16 16.5083 -44.126 -27.6177
9.18 17.306 -44.9347 -27.6287
9.2 18.3119 -45.9406 -27.6287
9.22 17.6938 -45.328 -27.6342
9.24 15.8785 -43.5072 -27.6287
9.26 15.1389 -42.7621 -27.6232
9.28 15.5794 -43.2026 -27.6232
9.3 15.6649 -43.2881 -27.6232
9.32 15.9572 -43.5804 -27.6232
9.34 16.9423 -44.5764 -27.6342
9.36 17.8806 -45.5257 -27.6451
9.38 18.3755 -46.0206 -27.6451
9.4 17.4346 -45.0743 -27.6396
9.42 14.8498 -42.4839 -27.6342
9.44 12.5505 -40.1792 -27.6287
9.46 12.9984 -40.6216 -27.6232
9.48 14.9052 -42.5284 -27.6232
9.5 15.9637 -43.5924 -27.6287
9.52 15.3045 -42.9332 -27.6287
9.54 14.3137 -41.9479 -27.6342
9.56 15.6364 -43.276 -27.6396
9.58 18.4849 -46.1191 -27.6342
9.6 20.4511 -48.0962 -27.6451
9.62 20.1485 -47.7827 -27.6342
9.64 16.6296 -44.2638 -27.6342
9.66 11.812 -39.4461 -27.6342
9.68 11.805 -39.4337 -27.6287
9.7 13.9087 -41.5373 -27.6287
9.72 13.3702 -40.9989 -27.6287
9.74 13.4359 -41.0481 -27.6122
9.76 16.6299 -44.2366 -27.6068
9.78 18.6671 -46.2793 -27.6122
9.8 19.5861 -47.2038 -27.6177
9.82 20.1878 -47.8 -27.6122
9.84 20.1868 -47.7936 -27.6068
9.86 19.542 -47.1433 -27.6013
9.88 18.2565 -45.8633 -27.6068
9.9 16.5158 -44.1281 -27.6122
9.92 15.0492 -42.6614 -27.6122
9.94 13.6996 -41.3064 -27.6068
9.96 12.1831 -39.7899 -27.6068
9.98 12.1898 -39.7966 -27.6068
10 13.2432 -40.85 -27.6068
10.02 15.3995 -42.9953 -27.5958
10.04 17.9268 -45.5226 -27.5958
10.06 17.9443 -45.5292 -27.5849
10.08 16.3475 -43.9323 -27.5849
10.1 15.3121 -42.9024 -27.5903
10.12 15.0799 -42.6648 -27.5849
10.14 14.7737 -42.364 -27.5903
10.16 16.4222 -44.0126 -27.5903
10.18 18.7263 -46.3166 -27.5903
10.2 19.5731 -47.1689 -27.5958
10.22 18.4775 -46.0898 -27.6123
10.24 16.1464 -43.7642 -27.6177
10.26 14.4797 -42.1084 -27.6287
10.28 15.3692 -42.9979 -27.6287
10.3 17.6982 -45.3269 -27.6287
10.32 18.8536 -46.4877 -27.6342
10.34 18.2481 -45.8713 -27.6232
10.36 16.5399 -44.174 -27.6342
10.38 15.5724 -43.212 -27.6396
10.4 16.5149 -44.1491 -27.6342
10.42 17.2129 -44.8471 -27.6342
10.44 17.0666 -44.6953 -27.6287
10.46 16.4109 -44.0286 -27.6177
10.48 15.2409 -42.8531 -27.6123
10.5 14.3402 -41.9689 -27.6287
10.52 13.2178 -40.8465 -27.6287
10.54 12.5229 -40.1462 -27.6232
10.56 13.3483 -40.9769 -27.6287
10.58 16.3999 -44.0231 -27.6232
10.6 18.4034 -46.0156 -27.6122
10.62 18.5856 -46.1924 -27.6068
10.64 17.0454 -44.6467 -27.6013
10.66 13.7886 -41.3899 -27.6013
10.68 13.4565 -41.0578 -27.6013
10.7 14.6465 -42.2533 -27.6068
10.72 16.5881 -44.1949 -27.6068
10.74 18.1121 -45.7134 -27.6013
10.76 17.2538 -44.8496 -27.5958
10.78 14.1644 -41.7712 -27.6068
10.8 12.1464 -39.7586 -27.6122
10.82 13.8025 -41.4203 -27.6177
10.84 16.4211 -44.0388 -27.6177
10.86 17.8842 -45.5074 -27.6232
10.88 17.0325 -44.6557 -27.6232
10.9 15.1574 -42.7696 -27.6122
10.92 15.3991 -43.0059 -27.6068
10.94 16.1061 -43.7183 -27.6122
10.96 14.3809 -41.9877 -27.6068
10.98 12.1535 -39.7547 -27.6013
11 14.3983 -41.9996 -27.6013
11.02 18.2854 -45.8921 -27.6068
11.04 19.233 -46.8398 -27.6068
11.06 16.5697 -44.1819 -27.6122
11.08 14.2359 -41.8481 -27.6122
11.1 15.7837 -43.3959 -27.6122
11.12 17.6357 -45.259 -27.6232
11.14 17.2679 -44.8966 -27.6287
11.16 15.4246 -43.0533 -27.6287
11.18 13.1154 -40.7386 -27.6232
11.2 13.3938 -41.0225 -27.6287
11.22 15.6939 -43.3171 -27.6232
11.24 15.0525 -42.6757 -27.6232
11.26 15.7288 -43.352 -27.6232
11.28 17.8469 -45.4591 -27.6122
11.3 16.6112 -44.2289 -27.6177
11.32 14.2484 -41.8661 -27.6177
11.34 15.8051 -43.4228 -27.6177
11.36 16.7293 -44.3416 -27.6122
11.38 14.8283 -42.446 -27.6177
11.4 14.7875 -42.4053 -27.6177
11.42 18.4469 -46.0647 -27.6177
11.44 20.1709 -47.7886 -27.6177
11.46 18.9187 -46.5365 -27.6177
11.48 16.1003 -43.718 -27.6177
11.5 15.3806 -42.9874 -27.6068
11.52 16.9887 -44.59 -27.6013
11.54 18.6381 -46.2338 -27.5958
11.56 19.0793 -46.6696 -27.5903
11.58 17.7858 -45.3706 -27.5848
11.6 14.4118 -41.9966 -27.5848
11.62 13.3352 -40.9256 -27.5903
11.64 15.7183 -43.3086 -27.5903
11.66 17.337 -44.9273 -27.5903
11.68 17.277 -44.8618 -27.5848
11.7 15.9068 -43.4861 -27.5794
11.72 15.0072 -42.5866 -27.5794
11.74 15.4889 -43.0628 -27.5739
11.76 15.7381 -43.3174 -27.5794
11.78 14.6939 -42.2732 -27.5794
11.8 15.2847 -42.8696 -27.5848
11.82 18.5621 -46.1469 -27.5848
11.84 21.11 -48.7112 -27.6013
11.86 21.202 -48.8088 -27.6068
11.88 18.8263 -46.4275 -27.6013
11.9 15.9819 -43.5831 -27.6013
11.92 15.5081 -43.1148 -27.6067
11.94 16.708 -44.3148 -27.6067
11.96 17.9363 -45.5431 -27.6067
11.98 17.9085 -45.5152 -27.6067
12 16.4096 -44.0163 -27.6068
12.02 14.4346 -42.0524 -27.6177
12.04 13.8289 -41.4521 -27.6232
12.06 14.3197 -41.9428 -27.6232
12.08 15.3401 -42.9633 -27.6232
12.1 16.7825 -44.4002 -27.6177
12.12 17.8022 -45.4199 -27.6177
12.14 18.089 -45.7012 -27.6122
12.16 17.402 -45.0197 -27.6177
12.18 15.4707 -43.0884 -27.6177
12.2 13.8904 -41.5191 -27.6287
12.22 14.835 -42.4691 -27.6341
12.24 15.2625 -42.8966 -27.6341
12.26 14.0206 -41.6547 -27.6341
12.28 14.6395 -42.2682 -27.6287
12.3 16.6556 -44.2842 -27.6287
12.32 16.5911 -44.2143 -27.6232
12.34 16.1163 -43.734 -27.6177
12.36 17.1791 -44.7968 -27.6177
12.38 18.3319 -45.9441 -27.6122
12.4 18.3294 -45.9417 -27.6122
12.42 17.7371 -45.3493 -27.6122
12.44 17.624 -45.2308 -27.6067
12.46 17.0225 -44.6456 -27.6232
12.48 15.0049 -42.6281 -27.6232
12.5 13.925 -41.5482 -27.6232
12.52 14.8081 -42.4313 -27.6232
12.54 14.6039 -42.2216 -27.6177
12.56 12.702 -40.3252 -27.6232
12.58 12.19 -39.8077 -27.6177
12.6 14.1072 -41.7304 -27.6232
12.62 15.2143 -42.8375 -27.6232
12.64 14.8989 -42.5275 -27.6287
12.66 14.1623 -41.791 -27.6287
12.68 14.1239 -41.747 -27.6232
12.7 15.032 -42.6607 -27.6287
12.72 16.3077 -43.9308 -27.6232
12.74 17.6966 -45.3143 -27.6177
12.76 18.767 -46.3902 -27.6232
12.78 18.3871 -46.0103 -27.6232
12.8 16.394 -44.0172 -27.6232
12.82 15.5759 -43.1936 -27.6177
12.84 16.4785 -44.1072 -27.6287
12.86 16.4309 -44.0595 -27.6287
12.88 16.0167 -43.6454 -27.6286
12.9 17.3985 -45.0271 -27.6287
12.92 19.3313 -46.9545 -27.6232
12.94 19.3998 -47.0229 -27.6232
12.96 18.3356 -45.9588 -27.6232
12.98 17.4497 -45.0729 -27.6232
13 15.8209 -43.444 -27.6232
13.02 13.313 -40.9307 -27.6177
13.04 12.6201 -40.2323 -27.6122
13.06 15.1011 -42.7188 -27.6177
13.08 17.0586 -44.6708 -27.6122
13.1 16.75 -44.3677 -27.6177
13.12 15.3241 -42.9473 -27.6232
13.14 15.4853 -43.103 -27.6177
13.16 17.8391 -45.4459 -27.6067
13.18 19.048 -46.6657 -27.6177
13.2 18.3867 -45.9934 -27.6067
13.22 17.4434 -45.0501 -27.6067
13.24 17.0392 -44.6404 -27.6013
13.26 16.3811 -43.9878 -27.6067
13.28 14.7556 -42.3678 -27.6122
13.3 12.734 -40.3298 -27.5958
13.32 13.027 -40.6337 -27.6067
13.34 15.4251 -43.0208 -27.5958
13.36 16.804 -44.4107 -27.6067
13.38 19.2245 -46.8312 -27.6067
13.4 20.8804 -48.4817 -27.6013
13.42 20.4207 -48.022 -27.6013
13.44 19.6564 -47.2577 -27.6013
13.46 19.5076 -47.1088 -27.6013
13.48 19.4196 -47.0209 -27.6013
13.5 19.3363 -46.9431 -27.6067
13.52 19.0078 -46.62 -27.6122
13.54 17.4866 -45.0988 -27.6122
13.56 14.6905 -42.3027 -27.6122
13.58 12.6269 -40.2446 -27.6177
13.6 12.0591 -39.6768 -27.6177
13.62 12.4465 -40.0751 -27.6287
13.64 11.78 -39.4086 -27.6287
13.66 12.7585 -40.3926 -27.6341
13.68 13.7382 -41.3723 -27.6341
13.7 13.5628 -41.1969 -27.6341
13.72 17.0473 -44.6814 -27.6341
13.74 20.9408 -48.5694 -27.6287
13.76 21.9467 -49.5699 -27.6232
13.78 20.583 -48.2007 -27.6177
13.8 18.3674 -45.9906 -27.6232
13.82 17.2409 -44.864 -27.6232
13.84 17.6713 -45.289 -27.6177
13.86 18.5155 -46.1277 -27.6122
13.88 18.8106 -46.4337 -27.6232
13.9 17.1782 -44.7959 -27.6177
13.92 14.925 -42.5427 -27.6177
13.94 17.5722 -45.1899 -27.6177
13.96 18.7249 -46.3316 -27.6068
13.98 17.1224 -44.7346 -27.6122
14 15.7646 -43.3769 -27.6122
14.02 15.4905 -43.1082 -27.6177
14.04 15.6253 -43.2539 -27.6287
14.06 16.7667 -44.4008 -27.6341
14.08 17.7859 -45.4146 -27.6287
14.1 16.7458 -44.3744 -27.6287
14.12 16.0465 -43.6752 -27.6287
14.14 16.7392 -44.3679 -27.6287
14.16 16.8283 -44.457 -27.6287
14.18 15.7809 -43.3986 -27.6177
14.2 14.5848 -42.2025 -27.6177
14.22 15.5872 -43.2049 -27.6177
14.24 18.9421 -46.5598 -27.6177
14.26 20.7884 -48.4006 -27.6122
14.28 19.6349 -47.2416 -27.6067
14.3 16.7485 -44.3607 -27.6122
14.32 14.7022 -42.3199 -27.6177
14.34 14.4449 -42.0736 -27.6287
14.36 15.7881 -43.4167 -27.6287
14.38 17.6117 -45.2404 -27.6287
14.4 18.5845 -46.2131 -27.6287
14.42 19.003 -46.6207 -27.6177
14.44 19.1382 -46.7449 -27.6067
14.46 17.5877 -45.1945 -27.6067
14.48 14.7337 -42.3405 -27.6067
14.5 15.8781 -43.4849 -27.6067
14.52 18.628 -46.2292 -27.6013
14.54 19.877 -47.4837 -27.6067
14.56 18.8593 -46.4606 -27.6013
14.58 16.9115 -44.5182 -27.6067
14.6 17.0249 -44.6207 -27.5958
14.62 18.0904 -45.6917 -27.6013
14.64 17.6134 -45.2201 -27.6067
14.66 16.0486 -43.6553 -27.6067
14.68 15.0503 -42.6406 -27.5903
14.7 14.8065 -42.4078 -27.6013
14.72 14.4427 -42.044 -27.6013
14.74 15.1107 -42.7119 -27.6013
14.76 16.7317 -44.3385 -27.6067
14.78 17.554 -45.1498 -27.5958
14.8 17.5493 -45.1506 -27.6013
14.82 17.435 -45.0308 -27.5958
14.84 17.9399 -45.5357 -27.5958
14.86 18.8092 -46.4049 -27.5958
14.88 19.4514 -47.0472 -27.5958
14.9 19.1756 -46.7769 -27.6013
14.92 18.1882 -45.8004 -27.6122
14.94 16.7601 -44.3723 -27.6122
14.96 15.5109 -43.1286 -27.6177
14.98 15.7673 -43.3795 -27.6122
15 17.2314 -44.8382 -27.6067
15.02 17.5445 -45.1622 -27.6177
15.04 14.4528 -42.0705 -27.6177
15.06 12.0941 -39.7337 -27.6396
15.08 13.5675 -41.2071 -27.6396
15.1 15.4623 -43.1074 -27.6451
15.12 15.7801 -43.4033 -27.6232
15.14 14.473 -42.1126 -27.6396
15.16 15.4019 -43.0305 -27.6287
15.18 17.0162 -44.6504 -27.6341
15.2 17.6466 -45.2807 -27.6341
15.22 17.8478 -45.482 -27.6341
15.24 18.0067 -45.6409 -27.6341
15.26 18.0436 -45.6723 -27.6287
15.28 17.7364 -45.354 -27.6177
15.3 17.3517 -44.9694 -27.6177
15.32 17.3547 -44.9779 -27.6232
15.34 17.1625 -44.7912 -27.6287
15.36 15.2836 -42.9123 -27.6287
15.38 13.8782 -41.5069 -27.6287
15.4 17.184 -44.8017 -27.6177
15.42 19.4738 -47.0915 -27.6177
15.44 17.6969 -45.3201 -27.6232
15.46 13.7158 -41.3335 -27.6177
15.48 11.2976 -38.9098 -27.6122
15.5 11.8662 -39.4729 -27.6067
15.52 13.8742 -41.4865 -27.6122
15.54 16.0042 -43.6164 -27.6122
15.56 17.0492 -44.6669 -27.6177
15.58 17.2333 -44.851 -27.6177
15.6 17.9563 -45.574 -27.6177
15.62 18.9919 -46.6096 -27.6177
15.64 19.0569 -46.6746 -27.6177
15.66 18.487 -46.1047 -27.6177
15.68 17.9756 -45.5878 -27.6122
15.7 17.4328 -45.0395 -27.6067
15.72 16.9306 -44.5483 -27.6177
15.74 17.1334 -44.7566 -27.6232
15.76 17.4552 -45.0839 -27.6287
15.78 17.9184 -45.5416 -27.6232
15.8 19.0777 -46.6954 -27.6177
15.82 19.7337 -47.3459 -27.6122
15.84 18.5019 -46.0977 -27.5958
15.86 16.2104 -43.8007 -27.5903
15.88 16.108 -43.7038 -27.5958
15.9 17.6771 -45.2729 -27.5958
15.92 18.6744 -46.2702 -27.5958
15.94 18.8784 -46.4797 -27.6013
15.96 19.0108 -46.6121 -27.6013
15.98 18.3069 -45.9082 -27.6013
16 17.142 -44.7487 -27.6067
16.02 16.8052 -44.4119 -27.6067
16.04 17.352 -44.9532 -27.6013
16.06 18.8969 -46.4982 -27.6013
16.08 20.6864 -48.2822 -27.5958
16.1 21.6078 -49.2146 -27.6067
16.12 21.2581 -48.8539 -27.5958
16.14 20.176 -47.7773 -27.6013
16.16 18.3708 -45.9666 -27.5958
16.18 15.2568 -42.8581 -27.6013
16.2 13.0867 -40.6934 -27.6067
16.22 12.9542 -40.5719 -27.6177
16.24 14.6081 -42.2258 -27.6177
16.26 15.4623 -43.08 -27.6177
16.28 14.5972 -42.2149 -27.6177
16.3 14.8678 -42.4855 -27.6177
16.32 15.9729 -43.5906 -27.6177
16.34 15.993 -43.6107 -27.6177
16.36 15.5315 -43.1492 -27.6177
16.38 15.9269 -43.5501 -27.6232
16.4 17.2557 -44.8843 -27.6287
16.42 18.3971 -46.0203 -27.6232
16.44 18.5234 -46.1356 -27.6122
16.46 17.654 -45.2608 -27.6067
16.48 15.9747 -43.576 -27.6013
16.5 14.0148 -41.616 -27.6013
16.52 13.5852 -41.1974 -27.6122
16.54 14.6132 -42.22 -27.6067
16.56 14.9292 -42.5359 -27.6067
16.58 15.8829 -43.4951 -27.6122
16.6 16.7085 -44.3207 -27.6122
16.62 14.9738 -42.5806 -27.6067
16.64 13.0842 -40.6854 -27.6013
16.66 14.2772 -41.884 -27.6067
16.68 15.6046 -43.2169 -27.6122
16.7 15.0198 -42.632 -27.6122
16.72 14.0234 -41.6356 -27.6122
16.74 14.156 -41.7737 -27.6177
16.76 14.254 -41.8717 -27.6177
16.78 13.8813 -41.499 -27.6177
16.8 14.6983 -42.3105 -27.6122
16.82 16.2198 -43.832 -27.6122
16.84 16.9616 -44.5847 -27.6232
16.86 17.1966 -44.8197 -27.6232
16.88 17.7971 -45.4258 -27.6287
16.9 18.9141 -46.5428 -27.6287
16.92 19.8753 -47.504 -27.6287
16.94 19.837 -47.4602 -27.6232
16.96 18.1692 -45.7978 -27.6287
16.98 15.0247 -42.6424 -27.6177
17 13.1311 -40.7488 -27.6177
17.02 15.0775 -42.6952 -27.6177
17.04 17.7637 -45.3814 -27.6177
17.06 18.3187 -45.9474 -27.6287
17.08 17.048 -44.6712 -27.6232
17.1 16.2981 -43.9267 -27.6287
17.12 15.3344 -42.963 -27.6287
17.14 14.3356 -41.9642 -27.6287
17.16 14.5494 -42.1835 -27.6341
17.18 14.6822 -42.3163 -27.6341
17.2 16.2491 -43.8832 -27.6341
17.22 17.4523 -45.0809 -27.6287
17.24 17.4278 -45.0674 -27.6396
17.26 16.6621 -44.2962 -27.6341
17.28 15.4109 -43.0505 -27.6396
17.3 13.9338 -41.5734 -27.6396
17.32 12.834 -40.4791 -27.6451
17.34 12.6579 -40.3084 -27.6506
17.36 13.0015 -40.6521 -27.6506
17.38 13.6985 -41.3491 -27.6506
17.4 14.2106 -41.8557 -27.6451
17.42 14.8221 -42.4672 -27.6451
17.44 15.7712 -43.4109 -27.6396
17.46 15.7173 -43.3569 -27.6396
17.48 14.5862 -42.2258 -27.6396
17.5 13.6558 -41.2954 -27.6396
17.52 13.0667 -40.7118 -27.6451
17.54 11.7106 -39.3557 -27.6451
17.56 10.2193 -37.8589 -27.6396
17.58 12.2893 -39.9344 -27.6451
17.6 15.7838 -43.4289 -27.6451
17.62 16.5521 -44.2027 -27.6506
17.64 16.0563 -43.7014 -27.6451
17.66 16.7019 -44.3415 -27.6396
17.68 16.1236 -43.7633 -27.6396
17.7 14.5111 -42.1452 -27.6341
17.72 14.5798 -42.2085 -27.6286
17.74 16.9741 -44.6028 -27.6287
17.76 19.4485 -47.0881 -27.6396
17.78 20.7721 -48.4063 -27.6341
17.8 21.1752 -48.8038 -27.6286
17.82 20.2601 -47.8833 -27.6232
17.84 17.2553 -44.8784 -27.6232
17.86 14.1621 -41.7852 -27.6232
17.88 14.4086 -42.0318 -27.6232
17.9 15.9164 -43.5505 -27.6341
17.92 17.1395 -44.7792 -27.6396
17.94 17.0027 -44.6313 -27.6286
17.96 16.544 -44.1781 -27.6341
17.98 16.3877 -44.0274 -27.6396
18 15.3199 -42.9486 -27.6286
18.02 16.6114 -44.2455 -27.6341
18.04 17.6143 -45.2485 -27.6341
18.06 18.2241 -45.8582 -27.6341
18.08 19.7831 -47.4172 -27.6341
18.1 20.1472 -47.7813 -27.6341
18.12 18.5323 -46.1719 -27.6396
18.14 15.3187 -42.9583 -27.6396
18.16 14.4182 -42.0469 -27.6286
18.18 15.1969 -42.8256 -27.6287
18.2 14.3177 -41.9464 -27.6287
18.22 12.5439 -40.1671 -27.6232
18.24 11.6663 -39.2895 -27.6232
18.26 14.1592 -41.7824 -27.6232
18.28 16.315 -43.9437 -27.6287
18.3 16.0608 -43.673 -27.6122
18.32 14.6786 -42.3073 -27.6287
18.34 13.4479 -41.082 -27.6341
18.36 13.349 -40.9832 -27.6341
18.38 13.8936 -41.5277 -27.6341
18.4 13.8375 -41.4606 -27.6232
18.42 14.3707 -41.9939 -27.6232
18.44 16.4332 -44.0509 -27.6177
18.46 17.9664 -45.5841 -27.6177
18.48 18.3773 -45.995 -27.6177
18.5 18.0373 -45.6605 -27.6232
18.52 17.5831 -45.2117 -27.6286
18.54 17.5805 -45.2036 -27.6232
18.56 18.2919 -45.9206 -27.6286
18.58 18.5487 -46.1774 -27.6287
18.6 17.8048 -45.4279 -27.6232
18.62 16.584 -44.2127 -27.6287
18.64 15.3086 -42.9208 -27.6122
18.66 14.9986 -42.5998 -27.6013
18.68 15.8118 -43.4186 -27.6067
18.7 16.4146 -44.0213 -27.6067
18.72 15.5652 -43.1774 -27.6122
18.74 13.9803 -41.5925 -27.6122
18.76 13.464 -41.0708 -27.6067
18.78 15.0184 -42.6196 -27.6013
18.8 16.7134 -44.3092 -27.5958
18.82 17.3335 -44.9293 -27.5958
18.84 17.4265 -45.0168 -27.5903
18.86 16.301 -43.8968 -27.5958
18.88 15.6085 -43.2042 -27.5958
18.9 17.7154 -45.3112 -27.5958
18.92 17.8688 -45.4645 -27.5958
18.94 17.5643 -45.1601 -27.5958
18.96 18.9733 -46.5691 -27.5958
18.98 20.6945 -48.2903 -27.5958
19 20.7654 -48.3721 -27.6068
19.02 19.2718 -46.8731 -27.6013
19.04 17.4483 -45.0496 -27.6013
19.06 15.8114 -43.4127 -27.6013
19.08 14.1743 -41.7811 -27.6068
19.1 14.153 -41.7652 -27.6122
19.12 15.395 -43.0127 -27.6177
19.14 15.8779 -43.4956 -27.6177
19.16 15.3033 -42.921 -27.6177
19.18 14.6735 -42.3022 -27.6287
19.2 15.0568 -42.6854 -27.6287
19.22 16.5476 -44.1708 -27.6232
19.24 18.3711 -45.9998 -27.6287
19.26 19.2457 -46.8689 -27.6232
19.28 18.6688 -46.2865 -27.6177
19.3 18.0272 -45.6504 -27.6232
19.32 17.8735 -45.4967 -27.6232
19.34 16.8896 -44.5128 -27.6232
19.36 15.5962 -43.2139 -27.6177
19.38 15.7598 -43.383 -27.6232
19.4 18.1852 -45.7919 -27.6068
19.42 20.5956 -48.2024 -27.6068
19.44 21.0218 -48.6231 -27.6013
19.46 19.8957 -47.5024 -27.6068
19.48 19.7267 -47.3389 -27.6122
19.5 20.3405 -47.9527 -27.6122
19.52 20.2682 -47.8914 -27.6232
19.54 19.7954 -47.4296 -27.6342
19.56 18.7801 -46.4088 -27.6287
19.58 17.7646 -45.3933 -27.6287
19.6 15.9353 -43.5639 -27.6287
19.62 14.4264 -42.0605 -27.6342
19.64 15.2661 -42.9003 -27.6342
19.66 16.8511 -44.4798 -27.6287
19.68 18.6126 -46.2413 -27.6287
19.7 20.1101 -47.7333 -27.6232
19.72 20.4179 -48.0301 -27.6122
19.74 19.7529 -47.3597 -27.6068
19.76 19.008 -46.6093 -27.6013
19.78 19.1752 -46.782 -27.6068
19.8 19.2217 -46.8394 -27.6177
19.82 17.724 -45.3527 -27.6287
19.84 16.0062 -43.6404 -27.6342
19.86 15.5345 -43.1686 -27.6341
19.88 15.7981 -43.4213 -27.6232
19.9 15.3588 -42.982 -27.6232
19.92 13.6494 -41.2726 -27.6232
19.94 14.0165 -41.6342 -27.6177
19.96 15.5756 -43.1879 -27.6122
19.98 15.6044 -43.2221 -27.6177
20 15.4699 -43.0876 -27.6177
20.02 15.8283 -43.4405 -27.6122
20.04 16.879 -44.4912 -27.6122
20.06 18.2754 -45.8877 -27.6122
20.08 19.089 -46.6957 -27.6068
20.1 19.3284 -46.9297 -27.6013
20.12 19.3785 -46.9853 -27.6068
20.14 19.5915 -47.1982 -27.6068
20.16 19.7756 -47.3824 -27.6068
20.18 19.6029 -47.1932 -27.5903
20.2 18.8541 -46.4499 -27.5958
20.22 17.0098 -44.6056 -27.5958
20.24 13.8592 -41.4495 -27.5903
20.26 12.0409 -39.6367 -27.5958
20.28 14.5099 -42.1002 -27.5903
20.3 17.2518 -44.8476 -27.5958
20.32 18.1684 -45.7642 -27.5958
20.34 17.1387 -44.7345 -27.5958
20.36 16.4029 -44.0042 -27.6013
20.38 17.0249 -44.6261 -27.6013
20.4 16.5075 -44.1087 -27.6013
20.42 16.1656 -43.7669 -27.6013
20.44 17.036 -44.6373 -27.6013
20.46 17.0499 -44.6512 -27.6013
20.48 16.1994 -43.7952 -27.5958
20.5 15.8339 -43.4297 -27.5958
20.52 16.867 -44.4628 -27.5958
20.54 18.3889 -45.9902 -27.6013
20.56 19.5327 -47.1394 -27.6068
20.58 20.5736 -48.1749 -27.6013
20.6 21.1114 -48.7072 -27.5958
20.62 20.5505 -48.1463 -27.5958
20.64 19.1291 -46.7359 -27.6068
20.66 17.6907 -45.2975 -27.6068
20.68 17.7502 -45.357 -27.6068
20.7 19.1083 -46.7151 -27.6068
20.72 19.6293 -47.2415 -27.6123
20.74 18.7304 -46.3371 -27.6068
20.76 17.1337 -44.7459 -27.6123
20.78 15.1638 -42.776 -27.6123
20.8 13.1658 -40.778 -27.6123
20.82 12.7617 -40.3794 -27.6177
20.84 14.3824 -41.9946 -27.6123
20.86 16.2613 -43.8845 -27.6232
20.88 17.1533 -44.782 -27.6287
20.9 17.4304 -45.059 -27.6287
20.92 17.8848 -45.5081 -27.6232
20.94 18.5025 -46.1312 -27.6287
20.96 18.8851 -46.5192 -27.6342
20.98 18.3197 -45.9484 -27.6287
21 15.7045 -43.3332 -27.6287
21.02 13.0895 -40.7291 -27.6396
21.04 14.4628 -42.1024 -27.6396
21.06 16.6993 -44.3389 -27.6397
21.08 15.7816 -43.4212 -27.6397
21.1 13.0843 -40.724 -27.6396
21.12 14.199 -41.8331 -27.6342
21.14 15.8563 -43.4905 -27.6342
21.16 13.9537 -41.5879 -27.6342
21.18 13.6151 -41.2493 -27.6342
21.2 14.0921 -41.7263 -27.6342
21.22 15.2326 -42.8723 -27.6397
21.24 16.4887 -44.1284 -27.6397
21.26 15.9494 -43.5891 -27.6397
21.28 15.6523 -43.2864 -27.6342
21.3 15.5724 -43.2011 -27.6287
21.32 16.5335 -44.1567 -27.6232
21.34 17.4767 -45.1 -27.6232
21.36 16.7758 -44.3881 -27.6123
21.38 15.2675 -42.8798 -27.6123
21.4 13.8138 -41.4261 -27.6123
21.42 12.3914 -40.0037 -27.6123
21.44 12.3151 -39.9273 -27.6123
21.46 14.0797 -41.6865 -27.6068
21.48 14.8474 -42.4541 -27.6068
21.5 13.8306 -41.4429 -27.6123
21.52 14.8421 -42.4544 -27.6123
21.54 17.7544 -45.3667 -27.6123
21.56 19.5668 -47.1791 -27.6123
21.58 19.3178 -46.9355 -27.6177
21.6 17.0761 -44.6884 -27.6123
21.62 14.8007 -42.4185 -27.6177
21.64 14.9101 -42.5278 -27.6177
21.66 15.9842 -43.6019 -27.6177
21.68 16.4637 -44.0814 -27.6177
21.7 16.8001 -44.4179 -27.6177
21.72 17.8435 -45.4557 -27.6123
21.74 19.1667 -46.7735 -27.6068
21.76 19.7239 -47.3362 -27.6123
21.78 18.868 -46.4802 -27.6123
21.8 16.7139 -44.3207 -27.6068
21.82 14.5693 -42.1706 -27.6013
21.84 14.139 -41.7403 -27.6013
21.86 15.4158 -43.0116 -27.5958
21.88 16.6585 -44.2488 -27.5903
21.9 16.4876 -44.0779 -27.5903
21.92 15.9139 -43.5042 -27.5903
21.94 16.3594 -43.9497 -27.5903
21.96 16.9193 -44.5042 -27.5849
21.98 17.6229 -45.2132 -27.5903
22 18.3234 -45.9082 -27.5849
22.02 18.5741 -46.1589 -27.5849
22.04 18.3383 -45.9341 -27.5958
22.06 17.2948 -44.8852 -27.5903
22.08 16.4011 -43.9915 -27.5903
22.1 16.9383 -44.5286 -27.5903
22.12 16.7115 -44.3018 -27.5903
22.14 16.2868 -43.8826 -27.5958
22.16 17.2231 -44.8135 -27.5903
22.18 18.7841 -46.3799 -27.5958
22.2 19.5639 -47.1707 -27.6068
22.22 18.941 -46.5533 -27.6122
22.24 18.3316 -45.9439 -27.6122
22.26 18.3156 -45.9278 -27.6123
22.28 16.3359 -43.9482 -27.6123
22.3 12.9048 -40.5116 -27.6068
22.32 13.2379 -40.8392 -27.6013
22.34 16.5133 -44.1145 -27.6013
22.36 18.5745 -46.1704 -27.5958
22.38 18.8091 -46.4159 -27.6068
22.4 18.1243 -45.7256 -27.6013
22.42 16.593 -44.1943 -27.6013
22.44 13.749 -41.3557 -27.6068
22.46 11.3347 -38.9414 -27.6068
22.48 11.7213 -39.3281 -27.6068
22.5 13.4969 -41.1036 -27.6068
22.52 14.2599 -41.8667 -27.6068
22.54 14.2597 -41.861 -27.6013
22.56 14.963 -42.5643 -27.6013
22.58 16.2014 -43.8082 -27.6068
22.6 16.2328 -43.8395 -27.6068
22.62 14.6544 -42.2612 -27.6068
22.64 14.2228 -41.8241 -27.6013
22.66 15.2876 -42.8889 -27.6013
22.68 16.8867 -44.488 -27.6013
22.7 18.6315 -46.2109 -27.5794
22.72 19.2536 -46.8439 -27.5903
22.74 18.2956 -45.886 -27.5903
22.76 16.464 -44.0543 -27.5903
22.78 14.9005 -42.4963 -27.5958
22.8 14.3149 -41.9161 -27.6013
22.82 14.7163 -42.3121 -27.5958
22.84 15.8842 -43.4855 -27.6013
22.86 17.5284 -45.1297 -27.6013
22.88 19.1403 -46.7471 -27.6068
22.9 20.0823 -47.7055 -27.6232
22.92 19.8065 -47.4352 -27.6287
22.94 19.1149 -46.7436 -27.6287
22.96 19.1001 -46.7287 -27.6287
22.98 18.5146 -46.1488 -27.6341
23 16.6653 -44.2939 -27.6287
23.02 15.1618 -42.7795 -27.6177
23.04 15.0029 -42.6261 -27.6232
23.06 14.7509 -42.3796 -27.6287
23.08 14.1893 -41.8179 -27.6287
23.1 14.2201 -41.8378 -27.6177
23.12 15.156 -42.7737 -27.6177
23.14 16.867 -44.4902 -27.6232
23.16 18.4216 -46.0503 -27.6287
23.18 17.9673 -45.585 -27.6177
23.2 14.482 -42.0943 -27.6122
23.22 14.5993 -42.217 -27.6177
23.24 17.633 -45.2507 -27.6177
23.26 18.6491 -46.2669 -27.6177
23.28 18.6486 -46.2718 -27.6232
23.3 18.4204 -46.0436 -27.6232
23.32 18.1774 -45.8006 -27.6232
23.34 17.8824 -45.5111 -27.6287
23.36 17.2952 -44.9239 -27.6287
23.38 17.64 -45.2632 -27.6232
23.4 19.1813 -46.8099 -27.6287
23.42 19.9782 -47.5959 -27.6177
23.44 18.7755 -46.3932 -27.6177
23.46 16.6274 -44.2506 -27.6232
23.48 15.0857 -42.7034 -27.6177
23.5 15.4922 -43.1099 -27.6177
23.52 15.668 -43.2857 -27.6177
23.54 14.397 -42.0147 -27.6177
23.56 13.0854 -40.714 -27.6287
23.58 14.6246 -42.2533 -27.6287
23.6 17.7167 -45.3453 -27.6287
23.62 18.4742 -46.1029 -27.6287
23.64 16.232 -43.8607 -27.6287
23.66 12.569 -40.1976 -27.6287
23.68 13.2389 -40.8675 -27.6287
23.7 16.911 -44.5342 -27.6232
23.72 18.4987 -46.1274 -27.6287
23.74 18.0321 -45.6553 -27.6232
23.76 17.0487 -44.6718 -27.6232
23.78 16.8678 -44.4965 -27.6287
23.8 17.7019 -45.3251 -27.6232
23.82 18.6016 -46.2248 -27.6232
23.84 18.2289 -45.8466 -27.6177
23.86 16.0397 -43.6519 -27.6122
23.88 13.4014 -41.0136 -27.6122
23.9 12.7872 -40.3995 -27.6122
23.92 13.8942 -41.5064 -27.6122
23.94 14.9029 -42.5315 -27.6287
23.96 15.7196 -43.3483 -27.6287
23.98 16.2199 -43.8541 -27.6341
24 16.0704 -43.7046 -27.6341
24.02 16.1738 -43.808 -27.6341
24.04 16.5928 -44.2434 -27.6506
24.06 16.2403 -43.8963 -27.6561
24.08 14.9353 -42.5914 -27.6561
24.1 12.8865 -40.5426 -27.6561
24.12 11.2733 -38.9238 -27.6506
24.14 11.6456 -39.2962 -27.6506
24.16 13.7491 -41.3887 -27.6396
24.18 15.847 -43.4921 -27.6451
24.2 16.6568 -44.2964 -27.6396
24.22 15.8786 -43.5237 -27.6451
24.24 15.3177 -42.9628 -27.6451
24.26 16.3743 -44.0194 -27.6451
24.28 16.9981 -44.6433 -27.6451
24.3 15.7394 -43.379 -27.6396
24.32 13.4502 -41.0953 -27.6451
24.34 13.1239 -40.7635 -27.6396
24.36 15.2733 -42.9074 -27.6341
24.38 16.7574 -44.397 -27.6396
24.4 16.1088 -43.7429 -27.6341
24.42 16.4177 -44.0573 -27.6396
24.44 17.9494 -45.5836 -27.6341
24.46 17.2511 -44.8798 -27.6286
24.48 15.1713 -42.7945 -27.6232
24.5 15.2126 -42.8412 -27.6286
24.52 16.665 -44.2936 -27.6286
24.54 18.0715 -45.7056 -27.6341
24.56 19.6681 -47.2967 -27.6286
24.58 20.2169 -47.8511 -27.6341
24.6 19.5666 -47.1952 -27.6286
24.62 18.2136 -45.8477 -27.6341
24.64 17.0287 -44.6628 -27.6341
24.66 16.7546 -44.3887 -27.6341
24.68 16.9053 -44.5395 -27.6341
24.7 16.6237 -44.2633 -27.6396
24.72 16.352 -43.9861 -27.6341
24.74 17.2969 -44.9365 -27.6396
24.76 18.7433 -46.3939 -27.6505
24.78 19.4261 -47.0767 -27.6505
24.8 19.1042 -46.7547 -27.6505
24.82 18.1774 -45.8279 -27.6505
24.84 17.7906 -45.4466 -27.656
24.86 18.5838 -46.2289 -27.6451
24.88 19.1108 -46.7559 -27.6451
24.9 18.4134 -46.053 -27.6396
24.92 16.3178 -43.9574 -27.6396
24.94 13.6013 -41.2354 -27.6341
24.96 12.6954 -40.3569 -27.6615
24.98 14.7751 -42.4257 -27.6505
25 17.2767 -44.9272 -27.6505
25.02 18.4468 -46.0973 -27.6505
25.04 18.2561 -45.9067 -27.6505
25.06 17.0734 -44.7239 -27.6505
25.08 15.2958 -42.9409 -27.6451
25.1 13.8111 -41.4671 -27.656
25.12 14.3416 -41.9977 -27.656
25.14 15.7941 -43.4501 -27.656
25.16 16.4624 -44.1075 -27.6451
25.18 15.9996 -43.6502 -27.6506
25.2 14.4388 -42.0893 -27.6506
25.22 12.7329 -40.3779 -27.6451
25.24 12.736 -40.3865 -27.6505
25.26 14.5215 -42.172 -27.6506
25.28 16.1393 -43.7898 -27.6506
25.3 17.1501 -44.7952 -27.6451
25.32 17.5692 -45.2033 -27.6341
25.34 17.5295 -45.1636 -27.6341
25.36 17.5606 -45.1892 -27.6286
25.38 17.2771 -44.9057 -27.6286
25.4 15.8338 -43.4624 -27.6286
25.42 13.8428 -41.466 -27.6232
25.44 13.109 -40.7321 -27.6232
25.46 14.2044 -41.833 -27.6286
25.48 15.7272 -43.3558 -27.6286
25.5 17.0823 -44.711 -27.6286
25.52 18.9408 -46.575 -27.6341
25.54 20.58 -48.2141 -27.6341
25.56 21.0662 -48.7003 -27.6341
25.58 20.4351 -48.0528 -27.6177
25.6 17.7812 -45.3934 -27.6122
25.62 15.6455 -43.2413 -27.5958
25.64 18.4711 -46.0724 -27.6012
25.66 20.2576 -47.8588 -27.6012
25.68 20.3061 -47.9073 -27.6012
25.7 19.7002 -47.3014 -27.6012
25.72 18.9818 -46.583 -27.6012
25.74 18.3056 -45.9123 -27.6067
25.76 17.8134 -45.4202 -27.6067
25.78 17.9447 -45.546 -27.6012
25.8 18.4733 -46.0746 -27.6012
25.82 18.8572 -46.4584 -27.6012
25.84 18.768 -46.3747 -27.6067
25.86 18.1852 -45.7864 -27.6012
25.88 17.5491 -45.1558 -27.6067
25.9 17.086 -44.6873 -27.6012
25.92 16.5902 -44.1915 -27.6012
25.94 16.3572 -43.9529 -27.5958
25.96 17.4833 -45.0845 -27.6012
25.98 18.3041 -45.9109 -27.6067
26 16.674 -44.2807 -27.6067
26.02 13.9131 -41.5307 -27.6177
26.04 15.2934 -42.9056 -27.6122
26.06 17.0863 -44.6985 -27.6122
26.08 17.1012 -44.7244 -27.6231
26.1 17.3643 -44.993 -27.6286
26.12 18.399 -46.0276 -27.6286
26.14 19.4754 -47.0985 -27.6232
26.16 18.0696 -45.7037 -27.6341
26.18 15.8139 -43.448 -27.6341
26.2 17.041 -44.6751 -27.6341
26.22 19.7686 -47.3972 -27.6286
26.24 19.843 -47.4662 -27.6231
26.26 17.9388 -45.5565 -27.6177
26.28 16.6924 -44.31 -27.6177
26.3 16.0177 -43.6353 -27.6177
26.32 14.6432 -42.2609 -27.6177
26.34 13.6292 -41.2578 -27.6286
26.36 14.3888 -42.0119 -27.6231
26.38 16.7073 -44.325 -27.6177
26.4 19.0112 -46.6288 -27.6177
26.42 19.373 -47.0071 -27.6341
26.44 18.0645 -45.6986 -27.6341
26.46 17.0912 -44.7199 -27.6286
26.48 15.3767 -43.0108 -27.6341
26.5 13.7995 -41.4336 -27.6341
26.52 13.2873 -40.9214 -27.6341
26.54 14.2886 -41.9282 -27.6396
26.56 15.9623 -43.5964 -27.6341
26.58 16.0338 -43.6624 -27.6286
26.6 15.9981 -43.6322 -27.6341
26.62 17.2789 -44.9185 -27.6396
26.64 17.4404 -45.08 -27.6396
26.66 15.3917 -43.0368 -27.6451
26.68 15.1026 -42.7422 -27.6396
26.7 17.3781 -45.0177 -27.6396
26.72 19.3098 -46.9494 -27.6396
26.74 19.49 -47.1296 -27.6396
26.76 17.8423 -45.4765 -27.6341
26.78 16.0344 -43.6631 -27.6286
26.8 15.6583 -43.2924 -27.6341
26.82 15.2536 -42.8986 -27.6451
26.84 14.6618 -42.3069 -27.6451
26.86 14.7621 -42.4071 -27.6451
26.88 14.7481 -42.3877 -27.6396
26.9 14.6516 -42.2803 -27.6286
26.92 15.5741 -43.2027 -27.6286
26.94 17.2819 -44.9105 -27.6286
26.96 18.5772 -46.2003 -27.6232
26.98 18.5946 -46.2123 -27.6177
27 16.5188 -44.131 -27.6122
27.02 13.1517 -40.7584 -27.6067
27.04 12.025 -39.6317 -27.6067
27.06 14.7839 -42.3851 -27.6012
27.08 18.9298 -46.5366 -27.6067
27.1 21.2114 -48.8127 -27.6012
27.12 21.1491 -48.7613 -27.6122
27.14 19.6273 -47.234 -27.6067
27.16 17.8824 -45.4946 -27.6122
27.18 17.2464 -44.8641 -27.6177
27.2 17.4554 -45.0895 -27.6341
27.22 16.9565 -44.5906 -27.6341
27.24 15.41 -43.0442 -27.6341
27.26 14.81 -42.4441 -27.6341
27.28 16.8919 -44.515 -27.6232
27.3 18.7414 -46.37 -27.6286
27.32 18.5819 -46.205 -27.6232
27.34 17.0627 -44.6913 -27.6286
27.36 15.6199 -43.254 -27.6341
27.38 14.8606 -42.4892 -27.6286
27.4 15.6987 -43.3274 -27.6286
27.42 17.2046 -44.8442 -27.6396
27.44 18.0631 -45.6972 -27.6341
27.46 18.6588 -46.2875 -27.6286
27.48 18.7186 -46.3363 -27.6177
27.5 18.1526 -45.7648 -27.6122
27.52 15.3606 -42.9837 -27.6231
27.54 11.8183 -39.4469 -27.6286
27.56 12.2625 -39.8912 -27.6286
27.58 15.8056 -43.4232 -27.6177
27.6 18.5696 -46.1818 -27.6122
27.62 19.1555 -46.7512 -27.5958
27.64 18.2115 -45.7963 -27.5848
27.66 15.732 -43.3278 -27.5957
27.68 15.1574 -42.7531 -27.5957
27.7 17.8957 -45.4969 -27.6012
27.72 19.646 -47.2417 -27.5958
27.74 20.4901 -48.0749 -27.5848
27.76 20.6031 -48.1824 -27.5793
27.78 19.5759 -47.1552 -27.5793
27.8 17.643 -45.2223 -27.5793
27.82 15.9118 -43.4911 -27.5793
27.84 16.8598 -44.4446 -27.5848
27.86 18.607 -46.1972 -27.5903
27.88 19.2677 -46.858 -27.5903
27.9 19.5426 -47.1329 -27.5903
27.92 18.8783 -46.4686 -27.5903
27.94 16.4983 -44.0995 -27.6012
27.96 12.7652 -40.3719 -27.6067
27.98 11.6499 -39.2511 -27.6012
28 15.0899 -42.6911 -27.6012
28.02 16.9505 -44.5463 -27.5957
28.04 16.153 -43.7487 -27.5957
28.06 14.0914 -41.6981 -27.6067
28.08 12.3669 -39.9681 -27.6012
28.1 12.7315 -40.3327 -27.6012
28.12 14.6622 -42.2634 -27.6012
28.14 16.0725 -43.6682 -27.5957
28.16 17.4724 -45.0682 -27.5957
28.18 18.9613 -46.5625 -27.6012
28.2 19.15 -46.7512 -27.6012
28.22 18.7699 -46.3657 -27.5957
28.24 18.8088 -46.4046 -27.5957
28.26 18.2242 -45.8255 -27.6012
28.28 16.2494 -43.8506 -27.6012
28.3 15.4865 -43.0878 -27.6012
28.32 15.1982 -42.8049 -27.6067
28.34 12.8365 -40.4487 -27.6122
28.36 12.2356 -39.8587 -27.6231
28.38 14.7272 -42.3558 -27.6286
28.4 17.1427 -44.7713 -27.6286
28.42 17.7446 -45.3677 -27.6231
28.44 17.5304 -45.1535 -27.6231
28.46 17.89 -45.5132 -27.6231
28.48 18.1824 -45.8055 -27.6232
28.5 17.1288 -44.752 -27.6232
28.52 14.3843 -42.0075 -27.6231
28.54 12.4699 -40.0985 -27.6286
28.56 13.8522 -41.4754 -27.6232
28.58 13.7762 -41.4049 -27.6286
28.6 13.3982 -41.0268 -27.6286
28.62 14.9767 -42.6163 -27.6396
28.64 14.8991 -42.5386 -27.6396
28.66 15.8079 -43.4365 -27.6286
28.68 17.1827 -44.8113 -27.6286
28.7 15.8079 -43.4365 -27.6286
28.72 14.0193 -41.6369 -27.6177
28.74 14.3427 -41.9604 -27.6177
28.76 14.609 -42.2267 -27.6177
28.78 14.6488 -42.261 -27.6122
28.8 15.2797 -42.8864 -27.6067
28.82 16.3018 -43.9085 -27.6067
28.84 17.1391 -44.7458 -27.6067
28.86 17.2097 -44.8219 -27.6122
28.88 16.3941 -44.0118 -27.6177
28.9 15.9192 -43.5314 -27.6122
28.92 16.8064 -44.4186 -27.6122
28.94 17.1948 -44.8069 -27.6122
28.96 15.5642 -43.1763 -27.6122
28.98 14.4172 -42.0294 -27.6122
29 15.8837 -43.4959 -27.6122
29.02 17.1171 -44.7457 -27.6286
29.04 15.9058 -43.5344 -27.6286
29.06 15.0101 -42.6387 -27.6286
29.08 16.0164 -43.645 -27.6286
29.1 16.4381 -44.0612 -27.6231
29.12 16.5119 -44.1405 -27.6286
29.14 15.8445 -43.4786 -27.6341
29.16 14.9917 -42.6258 -27.6341
29.18 13.8127 -41.4304 -27.6177
29.2 13.4789 -41.0965 -27.6177
29.22 17.8161 -45.4228 -27.6067
29.24 19.8157 -47.4334 -27.6177
29.26 19.1853 -46.7975 -27.6122
29.28 17.5126 -45.1303 -27.6177
29.3 16.7434 -44.3556 -27.6122
29.32 17.6774 -45.2786 -27.6012
29.34 18.4512 -46.058 -27.6067
29.36 17.4409 -45.0421 -27.6012
29.38 16.2762 -43.872 -27.5957
29.4 16.7519 -44.3476 -27.5957
29.42 18.3706 -45.9663 -27.5957
29.44 19.6756 -47.2768 -27.6012
29.46 19.2095 -46.8107 -27.6012
29.48 18.5366 -46.1378 -27.6012
29.5 18.6115 -46.2237 -27.6122
29.52 18.7382 -46.3504 -27.6122
29.54 18.808 -46.4147 -27.6067
29.56 19.2109 -46.8285 -27.6177
29.58 19.3309 -46.9541 -27.6231
29.6 18.0672 -45.6849 -27.6177
29.62 15.0909 -42.7085 -27.6177
29.64 13.5395 -41.1517 -27.6122
29.66 15.8733 -43.4964 -27.6231
29.68 17.5037 -45.1269 -27.6231
29.7 17.1752 -44.8038 -27.6286
29.72 15.3812 -43.0098 -27.6286
29.74 13.9539 -41.588 -27.6341
29.76 14.6876 -42.3163 -27.6286
29.78 16.6069 -44.241 -27.6341
29.8 17.8593 -45.4879 -27.6286
29.82 17.91 -45.5387 -27.6286
29.84 17.3279 -44.962 -27.6341
29.86 16.4844 -44.1075 -27.6231
29.88 15.1128 -42.736 -27.6231
29.9 13.8386 -41.4672 -27.6286
29.92 13.9034 -41.532 -27.6286
29.94 14.2489 -41.8776 -27.6286
29.96 15.3554 -42.984 -27.6286
29.98 16.6309 -44.254 -27.6231
30 16.7203 -44.3434 -27.6231
30.02 15.9934 -43.6166 -27.6231
30.04 15.0886 -42.7117 -27.6231
30.06 14.3708 -41.9995 -27.6286
30.08 13.9176 -41.5462 -27.6286
30.1 14.5123 -42.1354 -27.6231
30.12 16.0823 -43.7054 -27.6231
30.14 17.0307 -44.6594 -27.6286
30.16 17.0473 -44.6704 -27.6231
30.18 16.4693 -44.0979 -27.6286
30.2 15.2448 -42.8734 -27.6286
30.22 14.0469 -41.6701 -27.6231
30.24 14.3305 -41.9592 -27.6286
30.26 15.7096 -43.3327 -27.6231
30.28 16.6577 -44.2808 -27.6231
30.3 16.7954 -44.4075 -27.6122
30.32 16.6664 -44.2786 -27.6122
30.34 16.4536 -44.0713 -27.6177
30.36 16.5741 -44.1917 -27.6177
30.38 17.6072 -45.2248 -27.6177
30.4 19.3396 -46.9573 -27.6177
30.42 20.9498 -48.562 -27.6122
30.44 21.7845 -49.3966 -27.6122
30.46 21.5862 -49.2039 -27.6177
30.48 20.5939 -48.2061 -27.6122
30.5 19.6035 -47.2267 -27.6231
30.52 18.8468 -46.4699 -27.6231
30.54 17.6799 -45.2976 -27.6177
30.56 15.7613 -43.379 -27.6177
30.58 15.2904 -42.908 -27.6177
30.6 17.0659 -44.6835 -27.6177
30.62 18.7072 -46.3194 -27.6122
30.64 19.536 -47.1536 -27.6177
30.66 19.4843 -47.102 -27.6177
30.68 18.7011 -46.3297 -27.6286
30.7 17.0848 -44.697 -27.6122
30.72 14.3951 -42.0073 -27.6122
30.74 12.3032 -39.9208 -27.6177
30.76 13.2393 -40.857 -27.6177
30.78 15.945 -43.5626 -27.6177
30.8 18.3662 -45.9839 -27.6177
30.82 19.9785 -47.5962 -27.6177
30.84 20.2846 -47.9022 -27.6177
30.86 19.3982 -47.0104 -27.6122
30.88 17.8093 -45.4325 -27.6231
30.9 15.7692 -43.3923 -27.6231
30.92 14.7086 -42.3372 -27.6286
30.94 15.4008 -43.0184 -27.6177
30.96 16.6395 -44.2571 -27.6177
30.98 18.7652 -46.3884 -27.6231
31 20.5173 -48.1295 -27.6122
31.02 20.1068 -47.7244 -27.6177
31.04 17.0552 -44.6729 -27.6177
31.06 12.6634 -40.2811 -27.6177
31.08 11.7107 -39.3228 -27.6122
31.1 14.9545 -42.5722 -27.6177
31.12 18.0671 -45.6903 -27.6231
31.14 19.7803 -47.4034 -27.6231
31.16 20.0708 -47.694 -27.6231
31.18 18.6904 -46.3135 -27.6231
31.2 16.4363 -44.0649 -27.6286
31.22 14.6633 -42.2919 -27.6286
31.24 15.3575 -42.9806 -27.6231
31.26 16.9035 -44.5321 -27.6286
31.28 15.4811 -43.1042 -27.6231
31.3 13.8967 -41.5253 -27.6286
31.32 15.1917 -42.8258 -27.6341
31.34 16.4847 -44.1188 -27.6341
31.36 16.9503 -44.5844 -27.6341
31.38 17.3119 -44.946 -27.6341
31.4 17.4233 -45.0683 -27.6451
31.42 16.1483 -43.7933 -27.6451
31.44 13.9813 -41.6099 -27.6286
31.46 13.906 -41.5346 -27.6286
31.48 16.279 -43.9076 -27.6286
31.5 18.4061 -46.0293 -27.6231
31.52 19.6619 -47.285 -27.6231
31.54 20.271 -47.8887 -27.6176
31.56 19.953 -47.5816 -27.6286
31.58 18.9153 -46.5329 -27.6177
31.6 18.2349 -45.847 -27.6122
31.62 18.5804 -46.1981 -27.6176
31.64 19.3146 -46.9322 -27.6177
31.66 19.2027 -46.8258 -27.6231
31.68 17.9444 -45.5676 -27.6231
31.7 16.7714 -44.4 -27.6286
31.72 16.6549 -44.2836 -27.6286
31.74 17.3118 -44.935 -27.6231
31.76 18.1821 -45.7998 -27.6177
31.78 18.3581 -45.9539 -27.5957
31.8 16.7744 -44.3701 -27.5957
31.82 13.9132 -41.509 -27.5957
31.84 12.8435 -40.4447 -27.6012
31.86 14.2615 -41.8627 -27.6012
31.88 15.5376 -43.1224 -27.5848
31.9 15.7295 -43.3143 -27.5848
31.92 15.508 -43.0928 -27.5848
31.94 15.8742 -43.4699 -27.5957
31.96 16.9988 -44.6 -27.6012
31.98 17.816 -45.4172 -27.6012
32 17.3472 -44.9594 -27.6122
32.02 16.5671 -44.1629 -27.5957
32.04 17.2497 -44.8455 -27.5958
32.06 18.3391 -45.9349 -27.5958
32.08 18.676 -46.2717 -27.5958
32.1 18.8717 -46.4784 -27.6067
32.12 19.1546 -46.7503 -27.5958
32.14 18.27 -45.8548 -27.5848
32.16 16.5648 -44.1605 -27.5958
32.18 16.1502 -43.746 -27.5958
32.2 15.3712 -42.9669 -27.5958
32.22 13.6528 -41.2485 -27.5958
32.24 13.0238 -40.6086 -27.5848
32.26 14.44 -42.0248 -27.5848
32.28 17.5558 -45.1406 -27.5848
32.3 20.3054 -47.8902 -27.5848
32.32 19.6909 -47.2921 -27.6012
32.34 15.5569 -43.1581 -27.6012
32.36 14.2741 -41.8753 -27.6012
32.38 16.9548 -44.556 -27.6012
32.4 18.7355 -46.3312 -27.5958
32.42 18.7483 -46.3495 -27.6012
32.44 18.1348 -45.736 -27.6012
32.46 16.9651 -44.5718 -27.6067
32.48 15.0273 -42.623 -27.5957
32.5 14.4384 -42.0342 -27.5957
32.52 17.7082 -45.3039 -27.5957
32.54 21.7889 -49.3847 -27.5957
32.56 23.1765 -50.7723 -27.5957
32.58 21.4866 -49.0769 -27.5903
32.6 19.1751 -46.7654 -27.5903
32.62 18.8095 -46.4107 -27.6012
32.64 18.1664 -45.7731 -27.6067
32.66 17.3985 -45.0107 -27.6122
32.68 18.222 -45.8232 -27.6012
32.7 20.1126 -47.7083 -27.5957
32.72 21.0299 -48.6201 -27.5903
32.74 18.5416 -46.1373 -27.5958
32.76 14.0042 -41.6054 -27.6012
32.78 14.4456 -42.0523 -27.6067
32.8 17.627 -45.2392 -27.6122
32.82 19.3868 -47.0044 -27.6177
32.84 20.0348 -47.6469 -27.6122
32.86 20.4404 -48.0526 -27.6122
32.88 20.0365 -47.6486 -27.6122
32.9 18.4909 -46.0976 -27.6067
32.92 16.5911 -44.2032 -27.6122
32.94 16.0442 -43.6509 -27.6067
32.96 17.0408 -44.6474 -27.6067
32.98 17.8604 -45.4671 -27.6067
33 18.1355 -45.7312 -27.5957
33.02 18.0086 -45.6153 -27.6067
33.04 17.334 -44.9462 -27.6122
33.06 16.7557 -44.3788 -27.6231
33.08 17.1388 -44.7619 -27.6231
33.1 18.2218 -45.8395 -27.6176
33.12 19.1764 -46.7995 -27.6231
33.14 19.2265 -46.8497 -27.6231
33.16 18.0178 -45.641 -27.6231
33.18 15.7449 -43.3625 -27.6176
33.2 13.801 -41.4241 -27.6231
33.22 13.6757 -41.2989 -27.6231
33.24 14.6498 -42.262 -27.6122
33.26 14.8997 -42.5118 -27.6122
33.28 13.6107 -41.2284 -27.6176
33.3 13.3029 -40.926 -27.6231
33.32 13.38 -41.0086 -27.6286
33.34 13.2242 -40.8583 -27.6341
33.36 14.0161 -41.6557 -27.6396
33.38 15.7618 -43.4014 -27.6396
33.4 17.3584 -45.0035 -27.645
33.42 17.0787 -44.7238 -27.645
33.44 16.5389 -44.184 -27.645
33.46 16.7725 -44.4121 -27.6396
33.48 15.9916 -43.6257 -27.6341
33.5 16.3466 -43.9752 -27.6286
33.52 17.154 -44.7772 -27.6231
33.54 14.6442 -42.2673 -27.6231
33.56 10.2208 -37.8384 -27.6176
33.58 9.85992 -37.4776 -27.6176
33.6 14.0609 -41.6785 -27.6177
33.62 15.4749 -43.0925 -27.6177
33.64 13.1749 -40.798 -27.6231
33.66 11.014 -38.6371 -27.6231
33.68 13.8437 -41.4668 -27.6231
33.7 17.1647 -44.7824 -27.6177
33.72 18.2608 -45.8784 -27.6176
33.74 18.6335 -46.2511 -27.6177
33.76 18.0878 -45.7055 -27.6177
33.78 15.7824 -43.4 -27.6177
33.8 12.4889 -40.1066 -27.6176
33.82 11.597 -39.2201 -27.6231
33.84 15.0025 -42.6256 -27.6231
33.86 17.8003 -45.4289 -27.6286
33.88 18.2368 -45.8709 -27.6341
33.9 17.4986 -45.1382 -27.6396
33.92 16.9191 -44.5532 -27.6341
33.94 17.1592 -44.7933 -27.6341
33.96 17.8471 -45.4811 -27.6341
33.98 16.8941 -44.5282 -27.6341
34 13.6561 -41.2902 -27.6341
34.02 12.9782 -40.6122 -27.6341
34.04 13.4459 -41.0745 -27.6286
34.06 13.0062 -40.6403 -27.6341
34.08 14.1142 -41.7483 -27.6341
34.1 16.2926 -43.9267 -27.6341
34.12 17.9504 -45.579 -27.6286
34.14 18.9798 -46.6029 -27.6231
34.16 18.5967 -46.2144 -27.6177
34.18 15.6552 -43.2729 -27.6177
34.2 13.8585 -41.4652 -27.6067
34.22 15.5602 -43.1669 -27.6067
34.24 14.6186 -42.2253 -27.6067
34.26 11.8339 -39.4516 -27.6176
34.28 13.406 -41.0236 -27.6176
34.3 16.5542 -44.1773 -27.6231
34.32 18.5847 -46.2023 -27.6176
34.34 19.5858 -47.2035 -27.6176
34.36 19.2398 -46.8574 -27.6177
34.38 18.0367 -45.6543 -27.6176
34.4 17.8399 -45.4576 -27.6176
34.42 19.2364 -46.8595 -27.6231
34.44 19.9452 -47.5683 -27.6231
34.46 17.3541 -44.9772 -27.6231
34.48 12.0789 -39.7021 -27.6231
34.5 10.7051 -38.3282 -27.6231
34.52 12.7466 -40.3807 -27.6341
34.54 16.2697 -43.9038 -27.6341
34.56 18.9118 -46.5459 -27.6341
34.58 19.6811 -47.3152 -27.6341
34.6 19.1987 -46.8273 -27.6286
34.62 18.3872 -46.0159 -27.6286
34.64 18.1299 -45.753 -27.6231
34.66 18.8462 -46.4529 -27.6067
34.68 19.8015 -47.4027 -27.6012
34.7 20.407 -47.9973 -27.5903
34.72 21.013 -48.6087 -27.5957
34.74 21.0706 -48.6664 -27.5957
34.76 19.8569 -47.4581 -27.6012
34.78 18.2136 -45.8203 -27.6067
34.8 17.3133 -44.909 -27.5957
34.82 17.1529 -44.7487 -27.5957
34.84 17.1749 -44.7707 -27.5957
34.86 16.3206 -43.9273 -27.6067
34.88 15.8754 -43.4821 -27.6067
34.9 17.9195 -45.5207 -27.6012
34.92 19.3333 -46.94 -27.6067
34.94 19.3918 -47.004 -27.6122
34.96 17.8745 -45.4867 -27.6122
34.98 16.2623 -43.8744 -27.6122
35 16.5837 -44.2013 -27.6177
35.02 17.2275 -44.8507 -27.6231
35.04 17.1771 -44.8058 -27.6286
35.06 16.7705 -44.3991 -27.6286
35.08 16.4248 -44.0534 -27.6286
35.1 16.3111 -43.9232 -27.6122
35.12 16.4027 -44.0204 -27.6177
35.14 16.4789 -44.0911 -27.6122
35.16 15.9663 -43.5894 -27.6231
35.18 14.626 -42.2437 -27.6177
35.2 13.5596 -41.1772 -27.6177
35.22 13.7581 -41.3703 -27.6122
35.24 14.3575 -41.9697 -27.6122
35.26 14.418 -42.0357 -27.6177
35.28 14.8979 -42.5155 -27.6177
35.3 16.239 -43.8622 -27.6231
35.32 17.4748 -45.098 -27.6231
35.34 18.2206 -45.8492 -27.6286
35.36 18.2168 -45.8399 -27.6231
35.38 16.9724 -44.5955 -27.6231
35.4 15.0493 -42.6834 -27.6341
35.42 13.5303 -41.1644 -27.6341
35.44 12.1393 -39.7734 -27.6341
35.46 11.4158 -39.0444 -27.6286
35.48 13.1635 -40.7866 -27.6231
35.5 15.6561 -43.2793 -27.6231
35.52 16.6003 -44.218 -27.6177
35.54 16.1899 -43.8021 -27.6122
35.56 15.5691 -43.1922 -27.6231
35.58 15.3512 -42.9853 -27.6341
35.6 15.5505 -43.1846 -27.6341
35.62 16.1342 -43.7683 -27.6341
35.64 16.2963 -43.9304 -27.6341
35.66 14.9721 -42.6007 -27.6286
35.68 13.1236 -40.7467 -27.6231
35.7 12.6294 -40.258 -27.6286
35.72 13.5745 -41.2032 -27.6286
35.74 14.8833 -42.5065 -27.6231
35.76 15.5137 -43.1424 -27.6286
35.78 15.6729 -43.2961 -27.6231
35.8 15.9116 -43.5292 -27.6177
35.82 16.4452 -44.0628 -27.6177
35.84 17.3049 -44.9225 -27.6177
35.86 18.0367 -45.6598 -27.6231
35.88 17.979 -45.5967 -27.6177
35.9 16.778 -44.4011 -27.6231
35.92 15.1071 -42.7248 -27.6177
35.94 14.3891 -42.0013 -27.6122
35.96 14.8826 -42.4893 -27.6067
35.98 15.6407 -43.2529 -27.6122
36 16.9127 -44.5249 -27.6122
36.02 18.1191 -45.7258 -27.6067
36.04 17.9481 -45.5603 -27.6122
36.06 16.2199 -43.8375 -27.6177
36.08 14.0203 -41.6379 -27.6177
36.1 12.3737 -39.9914 -27.6177
36.12 11.554 -39.1717 -27.6177
36.14 11.7631 -39.3972 -27.6341
36.16 13.1614 -40.7955 -27.6341
36.18 14.4103 -42.0444 -27.6341
36.2 15.4959 -43.1355 -27.6396
36.22 17.0063 -44.6513 -27.6451
36.24 18.6186 -46.2637 -27.6451
36.26 19.3462 -46.9913 -27.6451
36.28 18.9713 -46.6109 -27.6396
36.3 17.3892 -45.0178 -27.6286
36.32 13.9494 -41.5671 -27.6176
36.34 15.499 -43.1166 -27.6177
36.36 16.2197 -43.8373 -27.6177
36.38 14.5165 -42.1286 -27.6122
36.4 13.565 -41.1717 -27.6067
36.42 12.4176 -40.0243 -27.6067
36.44 13.9042 -41.5109 -27.6067
36.46 17.6555 -45.2567 -27.6012
36.48 18.1457 -45.7414 -27.5957
36.5 17.0296 -44.6253 -27.5957
36.52 16.6025 -44.2037 -27.6012
36.54 17.4405 -45.0527 -27.6122
36.56 18.1408 -45.742 -27.6012
36.58 18.2286 -45.8352 -27.6067
36.6 18.6463 -46.253 -27.6067
36.62 19.4664 -47.0731 -27.6067
36.64 19.7663 -47.3675 -27.6012
36.66 18.9927 -46.6104 -27.6177
36.68 17.4473 -45.054 -27.6067
36.7 15.8504 -43.4571 -27.6067
36.72 15.3063 -42.913 -27.6067
36.74 16.2222 -43.8344 -27.6122
36.76 17.0086 -44.6153 -27.6067
36.78 16.4941 -44.1008 -27.6067
36.8 15.7475 -43.3596 -27.6122
36.82 16.131 -43.7377 -27.6067
36.84 16.6018 -44.2086 -27.6067
36.86 16.4794 -44.0861 -27.6067
36.88 16.2637 -43.8704 -27.6067
36.9 16.2365 -43.8432 -27.6067
36.92 16.2112 -43.8125 -27.6012
36.94 16.0181 -43.6194 -27.6012
36.96 15.7623 -43.3635 -27.6012
36.98 15.2752 -42.8765 -27.6012
37 14.2081 -41.8148 -27.6067
37.02 14.6716 -42.2674 -27.5958
37.04 16.9429 -44.5386 -27.5958
37.06 18.1041 -45.6943 -27.5903
37.08 18.0935 -45.7002 -27.6067
37.1 17.9102 -45.5224 -27.6122
37.12 17.3631 -44.9753 -27.6122
37.14 17.2382 -44.8503 -27.6122
37.16 18.5524 -46.1646 -27.6122
37.18 19.269 -46.8867 -27.6177
37.2 18.547 -46.1647 -27.6177
37.22 17.2041 -44.8218 -27.6177
37.24 16.844 -44.4508 -27.6067
37.26 17.7264 -45.3331 -27.6067
37.28 18.1192 -45.7314 -27.6122
37.3 17.0153 -44.6329 -27.6177
37.32 14.6411 -42.2643 -27.6232
37.34 14.7406 -42.3637 -27.6231
37.36 19.0188 -46.6365 -27.6177
37.38 21.4561 -49.0684 -27.6122
37.4 21.0709 -48.6886 -27.6177
37.42 19.2125 -46.8302 -27.6177
37.44 17.2693 -44.887 -27.6177
37.46 16.1876 -43.7998 -27.6122
37.48 15.8451 -43.4573 -27.6122
37.5 15.6391 -43.2513 -27.6122
37.52 15.8581 -43.4648 -27.6067
37.54 16.831 -44.4322 -27.6012
37.56 17.9243 -45.52 -27.5958
37.58 18.5296 -46.1199 -27.5903
37.6 18.5489 -46.1282 -27.5793
37.62 17.8968 -45.4816 -27.5848
37.64 16.4534 -44.0327 -27.5793
37.66 15.4546 -43.0394 -27.5848
37.68 16.261 -43.8458 -27.5848
37.7 18.2142 -45.788 -27.5738
37.72 20.0819 -47.6557 -27.5738
37.74 20.9564 -48.5302 -27.5738
37.76 20.7234 -48.3082 -27.5848
37.78 19.3978 -46.9881 -27.5903
37.8 17.3011 -44.8969 -27.5958
37.82 15.4517 -43.042 -27.5903
37.84 14.974 -42.5588 -27.5848
37.86 15.2917 -42.8875 -27.5958
37.88 16.1646 -43.7713 -27.6067
37.9 18.5021 -46.1142 -27.6122
37.92 20.591 -48.2032 -27.6122
37.94 21.3646 -48.9713 -27.6067
37.96 20.1608 -47.773 -27.6122
37.98 17.2645 -44.8822 -27.6177
38 15.3353 -42.9585 -27.6231
38.02 15.9731 -43.5962 -27.6232
38.04 17.4173 -45.0186 -27.6012
38.06 18.2807 -45.8875 -27.6067
38.08 17.955 -45.5672 -27.6122
38.1 16.1306 -43.7483 -27.6177
38.12 14.3141 -41.9208 -27.6067
38.14 12.8716 -40.4784 -27.6067
38.16 11.5722 -39.1789 -27.6067
38.18 12.3836 -39.9903 -27.6067
38.2 16.4069 -44.0191 -27.6122
38.22 20.2222 -47.8179 -27.5958
38.24 21.9771 -49.5729 -27.5958
38.26 21.8038 -49.3996 -27.5958
38.28 20.0252 -47.61 -27.5848
38.3 17.5474 -45.1431 -27.5958
38.32 16.032 -43.6277 -27.5958
38.34 16.1276 -43.7288 -27.6012
38.36 17.3245 -44.9313 -27.6067
38.38 18.5094 -46.1216 -27.6122
38.4 18.307 -45.9247 -27.6177
38.42 16.065 -43.6881 -27.6232
38.44 13.2096 -40.8382 -27.6286
38.46 12.6936 -40.3277 -27.6341
38.48 13.7063 -41.335 -27.6286
38.5 14.7352 -42.3693 -27.6341
38.52 16.3214 -43.9446 -27.6231
38.54 17.478 -45.0956 -27.6177
38.56 16.259 -43.8712 -27.6122
38.58 13.0929 -40.6997 -27.6067
38.6 10.8294 -38.4361 -27.6067
38.62 12.2516 -39.8747 -27.6231
38.64 15.6733 -43.2855 -27.6122
38.66 17.4818 -45.083 -27.6012
38.68 16.8412 -44.4425 -27.6012
38.7 15.4567 -43.0689 -27.6122
38.72 15.4509 -43.074 -27.6231
38.74 16.7678 -44.391 -27.6231
38.76 17.8263 -45.4495 -27.6232
38.78 17.4551 -45.0783 -27.6232
38.8 16.0326 -43.6612 -27.6286
38.82 15.8014 -43.4301 -27.6286
38.84 17.3154 -44.9385 -27.6232
38.86 17.926 -45.5492 -27.6231
38.88 17.7754 -45.393 -27.6177
38.9 17.9347 -45.5469 -27.6122
38.92 18.055 -45.6617 -27.6067
38.94 17.1302 -44.7315 -27.6012
38.96 14.8974 -42.5041 -27.6067
38.98 12.6845 -40.2912 -27.6067
39 13.0842 -40.691 -27.6067
39.02 15.7034 -43.3156 -27.6122
39.04 17.6465 -45.2587 -27.6122
39.06 18.4502 -46.0624 -27.6122
39.08 18.1944 -45.812 -27.6177
39.1 16.8579 -44.4756 -27.6177
39.12 16.1005 -43.7072 -27.6067
39.14 16.8843 -44.491 -27.6067
39.16 17.7292 -45.325 -27.5958
39.18 17.3987 -44.9999 -27.6012
39.2 16.5951 -44.1963 -27.6012
39.22 17.2769 -44.8726 -27.5957
39.24 19.0247 -46.6204 -27.5958
39.26 19.7089 -47.3101 -27.6012
39.28 18.6069 -46.2027 -27.5957
39.3 16.9129 -44.5197 -27.6067
39.32 15.557 -43.1692 -27.6122
39.34 15.3443 -42.9565 -27.6122
39.36 17.5206 -45.1327 -27.6122
39.38 19.018 -46.6192 -27.6012
39.4 18.4208 -46.0276 -27.6067
39.42 16.0848 -43.7025 -27.6177
39.44 14.2874 -41.9105 -27.6231
39.46 14.8451 -42.4737 -27.6286
39.48 15.517 -43.151 -27.6341
39.5 16.6396 -44.2628 -27.6231
39.52 18.0175 -45.6407 -27.6231
39.54 19.4104 -47.0335 -27.6231
39.56 20.0723 -47.6955 -27.6231
39.58 19.5286 -47.1408 -27.6122
39.6 17.5274 -45.1396 -27.6122
39.62 15.1613 -42.7735 -27.6122
39.64 13.9385 -41.5616 -27.6231
39.66 13.2716 -40.8948 -27.6231
39.68 14.2179 -41.8411 -27.6231
39.7 17.0528 -44.6759 -27.6231
39.72 18.8684 -46.497 -27.6286
39.74 18.3541 -45.9773 -27.6231
39.76 15.7587 -43.3874 -27.6286
39.78 13.1584 -40.787 -27.6286
39.8 13.2549 -40.8835 -27.6286
39.82 15.1423 -42.7764 -27.6341
39.84 16.4608 -44.1004 -27.6396
39.86 16.8429 -44.477 -27.6341
39.88 17.1383 -44.7724 -27.6341
39.9 18.3084 -45.9425 -27.6341
39.92 19.0316 -46.6712 -27.6396
39.94 18.6566 -46.3017 -27.6451
39.96 17.5419 -45.1869 -27.6451
39.98 15.9428 -43.5878 -27.6451
40 15.539 -43.1841 -27.6451
40.02 17.3608 -45.0059 -27.6451
40.04 18.597 -46.2311 -27.6341
40.06 18.0449 -45.6845 -27.6396
40.08 16.5998 -44.2394 -27.6396
40.1 14.7808 -42.4149 -27.6341
40.12 12.4307 -40.0702 -27.6396
40.14 10.1995 -37.8445 -27.6451
40.16 9.89957 -37.5391 -27.6396
40.18 11.3128 -38.9579 -27.6451
40.2 13.0003 -40.6453 -27.6451
40.22 15.2856 -42.9252 -27.6396
40.24 15.1187 -42.7637 -27.6451
40.26 12.7862 -40.4312 -27.6451
40.28 12.1137 -39.7533 -27.6396
40.3 14.5399 -42.174 -27.6341
40.32 16.5634 -44.1975 -27.6341
40.34 16.6793 -44.3079 -27.6286
40.36 17.1806 -44.8147 -27.6341
40.38 17.6256 -45.2597 -27.6341
40.4 16.6853 -44.3139 -27.6286
40.42 15.7246 -43.3478 -27.6231
40.44 16.0682 -43.6968 -27.6286
40.46 17.6828 -45.3114 -27.6286
40.48 19.2462 -46.8748 -27.6286
40.5 19.7332 -47.3618 -27.6286
40.52 18.6509 -46.2741 -27.6231
40.54 16.6096 -44.2327 -27.6231
40.56 15.3295 -42.9471 -27.6176
40.58 15.7973 -43.4149 -27.6176
40.6 17.3038 -44.9215 -27.6176
40.62 18.5138 -46.126 -27.6122
40.64 18.2988 -45.9109 -27.6122
40.66 16.0916 -43.7147 -27.6231
40.68 14.2545 -41.8721 -27.6176
40.7 15.2722 -42.8899 -27.6177
40.72 16.2108 -43.8175 -27.6067
40.74 16.4197 -44.021 -27.6012
40.76 18.1062 -45.7129 -27.6067
40.78 18.6673 -46.274 -27.6067
40.8 16.7177 -44.3244 -27.6067
40.82 14.2276 -41.8288 -27.6012
40.84 13.1782 -40.7848 -27.6067
40.86 14.0917 -41.7093 -27.6176
40.88 15.7066 -43.3297 -27.6231
40.9 17.0569 -44.6745 -27.6176
40.92 17.9723 -45.5899 -27.6176
40.94 17.9055 -45.5286 -27.6231
40.96 16.9949 -44.618 -27.6231
40.98 16.4788 -44.1019 -27.6231
41 16.071 -43.6996 -27.6286
41.02 16.4289 -44.0575 -27.6286
41.04 18.4419 -46.0705 -27.6286
41.06 19.3965 -47.0032 -27.6067
41.08 17.554 -45.1552 -27.6012
41.1 14.356 -41.9572 -27.6012
41.12 14.697 -42.2982 -27.6012
41.14 18.6302 -46.2314 -27.6012
41.16 21.0829 -48.6731 -27.5903
41.18 21.3091 -48.9049 -27.5957
41.2 20.3057 -47.907 -27.6012
41.22 19.0439 -46.6451 -27.6012
41.24 18.5001 -46.0904 -27.5903
41.26 19.0587 -46.6489 -27.5903
41.28 19.8897 -47.48 -27.5903
41.3 19.6145 -47.1993 -27.5848
41.32 18.1486 -45.7389 -27.5902
41.34 17.3001 -44.8849 -27.5848
41.36 17.5182 -45.1139 -27.5957
41.38 17.1829 -44.7841 -27.6012
41.4 16.2777 -43.8789 -27.6012
41.42 15.9266 -43.5333 -27.6067
41.44 15.6443 -43.251 -27.6067
41.46 15.4898 -43.0965 -27.6067
41.48 16.576 -44.1827 -27.6067
41.5 18.2048 -45.817 -27.6122
41.52 18.4344 -46.0466 -27.6122
41.54 16.3579 -43.9646 -27.6067
41.56 13.7496 -41.3673 -27.6176
41.58 15.7555 -43.3622 -27.6067
41.6 18.5129 -46.1141 -27.6012
41.62 18.5607 -46.151 -27.5903
41.64 17.2928 -44.8886 -27.5957
41.66 15.9156 -43.5168 -27.6012
41.68 15.4747 -43.0759 -27.6012
41.7 16.5048 -44.1061 -27.6012
41.72 16.5339 -44.1351 -27.6012
41.74 15.0067 -42.6189 -27.6122
41.76 14.758 -42.3702 -27.6122
41.78 16.2822 -43.8834 -27.6012
41.8 16.1243 -43.731 -27.6067
41.82 15.3702 -42.9659 -27.5958
41.84 15.5845 -43.1747 -27.5903
41.86 16.5424 -44.1327 -27.5903
41.88 16.5303 -44.1206 -27.5903
41.9 14.7359 -42.3261 -27.5903
41.92 14.0633 -41.6535 -27.5903
41.94 14.4476 -42.0324 -27.5848
41.96 14.1195 -41.7043 -27.5848
41.98 14.7377 -42.3279 -27.5903
42 16.547 -44.1373 -27.5903
42.02 18.4108 -46.0176 -27.6067
42.04 19.0745 -46.6867 -27.6122
42.06 19.1135 -46.7311 -27.6177
42.08 18.8344 -46.4521 -27.6177
42.1 17.4567 -45.0853 -27.6286
42.12 14.2107 -41.8448 -27.6341
42.14 11.6817 -39.3158 -27.6341
42.16 13.6777 -41.3119 -27.6341
42.18 15.1079 -42.7365 -27.6286
42.2 15.2107 -42.8448 -27.6341
42.22 16.2478 -43.8819 -27.6341
42.24 18.0836 -45.7177 -27.6341
42.26 18.7014 -46.341 -27.6396
42.28 17.0473 -44.6814 -27.6341
42.3 15.213 -42.8361 -27.6232
42.32 15.5388 -43.162 -27.6232
42.34 16.9682 -44.5858 -27.6177
42.36 17.6466 -45.2588 -27.6122
42.38 17.9306 -45.5373 -27.6067
42.4 18.5164 -46.1231 -27.6067
42.42 19.0577 -46.659 -27.6012
42.44 18.9023 -46.4925 -27.5903
42.46 18.3912 -45.987 -27.5958
42.48 18.327 -45.9283 -27.6012
42.5 18.2492 -45.8614 -27.6122
42.52 17.2002 -44.8124 -27.6122
42.54 15.53 -43.1367 -27.6067
42.56 14.9431 -42.5553 -27.6122
42.58 15.2798 -42.8975 -27.6177
42.6 14.6653 -42.2885 -27.6232
42.62 13.351 -40.9796 -27.6286
42.64 14.1602 -41.7888 -27.6286
42.66 16.8991 -44.5168 -27.6177
42.68 18.4639 -46.0816 -27.6177
42.7 18.2101 -45.8387 -27.6286
42.72 17.6126 -45.2413 -27.6286
42.74 17.3188 -44.942 -27.6232
42.76 16.8962 -44.5249 -27.6287
42.78 15.9769 -43.6056 -27.6287
42.8 14.4974 -42.1261 -27.6286
42.82 14.2105 -41.8392 -27.6286
42.84 14.4797 -42.1029 -27.6232
42.86 14.2301 -41.8587 -27.6286
42.88 15.2508 -42.8849 -27.6341
42.9 16.0904 -43.7245 -27.6341
42.92 15.9242 -43.5584 -27.6341
42.94 16.9993 -44.6335 -27.6341
42.96 18.4381 -46.0723 -27.6341
42.98 18.7442 -46.3838 -27.6396
43 18.4092 -46.0433 -27.6341
43.02 17.2154 -44.8386 -27.6232
43.04 15.6649 -43.2936 -27.6287
43.06 15.7058 -43.329 -27.6232
43.08 17.0184 -44.647 -27.6287
43.1 17.9907 -45.6248 -27.6341
43.12 17.5902 -45.2298 -27.6396
43.14 15.3281 -42.9677 -27.6396
43.16 12.5671 -40.2067 -27.6396
43.18 12.2461 -39.8748 -27.6287
43.2 13.315 -40.9382 -27.6232
43.22 13.9512 -41.5744 -27.6232
43.24 14.8735 -42.4967 -27.6232
43.26 15.84 -43.4632 -27.6232
43.28 15.7717 -43.4004 -27.6287
43.3 14.7279 -42.3565 -27.6287
43.32 15.2453 -42.8794 -27.6341
43.34 16.9684 -44.5861 -27.6177
43.36 17.4794 -45.1025 -27.6232
43.38 16.3058 -43.929 -27.6232
43.4 15.8221 -43.4453 -27.6232
43.42 17.118 -44.7411 -27.6232
43.44 17.7971 -45.4148 -27.6177
43.46 18.344 -45.9617 -27.6177
43.48 19.0908 -46.6975 -27.6067
43.5 18.4229 -46.0296 -27.6067
43.52 15.3476 -42.9599 -27.6122
43.54 11.8893 -39.507 -27.6177
43.56 15.7822 -43.3999 -27.6177
43.58 19.1188 -46.731 -27.6122
43.6 18.9901 -46.6078 -27.6177
43.62 17.492 -45.1152 -27.6232
43.64 16.9273 -44.5614 -27.6341
43.66 16.5708 -44.205 -27.6341
43.68 15.5681 -43.2077 -27.6396
43.7 13.852 -41.4916 -27.6396
43.72 12.5771 -40.2167 -27.6396
43.74 13.3599 -40.9941 -27.6341
43.76 15.7842 -43.4183 -27.6341
43.78 18.2153 -45.844 -27.6287
43.8 19.553 -47.1762 -27.6232
43.82 18.0606 -45.6838 -27.6232
43.84 14.7824 -42.4 -27.6177
43.86 16.9848 -44.6025 -27.6177
43.88 18.49 -46.1077 -27.6177
43.9 17.3864 -45.0151 -27.6287
43.92 16.2547 -43.8834 -27.6286
43.94 17.3656 -44.9832 -27.6177
43.96 19.3488 -46.9665 -27.6177
43.98 19.9071 -47.5303 -27.6232
44 17.6833 -45.3064 -27.6232
44.02 12.4802 -40.1088 -27.6287
44.04 10.2058 -37.8345 -27.6287
44.06 12.7481 -40.3822 -27.6341
44.08 16.7706 -44.4048 -27.6341
44.1 20.2104 -47.839 -27.6287
44.12 20.6585 -48.2762 -27.6177
44.14 19.1808 -46.8039 -27.6232
44.16 16.9144 -44.5376 -27.6232
44.18 15.1186 -42.7418 -27.6232
44.2 15.0182 -42.6304 -27.6122
44.22 16.8798 -44.4975 -27.6177
44.24 19.2956 -46.9078 -27.6122
44.26 19.9344 -47.5521 -27.6177
44.28 18.6343 -46.2575 -27.6232
44.3 17.4204 -45.0491 -27.6287
44.32 16.5601 -44.1887 -27.6287
44.34 16.5201 -44.1433 -27.6232
44.36 17.4676 -45.0908 -27.6232
44.38 17.8356 -45.4424 -27.6067
44.4 16.3492 -43.956 -27.6067
44.42 14.1653 -41.7775 -27.6122
44.44 14.9792 -42.5915 -27.6122
44.46 17.4395 -45.0518 -27.6122
44.48 18.0757 -45.6824 -27.6067
44.5 17.0461 -44.6583 -27.6122
44.52 15.953 -43.5707 -27.6177
44.54 14.9779 -42.5956 -27.6177
44.56 13.9597 -41.5665 -27.6067
44.58 14.9681 -42.5748 -27.6067
44.6 17.7397 -45.341 -27.6013
44.62 19.5315 -47.1327 -27.6013
44.64 18.8818 -46.4776 -27.5958
44.66 16.3702 -43.9714 -27.6013
44.68 15.0794 -42.6806 -27.6013
44.7 15.6613 -43.2626 -27.6013
44.72 15.711 -43.3122 -27.6013
44.74 16.2689 -43.8701 -27.6013
44.76 16.6259 -44.2217 -27.5958
44.78 15.4797 -43.081 -27.6013
44.8 15.5206 -43.1218 -27.6013
44.82 17.5722 -45.1789 -27.6067
44.84 18.4153 -46.0165 -27.6013
44.86 18.3869 -45.9937 -27.6067
44.88 19.3147 -46.9269 -27.6122
44.9 20.2041 -47.8218 -27.6177
44.92 20.1882 -47.8059 -27.6177
44.94 19.2542 -46.8719 -27.6177
44.96 17.6447 -45.2678 -27.6232
44.98 16.1216 -43.7392 -27.6177
45 15.5884 -43.2006 -27.6122
45.02 16.4435 -44.0557 -27.6122
45.04 17.5919 -45.2041 -27.6122
45.06 18.265 -45.8717 -27.6067
45.08 18.9309 -46.5377 -27.6067
45.1 19.2076 -46.8198 -27.6122
45.12 17.8358 -45.448 -27.6122
45.14 17.1935 -44.8057 -27.6122
45.16 18.4119 -46.0241 -27.6122
45.18 18.3586 -45.9544 -27.5958
45.2 17.5546 -45.1504 -27.5958
45.22 17.014 -44.6098 -27.5958
45.24 16.4498 -44.0346 -27.5848
45.26 15.2843 -42.8746 -27.5903
45.28 14.278 -41.8682 -27.5903
45.3 14.3869 -41.9772 -27.5903
45.32 14.819 -42.4093 -27.5903
45.34 15.311 -42.8958 -27.5848
45.36 16.532 -44.1168 -27.5848
45.38 17.7728 -45.3631 -27.5903
45.4 18.3479 -45.9382 -27.5903
45.42 18.0572 -45.6475 -27.5903
45.44 16.6365 -44.2268 -27.5903
45.46 14.4138 -42.0041 -27.5903
45.48 13.1586 -40.7599 -27.6012
45.5 13.3304 -40.9371 -27.6067
45.52 13.5789 -41.1911 -27.6122
45.54 14.4317 -42.0494 -27.6177
45.56 15.9415 -43.5592 -27.6177
45.58 16.9761 -44.5883 -27.6122
45.6 17.6085 -45.2097 -27.6012
45.62 18.6766 -46.2724 -27.5958
45.64 19.1067 -46.697 -27.5903
45.66 18.1933 -45.7836 -27.5903
45.68 16.4866 -44.0769 -27.5903
45.7 14.8081 -42.4039 -27.5958
45.72 14.9083 -42.504 -27.5958
45.74 16.9071 -44.5083 -27.6012
45.76 18.4876 -46.0888 -27.6012
45.78 18.2331 -45.8343 -27.6012
45.8 16.1245 -43.7312 -27.6067
45.82 13.0858 -40.687 -27.6012
45.84 10.5806 -38.1818 -27.6012
45.86 10.6028 -38.2041 -27.6012
45.88 13.4585 -41.0817 -27.6231
45.9 16.6364 -44.2486 -27.6122
45.92 18.2778 -45.8955 -27.6177
45.94 17.9032 -45.5318 -27.6286
45.96 16.1641 -43.7928 -27.6286
45.98 14.8252 -42.4593 -27.6341
46 15.1667 -42.7953 -27.6286
46.02 15.817 -43.462 -27.6451
46.04 16.3797 -44.0302 -27.6505
46.06 17.0911 -44.7362 -27.6451
46.08 17.3481 -44.9986 -27.6505
46.1 16.6453 -44.2958 -27.6505
46.12 14.87 -42.5151 -27.6451
46.14 12.9577 -40.6027 -27.6451
46.16 12.1018 -39.7524 -27.6505
46.18 12.4304 -40.0809 -27.6505
46.2 13.3451 -40.9957 -27.6505
46.22 14.0246 -41.6697 -27.6451
46.24 15.0246 -42.6751 -27.6505
46.26 16.8145 -44.4705 -27.656
46.28 18.1881 -45.8496 -27.6615
46.3 18.4578 -46.1248 -27.667
46.32 17.9551 -45.6166 -27.6615
46.34 17.6557 -45.3118 -27.656
46.36 17.668 -45.3076 -27.6396
46.38 16.1016 -43.7411 -27.6396
46.4 12.985 -40.6246 -27.6396
46.42 12.0112 -39.6508 -27.6396
46.44 15.4166 -43.0508 -27.6341
46.46 19.1635 -46.7866 -27.6232
46.48 20.8812 -48.5043 -27.6232
46.5 20.6944 -48.3121 -27.6177
46.52 18.9332 -46.5618 -27.6286
46.54 17.0009 -44.6295 -27.6286
46.56 16.4984 -44.1161 -27.6177
46.58 17.2205 -44.8327 -27.6122
46.6 18.0654 -45.6776 -27.6122
46.62 18.3636 -45.9703 -27.6067
46.64 19.2976 -46.8988 -27.6012
46.66 20.3186 -47.9199 -27.6012
46.68 19.8924 -47.4991 -27.6067
46.7 18.5734 -46.1911 -27.6177
46.72 17.4575 -45.0806 -27.6231
46.74 16.9866 -44.6043 -27.6177
46.76 16.4109 -44.034 -27.6231
46.78 15.1622 -42.7853 -27.6231
46.8 15.1354 -42.7531 -27.6177
46.82 16.68 -44.2922 -27.6122
46.84 18.0315 -45.6437 -27.6122
46.86 18.7352 -46.3529 -27.6177
46.88 18.4623 -46.0854 -27.6231
46.9 17.5595 -45.1936 -27.6341
46.92 16.7645 -44.3931 -27.6286
46.94 15.8918 -43.5095 -27.6177
46.96 14.4067 -42.0243 -27.6177
46.98 12.5767 -40.1944 -27.6177
47 11.696 -39.3191 -27.6231
47.02 13.0076 -40.6308 -27.6231
47.04 15.5657 -43.1888 -27.6231
47.06 16.9632 -44.5864 -27.6231
47.08 16.1693 -43.7925 -27.6231
47.1 14.0561 -41.6792 -27.6231
47.12 13.0046 -40.6278 -27.6231
47.14 13.2223 -40.84 -27.6177
47.16 14.0733 -41.6964 -27.6231
47.18 16.0961 -43.7083 -27.6122
47.2 18.1163 -45.7284 -27.6122
47.22 18.4949 -46.1125 -27.6177
47.24 17.487 -45.0992 -27.6122
47.26 16.6645 -44.2767 -27.6122
47.28 16.1125 -43.7247 -27.6122
47.3 15.0114 -42.6017 -27.5903
47.32 14.3146 -41.9048 -27.5903
47.34 15.7363 -43.3265 -27.5903
47.36 17.0824 -44.6727 -27.5903
47.38 16.5621 -44.1469 -27.5848
47.4 15.7834 -43.3737 -27.5903
47.42 15.6389 -43.2292 -27.5903
47.44 15.6021 -43.1978 -27.5957
47.46 15.8694 -43.4596 -27.5903
47.48 16.8283 -44.424 -27.5957
47.5 17.4602 -45.056 -27.5957
47.52 16.7419 -44.3486 -27.6067
47.54 14.9345 -42.5412 -27.6067
47.56 14.4184 -42.0361 -27.6177
47.58 16.4565 -44.0686 -27.6122
47.6 18.9587 -46.5763 -27.6177
47.62 20.0622 -47.6799 -27.6177
47.64 19.3973 -47.0204 -27.6231
47.66 17.5374 -45.1606 -27.6231
47.68 15.6828 -43.3168 -27.6341
47.7 15.2508 -42.8739 -27.6231
47.72 15.5428 -43.1659 -27.6231
47.74 15.987 -43.6102 -27.6231
47.76 17.5217 -45.1394 -27.6177
47.78 19.307 -46.9247 -27.6177
47.8 18.6731 -46.2853 -27.6122
47.82 16.61 -44.2331 -27.6231
47.84 17.3994 -45.0226 -27.6231
47.86 19.1689 -46.7975 -27.6286
47.88 18.7235 -46.3466 -27.6231
47.9 15.9942 -43.6173 -27.6231
47.92 14.1314 -41.7546 -27.6231
47.94 16.4872 -44.1049 -27.6177
47.96 18.1192 -45.7479 -27.6286
47.98 18.4161 -46.0393 -27.6231
48 18.3673 -45.9904 -27.6231
48.02 17.9991 -45.6168 -27.6177
48.04 16.6387 -44.2509 -27.6122
48.06 15.3503 -42.957 -27.6067
48.08 14.4629 -42.0697 -27.6067
48.1 14.4956 -42.1023 -27.6067
48.12 14.3682 -41.9749 -27.6067
48.14 13.6498 -41.2565 -27.6067
48.16 14.4833 -42.0955 -27.6122
48.18 16.8052 -44.4119 -27.6067
48.2 18.8943 -46.512 -27.6177
48.22 19.3152 -46.9274 -27.6122
48.24 17.9657 -45.5724 -27.6067
48.26 16.1729 -43.7796 -27.6067
48.28 14.3294 -41.9361 -27.6067
48.3 13.4648 -41.077 -27.6122
48.32 14.4188 -42.0474 -27.6286
48.34 15.7072 -43.3303 -27.6231
48.36 17.263 -44.8971 -27.6341
48.38 18.2354 -45.8696 -27.6341
48.4 17.164 -44.7871 -27.6231
48.42 14.2683 -41.8969 -27.6286
48.44 15.006 -42.6346 -27.6286
48.46 15.1371 -42.7602 -27.6231
48.48 14.0516 -41.6583 -27.6067
48.5 16.872 -44.4787 -27.6067
48.52 18.7301 -46.3259 -27.5958
48.54 18.8893 -46.4796 -27.5903
48.56 19.0127 -46.6084 -27.5958
48.58 19.4415 -47.0372 -27.5958
48.6 19.2606 -46.8563 -27.5958
48.62 17.7001 -45.2959 -27.5958
48.64 16.1118 -43.7075 -27.5958
48.66 16.355 -43.9507 -27.5958
48.68 17.1972 -44.7929 -27.5958
48.7 17.5686 -45.1643 -27.5958
48.72 17.6729 -45.2687 -27.5958
48.74 17.6868 -45.2826 -27.5958
48.76 17.6084 -45.2096 -27.6012
48.78 18.2213 -45.828 -27.6067
48.8 19.6958 -47.2861 -27.5903
48.82 20.5694 -48.1652 -27.5958
48.84 20.2853 -47.881 -27.5957
48.86 19.2464 -46.8476 -27.6012
48.88 18.0864 -45.6931 -27.6067
48.9 17.3641 -44.9763 -27.6122
48.92 17.1568 -44.7581 -27.6012
48.94 16.825 -44.4262 -27.6012
48.96 15.384 -43.0072 -27.6231
48.98 13.5105 -41.1336 -27.6231
49 13.838 -41.4557 -27.6177
49.02 16.1049 -43.7171 -27.6122
49.04 17.9356 -45.5369 -27.6012
49.06 18.3747 -45.976 -27.6012
49.08 17.2166 -44.8068 -27.5903
49.1 15.3892 -42.9794 -27.5903
49.12 15.6686 -43.2534 -27.5848
49.14 17.9122 -45.5025 -27.5903
49.16 18.9413 -46.5316 -27.5903
49.18 17.7017 -45.2919 -27.5903
49.2 14.5835 -42.1738 -27.5903
49.22 12.9441 -40.5289 -27.5848
49.24 15.6709 -43.2557 -27.5848
49.26 18.1622 -45.758 -27.5958
49.28 16.8937 -44.4894 -27.5958
49.3 12.5607 -40.1564 -27.5957
49.32 11.7614 -39.3572 -27.5957
49.34 14.0726 -41.6793 -27.6067
49.36 14.6613 -42.268 -27.6067
49.38 13.7583 -41.365 -27.6067
49.4 13.309 -40.9212 -27.6122
49.42 15.3136 -42.9258 -27.6122
49.44 18.3089 -45.9156 -27.6067
49.46 19.8734 -47.4801 -27.6067
49.48 18.4748 -46.076 -27.6012
49.5 13.8814 -41.4881 -27.6067
49.52 12.1142 -39.7209 -27.6067
49.54 16.0067 -43.6025 -27.5957
49.56 18.5861 -46.1818 -27.5957
49.58 17.3114 -44.9126 -27.6012
49.6 15.6717 -43.2729 -27.6012
49.62 17.5028 -45.104 -27.6012
49.64 19.4028 -47.004 -27.6012
49.66 18.199 -45.7948 -27.5957
49.68 14.6185 -42.2088 -27.5903
49.7 12.2139 -39.8042 -27.5903
49.72 14.0347 -41.6195 -27.5848
49.74 17.4191 -45.0039 -27.5848
49.76 18.8592 -46.4549 -27.5957
49.78 18.3459 -45.9416 -27.5957
49.8 16.441 -44.0368 -27.5957
49.82 15.201 -42.7967 -27.5957
49.84 16.0905 -43.6807 -27.5903
49.86 16.088 -43.6837 -27.5957
49.88 14.3386 -41.9233 -27.5848
49.9 13.2563 -40.8411 -27.5848
49.92 14.2689 -41.8591 -27.5903
49.94 15.8183 -43.414 -27.5957
49.96 16.2248 -43.8206 -27.5957
49.98 14.8958 -42.497 -27.6012
