0.00 8 -16.0626 -8.06256
0.02 6.42627 -14.4891 -8.06283
0.04 4.03211 -12.0949 -8.06283
0.06 4.10316 -12.166 -8.06283
0.08 6.31688 -14.3797 -8.06283
0.1 8.95941 -17.0222 -8.06283
0.12 10.8129 -18.8758 -8.06289
0.14 11.062 -19.1249 -8.06289
0.16 11.2306 -19.2934 -8.06288
0.18 13.6148 -21.6777 -8.06289
0.2 16.6955 -24.7584 -8.06289
0.22 19.0343 -27.0972 -8.06288
0.24 20.4805 -28.5434 -8.06289
0.26 20.1432 -28.2061 -8.06291
0.28 18.6815 -26.7444 -8.06288
0.3 19.1894 -27.2523 -8.06286
0.32 21.1033 -29.1662 -8.0629
0.34 19.9419 -28.0048 -8.06288
0.36 16.7774 -24.8403 -8.0629
0.38 16.7912 -24.8541 -8.0629
0.4 17.3154 -25.3783 -8.06292
0.42 17.5723 -25.6352 -8.06289
0.44 16.2936 -24.3564 -8.06285
0.46 13.6999 -21.7628 -8.06285
0.48 12.5622 -20.6251 -8.06285
0.5 13.3906 -21.4534 -8.06285
0.52 15.6527 -23.7155 -8.06282
0.54 15.2578 -23.3207 -8.06283
0.56 13.9326 -21.9954 -8.06279
0.58 12.5602 -20.623 -8.0628
0.6 14.1346 -22.1974 -8.0628
0.62 16.0694 -24.1322 -8.06281
0.64 14.7875 -22.8503 -8.06283
0.66 13.708 -21.7709 -8.06284
0.68 13.9988 -22.0617 -8.06282
0.7 15.7843 -23.8471 -8.06284
0.72 15.6381 -23.7009 -8.06284
0.74 12.7376 -20.8004 -8.06284
0.76 13.4135 -21.4764 -8.06284
0.78 16.2457 -24.3085 -8.06281
0.8 16.5852 -24.648 -8.06283
0.82 14.4756 -22.5384 -8.06286
0.84 12.5675 -20.6304 -8.06285
0.86 13.359 -21.4218 -8.06285
0.88 14.2575 -22.3204 -8.06285
0.9 14.8445 -22.9073 -8.06288
0.92 14.7489 -22.8118 -8.06286
0.94 12.6844 -20.7472 -8.06281
0.96 12.0877 -20.1505 -8.06279
0.98 14.1473 -22.2101 -8.0628
1 14.4075 -22.4703 -8.06279
1.02 14.5063 -22.5691 -8.06282
1.04 14.0095 -22.0723 -8.06285
1.06 11.965 -20.0278 -8.06283
1.08 13.0845 -21.1474 -8.06285
1.1 12.8506 -20.9135 -8.06287
1.12 12.7905 -20.8533 -8.06284
1.14 13.2362 -21.299 -8.06285
1.16 12.1741 -20.237 -8.06286
1.18 12.5068 -20.5697 -8.06282
1.2 13.5629 -21.6258 -8.06283
1.22 12.4373 -20.5001 -8.06282
1.24 12.0957 -20.1585 -8.06281
1.26 14.1877 -22.2505 -8.0628
1.28 15.0439 -23.1067 -8.0628
1.3 14.8964 -22.9592 -8.06279
1.32 14.3504 -22.4132 -8.06277
1.34 11.9985 -20.0613 -8.06277
1.36 11.4421 -19.5049 -8.06278
1.38 11.0436 -19.1064 -8.0628
1.4 11.9738 -20.0366 -8.06277
1.42 12.4474 -20.5102 -8.06279
1.44 11.9964 -20.0592 -8.06278
1.46 11.145 -19.2078 -8.06279
1.48 9.10817 -17.171 -8.06279
1.5 8.45739 -16.5201 -8.06276
1.52 12.2461 -20.3089 -8.06276
1.54 17.1573 -25.22 -8.06273
1.56 16.3626 -24.4253 -8.06276
1.58 10.601 -18.6638 -8.06275
1.6 9.98592 -18.0487 -8.06276
1.62 13.07 -21.1327 -8.06277
1.64 13.1004 -21.1632 -8.06276
1.66 15.7019 -23.7647 -8.06277
1.68 14.9643 -23.027 -8.06274
1.7 15.0592 -23.1219 -8.06276
1.72 11.9469 -20.0096 -8.06272
1.74 8.78745 -16.8501 -8.06269
1.76 13.5554 -21.6181 -8.06274
1.78 17.9894 -26.0522 -8.06273
1.8 14.9422 -23.005 -8.06272
1.82 12.554 -20.6167 -8.06268
1.84 15.5894 -23.652 -8.06266
1.86 16.3281 -24.3908 -8.06267
1.88 14.5395 -22.6022 -8.06265
1.9 15.5591 -23.6218 -8.06267
1.92 19.0709 -27.1336 -8.06267
1.94 20.5193 -28.5819 -8.06268
1.96 15.6141 -23.6768 -8.06269
1.98 13.2335 -21.2962 -8.06268
2 17.8687 -25.9315 -8.06274
2.02 18.3923 -26.455 -8.06274
2.04 15.1687 -23.2314 -8.0627
2.06 17.9445 -26.0071 -8.06266
2.08 19.1181 -27.1808 -8.06272
2.1 13.5734 -21.6361 -8.06272
2.12 11.6716 -19.7343 -8.06271
2.14 15.794 -23.8568 -8.0628
2.16 16.9225 -24.9853 -8.06284
2.18 12.4443 -20.5071 -8.06285
2.2 9.99225 -18.0551 -8.06284
2.22 12.136 -20.1988 -8.0628
2.24 18.6558 -26.7186 -8.06281
2.26 17.0701 -25.1329 -8.0628
2.28 9.12869 -17.1915 -8.06282
2.3 11.9054 -19.9682 -8.06282
2.32 18.8322 -26.8951 -8.06284
2.34 14.6112 -22.6741 -8.06283
2.36 11.7418 -19.8047 -8.06283
2.38 20.0607 -28.1236 -8.0629
2.4 20.3443 -28.4072 -8.06287
2.42 13.3054 -21.3682 -8.06281
2.44 14.9301 -22.9929 -8.06281
2.46 19.8411 -27.904 -8.06285
2.48 14.3736 -22.4365 -8.06281
2.5 16.4816 -24.5444 -8.06285
2.52 22.5047 -30.5675 -8.06282
2.54 16.2768 -24.3396 -8.06281
2.56 13.1745 -21.2373 -8.06282
2.58 18.8744 -26.9373 -8.06285
2.6 16.5527 -24.6155 -8.06287
2.62 11.3744 -19.4372 -8.06284
2.64 16.9539 -25.0168 -8.06288
2.66 17.1269 -25.1898 -8.06284
2.68 12.6097 -20.6725 -8.0628
2.7 15.9263 -23.9892 -8.06282
2.72 16.3723 -24.4352 -8.06282
2.74 17.1374 -25.2002 -8.06278
2.76 18.7113 -26.7741 -8.06282
2.78 19.5606 -27.6234 -8.0628
2.8 19.3927 -27.4555 -8.06282
2.82 15.5225 -23.5853 -8.0628
2.84 13.0507 -21.1135 -8.06282
2.86 15.5052 -23.5679 -8.06277
2.88 17.6075 -25.6703 -8.06278
2.9 14.7162 -22.779 -8.06281
2.92 11.7679 -19.8307 -8.0628
2.94 14.0306 -22.0934 -8.0628
2.96 16.3141 -24.3769 -8.0628
2.98 15.8232 -23.886 -8.06279
3 16.2328 -24.2956 -8.06277
3.02 18.5154 -26.5782 -8.06277
3.04 17.8769 -25.9397 -8.0628
3.06 14.4245 -22.4872 -8.06275
3.08 15.4818 -23.5446 -8.0628
3.1 15.9823 -24.0451 -8.06279
3.12 13.5184 -21.5812 -8.06279
3.14 12.8082 -20.871 -8.06278
3.16 18.9527 -27.0155 -8.0628
3.18 20.9048 -28.9676 -8.0628
3.2 18.4977 -26.5605 -8.0628
3.22 15.17 -23.2327 -8.06275
3.24 15.8006 -23.8634 -8.06277
3.26 18.8371 -26.8998 -8.06273
3.28 19.7618 -27.8245 -8.06274
3.3 17.4 -25.4628 -8.06276
3.32 13.5932 -21.656 -8.06278
3.34 13.1358 -21.1986 -8.0628
3.36 14.9117 -22.9745 -8.06281
3.38 16.4657 -24.5285 -8.06281
3.4 18.5052 -26.568 -8.06281
3.42 19.6643 -27.7272 -8.06289
3.44 16.3674 -24.4303 -8.06287
3.46 15.3638 -23.4267 -8.06289
3.48 15.1461 -23.209 -8.06288
3.5 17.013 -25.0759 -8.06288
3.52 18.6629 -26.7258 -8.0629
3.54 13.2847 -21.3477 -8.06294
3.56 8.56889 -16.6318 -8.06289
3.58 14.9702 -23.0331 -8.06291
3.6 15.8471 -23.9101 -8.06292
3.62 15.6349 -23.6978 -8.06289
3.64 12.5294 -20.5922 -8.06286
3.66 10.909 -18.9719 -8.06288
3.68 16.8225 -24.8854 -8.06291
3.7 20.7482 -28.8111 -8.06295
3.72 17.0815 -25.1445 -8.06298
3.74 13.692 -21.755 -8.06299
3.76 14.2479 -22.3109 -8.063
3.78 13.0535 -21.1165 -8.06302
3.8 13.9614 -22.0244 -8.063
3.82 18.3445 -26.4075 -8.06298
3.84 18.7242 -26.7872 -8.063
3.86 15.2307 -23.2937 -8.06302
3.88 17.3825 -25.4455 -8.06303
3.9 15.5678 -23.6308 -8.06302
3.92 12.683 -20.7461 -8.06305
3.94 12.0809 -20.144 -8.06307
3.96 11.3485 -19.4116 -8.06305
3.98 16.3318 -24.3949 -8.06308
4 21.0755 -29.1384 -8.06298
4.02 19.7342 -27.7973 -8.06301
4.04 15.664 -23.727 -8.06297
4.06 15.4538 -23.5167 -8.06297
4.08 13.3607 -21.4237 -8.06295
4.1 14.347 -22.4099 -8.06295
4.12 19.0493 -27.1122 -8.06297
4.14 17.7009 -25.7639 -8.06295
4.16 14.3197 -22.3826 -8.06294
4.18 14.5268 -22.5898 -8.06294
4.2 15.5793 -23.6422 -8.06292
4.22 15.7293 -23.7923 -8.06291
4.24 16.3145 -24.3774 -8.06288
4.26 16.672 -24.7349 -8.06289
4.28 18.922 -26.9849 -8.06291
4.3 16.901 -24.9639 -8.06288
4.32 15.7312 -23.7941 -8.06289
4.34 17.0313 -25.0942 -8.06293
4.36 16.5628 -24.6258 -8.06299
4.38 11.3614 -19.4243 -8.06298
4.4 14.7014 -22.7644 -8.06298
4.42 13.9522 -22.0153 -8.06306
4.44 13.029 -21.092 -8.06304
4.46 19.6244 -27.6874 -8.06306
4.48 19.522 -27.585 -8.063
4.5 17.7393 -25.8023 -8.06297
4.52 19.0851 -27.148 -8.06296
4.54 17.5676 -25.6306 -8.06297
4.56 14.1389 -22.2019 -8.06297
4.58 14.1206 -22.1835 -8.06293
4.6 16.2784 -24.3413 -8.06294
4.62 15.9847 -24.0476 -8.06291
4.64 10.9247 -18.9875 -8.06288
4.66 12.7223 -20.7852 -8.06288
4.68 20.7623 -28.8252 -8.06293
4.7 19.39 -27.453 -8.06294
4.72 14.6546 -22.7175 -8.0629
4.74 12.6894 -20.7523 -8.06293
4.76 9.48296 -17.5459 -8.0629
4.78 12.3216 -20.3845 -8.06291
4.8 17.0267 -25.0896 -8.06289
4.82 17.7246 -25.7875 -8.06288
4.84 13.8146 -21.8775 -8.06284
4.86 13.8621 -21.925 -8.06284
4.88 16.1078 -24.1707 -8.06286
4.9 15.8319 -23.8948 -8.06286
4.92 12.713 -20.7758 -8.06285
4.94 14.0985 -22.1613 -8.06288
4.96 17.8696 -25.9325 -8.06288
4.98 19.0627 -27.1255 -8.06288
5 16.1547 -24.2176 -8.06291
5.02 14.0178 -22.0806 -8.0629
5.04 13.7854 -21.8482 -8.06287
5.06 18.4374 -26.5003 -8.06291
5.08 18.5911 -26.6541 -8.06294
5.1 16.7997 -24.8626 -8.06293
5.12 20.362 -28.425 -8.06298
5.14 22.0417 -30.1046 -8.06295
5.16 18.0465 -26.1094 -8.06295
5.18 13.8689 -21.9318 -8.06296
5.2 15.7071 -23.7702 -8.06302
5.22 18.5486 -26.6116 -8.06301
5.24 17.8961 -25.9591 -8.06302
5.26 16.0072 -24.0702 -8.063
5.28 14.0291 -22.0921 -8.06296
5.3 9.55106 -17.614 -8.06295
5.32 10.2767 -18.3397 -8.06297
5.34 15.8988 -23.9618 -8.06299
5.36 17.306 -25.369 -8.06301
5.38 15.4481 -23.5111 -8.06298
5.4 14.0289 -22.0919 -8.063
5.42 12.779 -20.8421 -8.06302
5.44 14.0836 -22.1466 -8.06301
5.46 16.9351 -24.9981 -8.06301
5.48 16.6036 -24.6666 -8.063
5.5 14.9708 -23.0337 -8.06296
5.52 16.3983 -24.4613 -8.063
5.54 16.0067 -24.0697 -8.06299
5.56 14.298 -22.361 -8.06301
5.58 16.8523 -24.9153 -8.063
5.6 20.4467 -28.5097 -8.06299
5.62 18.8773 -26.9403 -8.06295
5.64 16.9921 -25.055 -8.06296
5.66 16.4907 -24.5537 -8.06299
5.68 12.8855 -20.9484 -8.06297
5.7 13.9941 -22.057 -8.06298
5.72 16.4521 -24.5151 -8.063
5.74 15.6691 -23.7321 -8.06299
5.76 13.3925 -21.4555 -8.06298
5.78 16.5722 -24.6352 -8.06298
5.8 21.0723 -29.1353 -8.063
5.82 18.8147 -26.8777 -8.06303
5.84 14.4203 -22.4834 -8.06304
5.86 13.365 -21.4281 -8.06306
5.88 13.3414 -21.4044 -8.06303
5.9 14.5065 -22.5695 -8.06303
5.92 16.7114 -24.7744 -8.06303
5.94 17.9687 -26.0317 -8.06298
5.96 13.5901 -21.653 -8.06295
5.98 14.842 -22.9049 -8.06293
6 18.9074 -26.9703 -8.06298
6.02 19.8949 -27.9579 -8.06298
6.04 15.5185 -23.5815 -8.06301
6.06 13.4284 -21.4914 -8.06303
6.08 13.8725 -21.9355 -8.06304
6.1 14.3703 -22.4333 -8.06301
6.12 17.428 -25.4909 -8.06296
6.14 17.9282 -25.9912 -8.06298
6.16 12.0088 -20.0718 -8.06296
6.18 12.1759 -20.2388 -8.06296
6.2 16.3086 -24.3715 -8.06296
6.22 14.0528 -22.1158 -8.063
6.24 10.9209 -18.984 -8.06302
6.26 13.7587 -21.8217 -8.06301
6.28 15.2795 -23.3425 -8.06305
6.3 17.0319 -25.095 -8.06301
6.32 18.2846 -26.3476 -8.06302
6.34 12.1306 -20.1935 -8.06294
6.36 16.3861 -24.4491 -8.06297
6.38 21.3497 -29.4126 -8.06294
6.4 18.4434 -26.5064 -8.06297
6.42 16.27 -24.333 -8.06298
6.44 14.2683 -22.3313 -8.06296
6.46 13.7352 -21.7982 -8.06294
6.48 15.2087 -23.2716 -8.06297
6.5 17.3831 -25.446 -8.06295
6.52 17.613 -25.676 -8.06292
6.54 11.6251 -19.6881 -8.06291
6.56 12.622 -20.6849 -8.06293
6.58 17.8683 -25.9312 -8.06294
6.6 16.1965 -24.2594 -8.06292
6.62 12.2333 -20.2962 -8.06289
6.64 13.1176 -21.1806 -8.06293
6.66 17.5572 -25.6201 -8.06295
6.68 16.9069 -24.9698 -8.06291
6.7 13.3177 -21.3806 -8.0629
6.72 15.5521 -23.615 -8.06293
6.74 16.9612 -25.0241 -8.06293
6.76 14.6181 -22.681 -8.0629
6.78 16.503 -24.5659 -8.06286
6.8 19.0956 -27.1585 -8.06287
6.82 18.9536 -27.0165 -8.06285
6.84 16.2009 -24.2638 -8.0629
6.86 14.2093 -22.2722 -8.06286
6.88 15.3238 -23.3867 -8.06289
6.9 17.3293 -25.3922 -8.06291
6.92 12.4809 -20.5438 -8.06291
6.94 9.13307 -17.196 -8.06289
6.96 14.521 -22.5839 -8.06294
6.98 18.0494 -26.1124 -8.06296
7 20.9488 -29.0118 -8.06297
7.02 19.0262 -27.0891 -8.0629
7.04 13.2412 -21.3041 -8.06291
7.06 13.7749 -21.8378 -8.06292
7.08 17.4018 -25.4647 -8.06293
7.1 20.1433 -28.2063 -8.06294
7.12 20.8005 -28.8635 -8.06299
7.14 15.6397 -23.7027 -8.06298
7.16 11.6972 -19.7602 -8.06299
7.18 13.5309 -21.5939 -8.06303
7.2 16.5007 -24.5638 -8.06304
7.22 16.0472 -24.1103 -8.06311
7.24 12.8345 -20.8976 -8.06314
7.26 11.7354 -19.7985 -8.0631
7.28 17.4877 -25.5509 -8.06314
7.3 16.1406 -24.2037 -8.06309
7.32 13.8937 -21.9568 -8.06302
7.34 17.2536 -25.3166 -8.06304
7.36 12.9058 -20.9688 -8.063
7.38 9.53082 -17.5938 -8.06301
7.4 16.0898 -24.1529 -8.0631
7.42 18.0189 -26.082 -8.06309
7.44 18.1973 -26.2604 -8.06309
7.46 20.3279 -28.391 -8.06306
7.48 16.5858 -24.6488 -8.06302
7.5 10.4633 -18.5263 -8.06301
7.52 13.0376 -21.1007 -8.06304
7.54 19.7059 -27.7689 -8.06304
7.56 19.4883 -27.5514 -8.06309
7.58 16.3749 -24.438 -8.06307
7.6 15.5604 -23.6235 -8.06308
7.62 15.9509 -24.0139 -8.06306
7.64 12.4161 -20.4791 -8.06309
7.66 16.3696 -24.4327 -8.06312
7.68 21.3054 -29.3685 -8.06312
7.7 17.0601 -25.1232 -8.06315
7.72 13.8748 -21.9379 -8.06312
7.74 15.5523 -23.6154 -8.06314
7.76 12.5865 -20.6496 -8.06309
7.78 13.2507 -21.3137 -8.0631
7.8 17.7719 -25.835 -8.06311
7.82 17.2365 -25.2997 -8.06313
7.84 13.47 -21.5332 -8.06318
7.86 12.4006 -20.4638 -8.06321
7.88 14.6495 -22.7127 -8.06322
7.9 17.0574 -25.1206 -8.06322
7.92 12.6172 -20.6804 -8.06321
7.94 12.9121 -20.9753 -8.06321
7.96 18.3394 -26.4027 -8.06324
7.98 19.2772 -27.3404 -8.06324
8 17.3217 -25.3848 -8.06317
8.02 19.5954 -27.6586 -8.06317
8.04 19.3214 -27.3846 -8.06318
8.06 14.0007 -22.0638 -8.06316
8.08 12.4607 -20.5239 -8.06313
8.1 14.3825 -22.4456 -8.0631
8.12 15.3605 -23.4236 -8.06313
8.14 16.6864 -24.7496 -8.06315
8.16 13.6894 -21.7525 -8.06313
8.18 13.4058 -21.469 -8.06321
8.2 15.906 -23.9692 -8.06321
8.22 17.3191 -25.3823 -8.06321
8.24 17.7751 -25.8383 -8.06323
8.26 14.268 -22.3313 -8.06327
8.28 12.237 -20.3003 -8.06326
8.3 15.8702 -23.9335 -8.06328
8.32 19.1182 -27.1815 -8.06335
8.34 18.7337 -26.797 -8.0633
8.36 14.5001 -22.5634 -8.06329
8.38 11.8178 -19.8811 -8.06326
8.4 14.9676 -23.0309 -8.06327
8.42 18.6493 -26.7126 -8.06324
8.44 17.8202 -25.8835 -8.06329
8.46 15.4657 -23.529 -8.06328
8.48 16.1091 -24.1724 -8.0633
8.5 19.5251 -27.5884 -8.06331
8.52 18.5737 -26.637 -8.06329
8.54 15.9921 -24.0554 -8.06335
8.56 16.8754 -24.9388 -8.06334
8.58 16.4922 -24.5555 -8.06332
8.6 16.6044 -24.6677 -8.0633
8.62 18.4549 -26.5182 -8.06334
8.64 14.7654 -22.8287 -8.06337
8.66 13.9038 -21.9671 -8.06338
8.68 16.294 -24.3574 -8.06339
8.7 17.46 -25.5234 -8.06343
8.72 14.7845 -22.8479 -8.06342
8.74 11.8948 -19.9583 -8.06343
8.76 12.0597 -20.1231 -8.06345
8.78 15.5039 -23.5674 -8.06348
8.8 16.054 -24.1174 -8.06343
8.82 14.3562 -22.4196 -8.06342
8.84 14.7542 -22.8176 -8.06341
8.86 16.0011 -24.0644 -8.06339
8.88 13.7617 -21.8251 -8.06338
8.9 11.5324 -19.5958 -8.06336
8.92 11.0063 -19.0696 -8.06337
8.94 11.8589 -19.9223 -8.06337
8.96 14.8039 -22.8673 -8.06341
8.98 15.4009 -23.4643 -8.06343
9 14.8319 -22.8953 -8.06343
9.02 14.9982 -23.0617 -8.06344
9.04 16.9101 -24.9736 -8.06346
9.06 13.2873 -21.3507 -8.06339
9.08 8.85288 -16.9163 -8.06338
9.1 14.134 -22.1974 -8.06341
9.12 16.9611 -25.0245 -8.06341
9.14 16.4821 -24.5455 -8.0634
9.16 16.257 -24.3204 -8.06339
9.18 16.6818 -24.7453 -8.06342
9.2 12.7692 -20.8326 -8.06336
9.22 13.6822 -21.7456 -8.06338
9.24 16.8236 -24.887 -8.06341
9.26 16.4496 -24.5131 -8.06342
9.28 16.845 -24.9084 -8.06348
9.3 13.9266 -21.9901 -8.06344
9.32 12.5093 -20.5728 -8.06346
9.34 17.132 -25.1954 -8.06348
9.36 17.122 -25.1855 -8.06348
9.38 14.7031 -22.7666 -8.06347
9.4 16.8564 -24.9199 -8.06351
9.42 16.1571 -24.2205 -8.06344
9.44 16.6633 -24.7267 -8.0634
9.46 19.0128 -27.0762 -8.06343
9.48 21.8635 -29.927 -8.06351
9.5 20.2955 -28.3591 -8.06357
9.52 16.4848 -24.5484 -8.0636
9.54 14.3132 -22.3767 -8.06356
9.56 16.3648 -24.4283 -8.06356
9.58 19.4499 -27.5134 -8.06354
9.6 14.151 -22.2145 -8.06353
9.62 11.3177 -19.3812 -8.06351
9.64 9.78668 -17.8502 -8.06348
9.66 12.6425 -20.706 -8.06344
9.68 17.6762 -25.7396 -8.06345
9.7 19.4279 -27.4913 -8.0634
9.72 18.7142 -26.7776 -8.06347
9.74 11.8761 -19.9395 -8.06345
9.76 14.2998 -22.3632 -8.06349
9.78 14.5694 -22.6329 -8.06348
9.8 17.8109 -25.8744 -8.06353
9.82 20.1733 -28.2368 -8.06356
9.84 13.8055 -21.8691 -8.06354
9.86 11.8683 -19.9318 -8.06353
9.88 18.2486 -26.3121 -8.06356
9.9 19.0111 -27.0746 -8.06351
9.92 16.1734 -24.2369 -8.0635
9.94 12.6855 -20.749 -8.06353
9.96 12.7366 -20.8001 -8.06351
9.98 17.4964 -25.56 -8.06353
10 17.6051 -25.6685 -8.06346
10.02 14.7205 -22.7839 -8.06341
10.04 17.5092 -25.5727 -8.06348
10.06 18.3638 -26.4273 -8.06349
10.08 15.0083 -23.0717 -8.06341
10.1 16.7374 -24.8008 -8.0634
10.12 17.7713 -25.8346 -8.06335
10.14 14.8446 -22.908 -8.06339
10.16 13.5015 -21.5649 -8.06342
10.18 13.4854 -21.5488 -8.06341
10.2 13.4988 -21.5622 -8.06339
10.22 16.4561 -24.5195 -8.06339
10.24 16.7769 -24.8402 -8.06335
10.26 17.1375 -25.2009 -8.06339
10.28 17.6991 -25.7625 -8.06341
10.3 12.8625 -20.9258 -8.06334
10.32 13.0723 -21.1356 -8.06333
10.34 17.04 -25.1033 -8.06329
10.36 17.078 -25.1414 -8.06334
10.38 18.9019 -26.9653 -8.06335
10.4 18.1821 -26.2455 -8.06336
10.42 14.4297 -22.493 -8.0633
10.44 16.4899 -24.5532 -8.06334
10.46 15.3787 -23.442 -8.06329
10.48 10.3107 -18.374 -8.06327
10.5 10.0905 -18.1537 -8.06325
10.52 11.7595 -19.8227 -8.06322
10.54 13.0878 -21.1511 -8.06329
10.56 14.8963 -22.9596 -8.06333
10.58 16.4216 -24.4849 -8.06331
10.6 17.5974 -25.6607 -8.06331
10.62 18.4803 -26.5436 -8.0633
10.64 16.213 -24.2763 -8.06335
10.66 8.28813 -16.3514 -8.06328
10.68 12.5684 -20.6317 -8.06332
10.7 20.776 -28.8393 -8.06332
10.72 16.1157 -24.179 -8.06335
10.74 11.8164 -19.8798 -8.06334
10.76 16.2621 -24.3254 -8.06333
10.78 18.1034 -26.1667 -8.06333
10.8 17.1274 -25.1907 -8.06332
10.82 18.9591 -27.0224 -8.06329
10.84 16.4495 -24.5128 -8.06326
10.86 16.43 -24.4933 -8.06329
10.88 16.7485 -24.8118 -8.0633
10.9 14.8723 -22.9356 -8.06329
10.92 18.6893 -26.7527 -8.06333
10.94 14.9132 -22.9765 -8.0633
10.96 11.0478 -19.1111 -8.0633
10.98 18.0793 -26.1427 -8.06339
11 20.4954 -28.5588 -8.0634
11.02 16.3555 -24.4189 -8.06344
11.04 12.9475 -21.011 -8.06343
11.06 13.8383 -21.9017 -8.06342
11.08 13.7151 -21.7786 -8.06344
11.1 16.6459 -24.7093 -8.06343
11.12 17.1874 -25.2509 -8.06343
11.14 13.4698 -21.5333 -8.06346
11.16 15.0085 -23.072 -8.0635
11.18 16.302 -24.3655 -8.06355
11.2 13.9928 -22.0564 -8.06354
11.22 13.4554 -21.5189 -8.06358
11.24 13.3633 -21.4269 -8.06358
11.26 10.2158 -18.2794 -8.06353
11.28 11.1232 -19.1867 -8.06353
11.3 16.2731 -24.3366 -8.06354
11.32 19.3672 -27.4307 -8.06351
11.34 20.8357 -28.8993 -8.0636
11.36 18.2153 -26.2789 -8.0636
11.38 11.1975 -19.261 -8.06354
11.4 12.3068 -20.3703 -8.06358
11.42 18.6234 -26.687 -8.0636
11.44 19.0445 -27.1081 -8.06354
11.46 17.3199 -25.3834 -8.06355
11.48 11.704 -19.7675 -8.0635
11.5 10.2988 -18.3623 -8.06348
11.52 15.4064 -23.4699 -8.0635
11.54 16.4032 -24.4667 -8.06343
11.56 16.8754 -24.9389 -8.06347
11.58 16.5051 -24.5686 -8.06345
11.6 16.1145 -24.178 -8.06348
11.62 13.8318 -21.8952 -8.06348
11.64 12.5837 -20.6472 -8.06347
11.66 15.4261 -23.4896 -8.06351
11.68 14.9923 -23.0558 -8.06352
11.7 13.4207 -21.4842 -8.06351
11.72 14.4361 -22.4996 -8.06352
11.74 11.7463 -19.8098 -8.0635
11.76 11.4254 -19.4889 -8.06349
11.78 20.0325 -28.096 -8.06355
11.8 21.1929 -29.2565 -8.06354
11.82 15.9805 -24.044 -8.06353
11.84 16.0352 -24.0987 -8.06354
11.86 16.8143 -24.8778 -8.06353
11.88 18.0494 -26.1129 -8.06353
11.9 17.7124 -25.776 -8.06357
11.92 15.1527 -23.2162 -8.06354
11.94 14.8275 -22.8911 -8.06357
11.96 14.9585 -23.0221 -8.06358
11.98 16.0926 -24.1562 -8.06358
12 19.4984 -27.5621 -8.06363
12.02 15.8842 -23.9478 -8.0636
12.04 11.4438 -19.5074 -8.0636
12.06 12.8521 -20.9158 -8.06362
12.08 15.692 -23.7556 -8.06359
12.1 17.6409 -25.7045 -8.06361
12.12 18.0691 -26.1327 -8.06358
12.14 14.3564 -22.42 -8.06353
12.16 13.7401 -21.8036 -8.06351
12.18 14.8794 -22.9429 -8.0635
12.2 17.8606 -25.9241 -8.0635
12.22 19.714 -27.7775 -8.06349
12.24 14.4422 -22.5057 -8.06348
12.26 12.0054 -20.0689 -8.06341
12.28 17.5401 -25.6035 -8.06343
12.3 16.778 -24.8414 -8.06337
12.32 19.7632 -27.8266 -8.06348
12.34 20.3916 -28.455 -8.06346
12.36 18.5578 -26.6213 -8.06349
12.38 18.652 -26.7155 -8.06352
12.4 17.6227 -25.6863 -8.06353
12.42 17.4941 -25.5576 -8.0635
12.44 17.9832 -26.0467 -8.06352
12.46 17.4634 -25.5269 -8.06352
12.48 14.3669 -22.4304 -8.06352
12.5 13.5713 -21.6349 -8.06354
12.52 14.3051 -22.3687 -8.06355
12.54 13.1758 -21.2392 -8.06347
12.56 15.8596 -23.9231 -8.06349
12.58 18.8828 -26.9463 -8.06347
12.6 17.9614 -26.0249 -8.06348
12.62 12.7065 -20.7699 -8.06339
12.64 15.1454 -23.2089 -8.06347
12.66 15.1181 -23.1816 -8.06341
12.68 11.1105 -19.1739 -8.06337
12.7 17.9131 -25.9765 -8.0634
12.72 20.3289 -28.3922 -8.06339
12.74 13.7783 -21.8417 -8.06341
12.76 9.84273 -17.9061 -8.0634
12.78 11.5918 -19.6552 -8.06341
12.8 13.9791 -22.0425 -8.06338
12.82 18.9657 -27.0291 -8.06339
12.84 17.9468 -26.0102 -8.06341
12.86 14.6608 -22.7242 -8.06342
12.88 15.2078 -23.2712 -8.06345
12.9 15.9317 -23.9952 -8.06349
12.92 17.3597 -25.4233 -8.06354
12.94 16.1241 -24.1877 -8.06358
12.96 15.5209 -23.5845 -8.06363
12.98 17.0319 -25.0955 -8.06362
13 21.1372 -29.2008 -8.06361
13.02 18.4058 -26.4694 -8.06362
13.04 12.3421 -20.4057 -8.06362
13.06 14.3793 -22.4429 -8.06363
13.08 18.9942 -27.0578 -8.06366
13.1 19.5094 -27.5731 -8.06367
13.12 16.275 -24.3387 -8.06366
13.14 12.0284 -20.092 -8.06359
13.16 14.9821 -23.0457 -8.06361
13.18 20.7218 -28.7854 -8.06361
13.2 20.733 -28.7967 -8.06365
13.22 16.8044 -24.868 -8.06362
13.24 14.5463 -22.6099 -8.06365
13.26 14.5177 -22.5813 -8.06361
13.28 16.9771 -25.0407 -8.06358
13.3 17.2467 -25.3103 -8.06358
13.32 13.7262 -21.7898 -8.06359
13.34 12.4001 -20.4637 -8.06358
13.36 17.4711 -25.5347 -8.06359
13.38 16.675 -24.7386 -8.0636
13.4 8.832 -16.8956 -8.06358
13.42 9.49691 -17.5605 -8.06358
13.44 15.7234 -23.787 -8.06361
13.46 14.5752 -22.6388 -8.06361
13.48 15.2217 -23.2853 -8.06363
13.5 17.6665 -25.7301 -8.0636
13.52 18.1311 -26.1947 -8.06362
13.54 17.0514 -25.115 -8.06364
13.56 17.1381 -25.2017 -8.06363
13.58 17.4355 -25.4991 -8.06361
13.6 18.6862 -26.7499 -8.06363
13.62 18.7452 -26.8088 -8.06356
13.64 17.0378 -25.1014 -8.06356
13.66 13.7595 -21.8231 -8.06355
13.68 14.7684 -22.832 -8.06356
13.7 16.5997 -24.6633 -8.06359
13.72 18.0105 -26.074 -8.06352
13.74 19.3639 -27.4275 -8.06354
13.76 17.9046 -25.9682 -8.06356
13.78 16.9794 -25.043 -8.06355
13.8 18.1375 -26.201 -8.06357
13.82 18.2721 -26.3356 -8.06357
13.84 15.7881 -23.8517 -8.06356
13.86 9.99515 -18.0587 -8.06351
13.88 14.6409 -22.7044 -8.06355
13.9 16.9241 -24.9877 -8.06359
13.92 12.3311 -20.3947 -8.06357
13.94 14.2292 -22.2929 -8.06366
13.96 17.8589 -25.9226 -8.06367
13.98 14.6024 -22.6661 -8.06367
14 11.2708 -19.3345 -8.06364
14.02 13.8296 -21.8933 -8.06366
14.04 17.6302 -25.6939 -8.06367
14.06 19.9514 -28.0151 -8.06366
14.08 21.321 -29.3846 -8.06365
14.1 21.3774 -29.441 -8.06367
14.12 18.5148 -26.5784 -8.0636
14.14 18.1819 -26.2455 -8.06359
14.16 18.9525 -27.0161 -8.06358
14.18 16.7836 -24.8472 -8.06359
14.2 13.5412 -21.6048 -8.06358
14.22 13.5765 -21.64 -8.06357
14.24 15.4934 -23.557 -8.06359
14.26 18.514 -26.5776 -8.0636
14.28 17.7787 -25.8423 -8.06358
14.3 15.2536 -23.3171 -8.06355
14.32 11.4801 -19.5437 -8.06359
14.34 9.66271 -17.7263 -8.06355
14.36 10.5606 -18.6242 -8.06354
14.38 13.8941 -21.9577 -8.06358
14.4 16.7035 -24.7671 -8.06356
14.42 12.3671 -20.4306 -8.06351
14.44 10.0669 -18.1304 -8.06349
14.46 14.9028 -22.9663 -8.06348
14.48 17.2773 -25.3408 -8.06347
14.5 15.1607 -23.2242 -8.06349
14.52 12.8839 -20.9473 -8.06349
14.54 14.006 -22.0695 -8.06351
14.56 17.1894 -25.2529 -8.06353
14.58 17.0728 -25.1364 -8.06361
14.6 16.7533 -24.8169 -8.06363
14.62 13.4257 -21.4893 -8.06357
14.64 12.7321 -20.7957 -8.06362
14.66 14.0007 -22.0643 -8.06361
14.68 16.2535 -24.3171 -8.06364
14.7 14.1012 -22.1649 -8.06363
14.72 12.5635 -20.6271 -8.06364
14.74 14.2206 -22.2842 -8.06366
14.76 14.0925 -22.1562 -8.06365
14.78 11.0096 -19.0732 -8.06362
14.8 11.1839 -19.2475 -8.06362
14.82 15.4495 -23.5131 -8.06363
14.84 17.538 -25.6017 -8.06365
14.86 12.9267 -20.9904 -8.06366
14.88 9.64699 -17.7106 -8.06362
14.9 14.3507 -22.4143 -8.06364
14.92 17.3393 -25.4029 -8.0636
14.94 16.388 -24.4516 -8.06357
14.96 17.4132 -25.4768 -8.06355
14.98 18.9409 -27.0045 -8.06354
15 17.1282 -25.1917 -8.06349
15.02 17.9881 -26.0516 -8.0635
15.04 19.1196 -27.1831 -8.0635
15.06 17.5941 -25.6576 -8.0635
15.08 19.801 -27.8645 -8.06354
15.1 23.3772 -31.4408 -8.06359
15.12 20.1137 -28.1772 -8.06359
15.14 13.9915 -22.0551 -8.06358
15.16 13.8809 -21.9445 -8.06359
15.18 18.5352 -26.5989 -8.06365
15.2 18.1915 -26.2552 -8.06369
15.22 12.5333 -20.597 -8.06368
15.24 15.5979 -23.6616 -8.06371
15.26 13.8893 -21.953 -8.06367
15.28 12.2346 -20.2983 -8.06367
15.3 14.4654 -22.529 -8.06366
15.32 17.2403 -25.304 -8.06367
15.34 16.7418 -24.8055 -8.06367
15.36 15.2275 -23.2912 -8.06369
15.38 16.7443 -24.8079 -8.06365
15.4 16.6534 -24.717 -8.06365
15.42 13.3475 -21.4112 -8.06364
15.44 12.2809 -20.3446 -8.06368
15.46 15.6066 -23.6702 -8.06368
15.48 20.7028 -28.7666 -8.06373
15.5 18.0078 -26.0715 -8.0637
15.52 14.3609 -22.4246 -8.0637
15.54 18.0638 -26.1275 -8.0637
15.56 18.6794 -26.7431 -8.06368
15.58 15.7215 -23.7851 -8.06363
15.6 13.6038 -21.6675 -8.06363
15.62 13.2974 -21.361 -8.06364
15.64 13.6479 -21.7116 -8.06363
15.66 18.7176 -26.7812 -8.06361
15.68 22.5361 -30.5996 -8.06357
15.7 18.321 -26.3845 -8.06349
15.72 15.5497 -23.6132 -8.0635
15.74 18.0094 -26.0729 -8.06351
15.76 18.4531 -26.5166 -8.0635
15.78 13.859 -21.9225 -8.06348
15.8 15.4297 -23.4932 -8.06352
15.82 16.7675 -24.831 -8.06351
15.84 13.7162 -21.7796 -8.06349
15.86 13.0266 -21.0901 -8.06346
15.88 16.3732 -24.4366 -8.06348
15.9 17.3471 -25.4106 -8.06346
15.92 14.94 -23.0034 -8.06339
15.94 15.922 -23.9854 -8.06336
15.96 18.8661 -26.9295 -8.0634
15.98 16.7459 -24.8093 -8.06341
16 13.7251 -21.7886 -8.06342
16.02 17.2616 -25.325 -8.06343
16.04 18.5192 -26.5826 -8.06343
16.06 16.0293 -24.0926 -8.06337
16.08 16.1945 -24.2578 -8.06337
16.1 17.6476 -25.711 -8.06341
16.12 17.5991 -25.6625 -8.06338
16.14 16.6348 -24.6981 -8.06334
16.16 15.9296 -23.9929 -8.06331
16.18 16.3707 -24.434 -8.06333
16.2 15.3112 -23.3745 -8.06333
16.22 12.5334 -20.5967 -8.06331
16.24 15.9915 -24.0548 -8.06336
16.26 16.2909 -24.3542 -8.06333
16.28 15.663 -23.7264 -8.06336
16.3 15.0913 -23.1546 -8.06333
16.32 14.7781 -22.8415 -8.06334
16.34 14.7262 -22.7896 -8.06333
16.36 14.9463 -23.0097 -8.0634
16.38 10.4924 -18.5558 -8.06339
16.4 5.58995 -13.6533 -8.06338
16.42 11.8685 -19.9319 -8.06341
16.44 16.3455 -24.4089 -8.06342
16.46 15.5724 -23.6357 -8.06335
16.48 12.586 -20.6494 -8.06336
16.5 13.1838 -21.2472 -8.06334
16.52 15.8409 -23.9043 -8.06341
16.54 14.8188 -22.8822 -8.0634
16.56 12.8248 -20.8882 -8.06343
16.58 12.6551 -20.7184 -8.0634
16.6 13.7823 -21.8457 -8.06339
16.62 16.8513 -24.9147 -8.06337
16.64 21.137 -29.2004 -8.0634
16.66 21.467 -29.5303 -8.06336
16.68 16.5729 -24.6362 -8.06333
16.7 14.9147 -22.978 -8.06333
16.72 16.2523 -24.3157 -8.06335
16.74 16.3319 -24.3951 -8.06328
16.76 18.5946 -26.6578 -8.06328
16.78 21.1073 -29.1705 -8.06324
16.8 18.982 -27.0453 -8.06331
16.82 17.1278 -25.1911 -8.0633
16.84 15.2792 -23.3425 -8.06332
16.86 13.3735 -21.4368 -8.06332
16.88 15.0316 -23.0949 -8.06333
16.9 12.9426 -21.0059 -8.0633
16.92 12.0866 -20.1499 -8.06325
16.94 18.9564 -27.0196 -8.06326
16.96 21.4669 -29.5301 -8.06318
16.98 18.2471 -26.3102 -8.06311
17 16.1531 -24.2162 -8.06308
17.02 13.8119 -21.875 -8.06311
17.04 16.5417 -24.6048 -8.06311
17.06 18.6399 -26.703 -8.06306
17.08 12.7243 -20.7874 -8.06305
17.1 13.7253 -21.7884 -8.06307
17.12 17.0883 -25.1514 -8.06305
17.14 16.8849 -24.9479 -8.063
17.16 17.1465 -25.2095 -8.06298
17.18 12.4604 -20.5234 -8.06295
17.2 13.8055 -21.8684 -8.06299
17.22 19.2788 -27.3418 -8.063
17.24 19.1867 -27.2497 -8.06307
17.26 14.9719 -23.0349 -8.06303
17.28 10.7896 -18.8526 -8.06301
17.3 11.3575 -19.4205 -8.063
17.32 16.3092 -24.3722 -8.06303
17.34 18.4143 -26.4773 -8.06303
17.36 17.0766 -25.1397 -8.06308
17.38 19.2054 -27.2684 -8.06304
17.4 19.0416 -27.1046 -8.06307
17.42 18.5267 -26.5898 -8.06313
17.44 20.2614 -28.3245 -8.06315
17.46 14.9143 -22.9775 -8.06316
17.48 11.7622 -19.8253 -8.06315
17.5 14.2103 -22.2734 -8.06318
17.52 12.5892 -20.6524 -8.06311
17.54 11.4056 -19.4688 -8.06312
17.56 13.0311 -21.0943 -8.06316
17.58 16.0509 -24.1141 -8.06314
17.6 20.4714 -28.5345 -8.06313
17.62 22.5437 -30.6069 -8.06319
17.64 19.7716 -27.8349 -8.06325
17.66 17.0995 -25.1627 -8.06325
17.68 16.3933 -24.4566 -8.06329
17.7 13.0961 -21.1595 -8.06334
17.72 13.5961 -21.6594 -8.06335
17.74 15.2873 -23.3507 -8.06338
17.76 13.3602 -21.4235 -8.06336
17.78 16.1791 -24.2425 -8.06343
17.8 18.0903 -26.1538 -8.06345
17.82 13.7334 -21.7968 -8.06345
17.84 9.31953 -17.383 -8.06344
17.86 8.21194 -16.2754 -8.06344
17.88 11.7697 -19.8332 -8.06344
17.9 15.4562 -23.5197 -8.06342
17.92 16.4598 -24.5233 -8.06345
17.94 13.6374 -21.7008 -8.06346
17.96 10.22 -18.2834 -8.06344
17.98 13.6418 -21.7052 -8.06343
18 16.1343 -24.1978 -8.06345
18.02 13.0773 -21.1408 -8.06344
18.04 15.7031 -23.7665 -8.06344
18.06 17.3207 -25.3841 -8.06346
18.08 14.619 -22.6824 -8.06341
18.1 19.254 -27.3174 -8.0634
18.12 22.4267 -30.4901 -8.06342
18.14 18.2063 -26.2697 -8.06339
18.16 11.0336 -19.0969 -8.06335
18.18 13.2717 -21.3351 -8.06336
18.2 18.7144 -26.7778 -8.06336
18.22 21.6317 -29.6951 -8.06334
18.24 20.3674 -28.4308 -8.06343
18.26 19.8672 -27.9307 -8.06345
18.28 18.2201 -26.2835 -8.06344
18.3 16.2582 -24.3216 -8.06343
18.32 15.0065 -23.07 -8.06349
18.34 12.1459 -20.2094 -8.06348
18.36 14.0441 -22.1075 -8.06342
18.38 15.2666 -23.33 -8.06343
18.4 16.4883 -24.5517 -8.06344
18.42 15.3135 -23.377 -8.06344
18.44 13.3026 -21.3661 -8.06346
18.46 15.572 -23.6355 -8.06347
18.48 17.7426 -25.8061 -8.0635
18.5 17.9023 -25.9659 -8.06356
18.52 16.0645 -24.1281 -8.0636
18.54 14.7969 -22.8605 -8.0636
18.56 11.144 -19.2076 -8.06359
18.58 12.5029 -20.5665 -8.06358
18.6 15.837 -23.9005 -8.06353
18.62 14.9063 -22.9698 -8.06351
18.64 15.111 -23.1745 -8.0635
18.66 17.5713 -25.6349 -8.06352
18.68 15.619 -23.6825 -8.06351
18.7 18.1439 -26.2075 -8.06355
18.72 14.4766 -22.5401 -8.06349
18.74 14.3555 -22.419 -8.06349
18.76 18.1099 -26.1734 -8.0635
18.78 18.7834 -26.8468 -8.06346
18.8 20.6863 -28.7499 -8.06355
18.82 15.3202 -23.3838 -8.06354
18.84 11.589 -19.6525 -8.06352
18.86 18.2403 -26.3038 -8.06353
18.88 19.0377 -27.1012 -8.06349
18.9 14.8798 -22.9433 -8.06349
18.92 13.4277 -21.4912 -8.06347
18.94 16.6088 -24.6722 -8.06346
18.96 16.9026 -24.966 -8.06344
18.98 17.3846 -25.448 -8.06342
19 18.0679 -26.1314 -8.06347
19.02 13.3234 -21.3869 -8.06346
19.04 12.5807 -20.6442 -8.06347
19.06 10.7683 -18.8318 -8.06353
19.08 10.0183 -18.0818 -8.06352
19.1 15.3971 -23.4607 -8.06357
19.12 16.6318 -24.6954 -8.06356
19.14 18.0358 -26.0993 -8.06352
19.16 19.8397 -27.9033 -8.06353
19.18 21.435 -29.4986 -8.06359
19.2 21.5548 -29.6184 -8.06358
19.22 16.6738 -24.7374 -8.06357
19.24 14.9357 -22.9993 -8.06355
19.26 13.8975 -21.9611 -8.06355
19.28 11.4572 -19.5207 -8.06355
19.3 12.6776 -20.7412 -8.06355
19.32 16.5059 -24.5695 -8.06356
19.34 18.2193 -26.2829 -8.06359
19.36 15.1978 -23.2614 -8.06354
19.38 16.0598 -24.1234 -8.06357
19.4 20.4561 -28.5196 -8.06352
19.42 19.6194 -27.6829 -8.06351
19.44 18.2463 -26.3098 -8.06351
19.46 16.8448 -24.9083 -8.06354
19.48 14.3321 -22.3956 -8.06353
19.5 13.2517 -21.3152 -8.06349
19.52 15.4901 -23.5535 -8.06345
19.54 18.0927 -26.1562 -8.06345
19.56 17.4713 -25.5347 -8.06344
19.58 15.4345 -23.4979 -8.0634
19.6 15.075 -23.1384 -8.06339
19.62 16.6161 -24.6795 -8.06335
19.64 17.1005 -25.1638 -8.06329
19.66 16.8694 -24.9327 -8.06328
19.68 19.3507 -27.414 -8.0633
19.7 18.3631 -26.4265 -8.06335
19.72 16.2851 -24.3485 -8.06337
19.74 17.5498 -25.6132 -8.06338
19.76 16.3999 -24.4633 -8.06339
19.78 12.22 -20.2834 -8.06339
19.8 14.5918 -22.6552 -8.06342
19.82 18.0161 -26.0795 -8.06343
19.84 19.8619 -27.9253 -8.06347
19.86 16.1239 -24.1874 -8.06349
19.88 14.7356 -22.7991 -8.06351
19.9 16.8474 -24.911 -8.06359
19.92 16.1869 -24.2504 -8.06352
19.94 13.0454 -21.1089 -8.06352
19.96 12.9898 -21.0533 -8.0635
19.98 15.7266 -23.7901 -8.06354
20 13.0355 -21.099 -8.0635
20.02 15.4509 -23.5144 -8.06349
20.04 18.2876 -26.3511 -8.06351
20.06 16.4182 -24.4817 -8.06348
20.08 16.7386 -24.8021 -8.06349
20.1 18.405 -26.4685 -8.0635
20.12 18.747 -26.8105 -8.06351
20.14 14.4695 -22.533 -8.0635
20.16 12.9849 -21.0484 -8.06347
20.18 18.5628 -26.6263 -8.06348
20.2 18.9754 -27.0388 -8.06346
20.22 18.7944 -26.8579 -8.06347
20.24 18.4137 -26.4773 -8.06356
20.26 16.1182 -24.1817 -8.06358
20.28 15.8955 -23.959 -8.06358
20.3 14.7051 -22.7687 -8.06356
20.32 15.2323 -23.2959 -8.0636
20.34 16.0791 -24.1428 -8.06363
20.36 16.7628 -24.8264 -8.0636
20.38 18.6283 -26.6919 -8.06358
20.4 18.2289 -26.2925 -8.0636
20.42 16.122 -24.1856 -8.0636
20.44 17.4043 -25.4679 -8.06359
20.46 19.1723 -27.236 -8.06367
20.48 15.2532 -23.3168 -8.06367
20.5 10.9899 -19.0535 -8.06367
20.52 10.648 -18.7116 -8.06368
20.54 14.1908 -22.2545 -8.0637
20.56 19.4156 -27.4793 -8.06369
20.58 20.1882 -28.2519 -8.06369
20.6 17.6971 -25.7608 -8.06368
20.62 19.5256 -27.5893 -8.06373
20.64 17.9326 -25.9964 -8.06372
20.66 14.8137 -22.8774 -8.0637
20.68 12.4153 -20.479 -8.06372
20.7 12.4542 -20.5179 -8.0637
20.72 17.6842 -25.748 -8.06374
20.74 18.8201 -26.8838 -8.06372
20.76 16.6624 -24.7261 -8.06369
20.78 17.4678 -25.5315 -8.06366
20.8 16.7949 -24.8585 -8.06365
20.82 14.987 -23.0507 -8.06364
20.84 18.6558 -26.7194 -8.06365
20.86 17.2962 -25.3598 -8.06364
20.88 10.2875 -18.351 -8.06357
20.9 13.8156 -21.8792 -8.0636
20.92 16.137 -24.2007 -8.06361
20.94 15.8745 -23.9382 -8.06361
20.96 19.6093 -27.6728 -8.06358
20.98 19.0299 -27.0935 -8.06356
21 17.514 -25.5775 -8.06355
21.02 15.8944 -23.9579 -8.06353
21.04 15.218 -23.2815 -8.06353
21.06 14.7438 -22.8073 -8.06349
21.08 12.6629 -20.7264 -8.06348
21.1 13.0607 -21.1242 -8.06348
21.12 14.8259 -22.8894 -8.06347
21.14 16.2805 -24.344 -8.06347
21.16 12.3167 -20.3802 -8.06346
21.18 11.778 -19.8414 -8.06344
21.2 17.0012 -25.0646 -8.06346
21.22 18.6955 -26.759 -8.06347
21.24 16.5425 -24.606 -8.06352
21.26 12.9553 -21.0188 -8.06351
21.28 14.2259 -22.2894 -8.06353
21.3 17.3407 -25.4042 -8.0635
21.32 18.5692 -26.6328 -8.06354
21.34 16.1913 -24.2548 -8.06346
21.36 14.242 -22.3055 -8.06355
21.38 16.1925 -24.2561 -8.06355
21.4 16.6921 -24.7556 -8.06354
21.42 19.3378 -27.4014 -8.06363
21.44 17.2795 -25.3432 -8.0637
21.46 14.1434 -22.2071 -8.06368
21.48 15.5767 -23.6404 -8.06369
21.5 13.2455 -21.3092 -8.06367
21.52 12.2747 -20.3383 -8.06359
21.54 14.822 -22.8856 -8.06359
21.56 17.5882 -25.6518 -8.0636
21.58 16.5664 -24.63 -8.06355
21.6 14.4724 -22.5359 -8.06353
21.62 16.0892 -24.1528 -8.06356
21.64 16.1861 -24.2497 -8.06358
21.66 10.2063 -18.2698 -8.06354
21.68 13.5035 -21.567 -8.06356
21.7 16.1979 -24.2615 -8.06354
21.72 14.2458 -22.3093 -8.06352
21.74 19.555 -27.6185 -8.06349
21.76 17.132 -25.1954 -8.06347
21.78 13.7969 -21.8603 -8.06342
21.8 15.1822 -23.2457 -8.06343
21.82 17.1849 -25.2483 -8.0634
21.84 17.7237 -25.7871 -8.06335
21.86 18.7087 -26.772 -8.06335
21.88 15.2329 -23.2962 -8.06334
21.9 12.0692 -20.1325 -8.06336
21.92 11.9644 -20.0278 -8.06338
21.94 15.3236 -23.387 -8.06339
21.96 21.129 -29.1925 -8.06344
21.98 14.8546 -22.918 -8.06346
22 15.3076 -23.3711 -8.06352
22.02 16.7935 -24.857 -8.06352
22.04 14.5527 -22.6162 -8.06351
22.06 19.2665 -27.33 -8.06351
22.08 17.955 -26.0184 -8.06347
22.1 12.7109 -20.7743 -8.06342
22.12 15.1368 -23.2002 -8.06344
22.14 18.784 -26.8474 -8.06345
22.16 16.7466 -24.81 -8.06343
22.18 16.8327 -24.8962 -8.06346
22.2 13.8392 -21.9026 -8.06337
22.22 15.9764 -24.0397 -8.06334
22.24 19.1052 -27.1685 -8.06337
22.26 15.2516 -23.315 -8.06336
22.28 12.674 -20.7374 -8.06336
22.3 9.94705 -18.0104 -8.06334
22.32 14.4124 -22.4758 -8.06333
22.34 17.2751 -25.3384 -8.06332
22.36 15.5097 -23.5729 -8.06325
22.38 16.0815 -24.1448 -8.06328
22.4 16.7388 -24.802 -8.0632
22.42 19.5131 -27.5764 -8.06325
22.44 17.3939 -25.4571 -8.06321
22.46 18.7484 -26.8116 -8.06323
22.48 16.1498 -24.213 -8.0632
22.5 13.5576 -21.6208 -8.0632
22.52 14.7662 -22.8294 -8.06318
22.54 18.7962 -26.8593 -8.06318
22.56 16.6931 -24.7563 -8.06317
22.58 13.6017 -21.6648 -8.06313
22.6 16.8748 -24.938 -8.06316
22.62 17.5066 -25.5698 -8.06314
22.64 16.2527 -24.3158 -8.06315
22.66 14.5982 -22.6613 -8.0631
22.68 12.9148 -20.9779 -8.06312
22.7 12.5625 -20.6256 -8.06312
22.72 14.2583 -22.3214 -8.06307
22.74 14.4176 -22.4807 -8.06309
22.76 16.7775 -24.8406 -8.0631
22.78 16.1831 -24.2462 -8.0631
22.8 15.7835 -23.8467 -8.06311
22.82 15.3164 -23.3794 -8.06308
22.84 15.9113 -23.9743 -8.06307
22.86 17.4386 -25.5017 -8.06311
22.88 15.3541 -23.4172 -8.06313
22.9 17.7083 -25.7714 -8.0631
22.92 19.8927 -27.9558 -8.06319
22.94 16.1583 -24.2215 -8.06318
22.96 11.9012 -19.9644 -8.06316
22.98 13.3564 -21.4195 -8.06311
23 15.4135 -23.4767 -8.06312
23.02 14.96 -23.0231 -8.06309
23.04 14.6634 -22.7265 -8.06311
23.06 15.3684 -23.4315 -8.06311
23.08 16.4495 -24.5126 -8.0631
23.1 19.1785 -27.2416 -8.06308
23.12 19.9772 -28.0403 -8.06309
23.14 17.5596 -25.6227 -8.06314
23.16 16.3898 -24.453 -8.06319
23.18 14.7415 -22.8047 -8.06317
23.2 18.1566 -26.2197 -8.06313
23.22 15.9908 -24.0539 -8.06307
23.24 11.7906 -19.8536 -8.06304
23.26 12.9607 -21.0237 -8.06305
23.28 15.0884 -23.1515 -8.06309
23.3 16.1943 -24.2573 -8.06306
23.32 19.1566 -27.2197 -8.0631
23.34 16.9659 -25.029 -8.06308
23.36 14.9851 -23.0482 -8.06308
23.38 13.9028 -21.9658 -8.06305
23.4 9.45156 -17.5146 -8.06303
23.42 8.81486 -16.8779 -8.06304
23.44 13.6893 -21.7524 -8.06307
23.46 17.105 -25.1681 -8.06307
23.48 15.5899 -23.6529 -8.06303
23.5 13.139 -21.2021 -8.06307
23.52 13.4105 -21.4736 -8.06305
23.54 14.3318 -22.3948 -8.06304
23.56 15.7718 -23.8349 -8.06305
23.58 16.0711 -24.1342 -8.06302
23.6 14.4577 -22.5207 -8.063
23.62 15.5309 -23.5939 -8.06302
23.64 17.5762 -25.6392 -8.06306
23.66 18.0003 -26.0634 -8.06305
23.68 19.1523 -27.2154 -8.06304
23.7 20.7452 -28.8082 -8.06301
23.72 19.4811 -27.5441 -8.06301
23.74 15.0618 -23.1248 -8.06296
23.76 13.6754 -21.7383 -8.06291
23.78 18.6753 -26.7382 -8.06295
23.8 16.1346 -24.1975 -8.06293
23.82 12.4419 -20.5048 -8.06289
23.84 19.5356 -27.5985 -8.06292
23.86 21.2551 -29.318 -8.06293
23.88 13.4199 -21.4828 -8.06296
23.9 10.6551 -18.7181 -8.06293
23.92 14.9894 -23.0523 -8.06295
23.94 12.3547 -20.4177 -8.06293
23.96 11.4575 -19.5204 -8.06296
23.98 16.0684 -24.1314 -8.06294
24 18.4992 -26.5621 -8.06293
24.02 15.6289 -23.6918 -8.06291
24.04 12.8786 -20.9416 -8.06297
24.06 15.4111 -23.4741 -8.06299
24.08 16.5787 -24.6417 -8.06299
24.1 14.0712 -22.1343 -8.06302
24.12 13.1847 -21.2477 -8.06294
24.14 16.5409 -24.6038 -8.06297
24.16 15.8629 -23.9258 -8.06295
24.18 16.0229 -24.0858 -8.06293
24.2 21.5682 -29.6312 -8.06297
24.22 17.3689 -25.4318 -8.06297
24.24 14.445 -22.508 -8.06296
24.26 18.0844 -26.1473 -8.06293
24.28 16.9481 -25.011 -8.06292
24.3 13.8596 -21.9226 -8.06296
24.32 14.7309 -22.7939 -8.06298
24.34 14.4982 -22.5612 -8.06296
24.36 13.7961 -21.8591 -8.06295
24.38 13.1942 -21.2571 -8.06289
24.4 12.0865 -20.1494 -8.06293
24.42 13.0473 -21.1102 -8.06292
24.44 16.1052 -24.1681 -8.06293
24.46 18.8459 -26.9089 -8.06294
24.48 20.9602 -29.0232 -8.06302
24.5 20.0833 -28.1463 -8.06294
24.52 16.3983 -24.4612 -8.06288
24.54 14.1783 -22.2412 -8.0629
24.56 15.1157 -23.1788 -8.063
24.58 15.6496 -23.7127 -8.06301
24.6 13.8137 -21.8768 -8.06303
24.62 13.415 -21.478 -8.06298
24.64 14.9879 -23.0508 -8.06295
24.66 18.6921 -26.7552 -8.06306
24.68 14.0929 -22.1559 -8.06303
24.7 12.6339 -20.6969 -8.06299
24.72 16.416 -24.4791 -8.06303
24.74 16.2527 -24.3157 -8.063
24.76 15.8577 -23.9207 -8.06304
24.78 12.2766 -20.3396 -8.06308
24.8 11.6732 -19.7364 -8.06313
24.82 14.7666 -22.8298 -8.06315
24.84 15.0462 -23.1093 -8.06308
24.86 18.0424 -26.1056 -8.06314
24.88 18.7061 -26.7693 -8.06314
24.9 16.4473 -24.5104 -8.06308
24.92 17.9929 -26.056 -8.06304
24.94 18.3456 -26.4086 -8.06303
24.96 17.811 -25.8739 -8.06298
24.98 14.6552 -22.7182 -8.06297
25 15.3946 -23.4576 -8.06302
25.02 16.9428 -25.0058 -8.06303
25.04 14.3453 -22.4083 -8.06302
25.06 13.481 -21.544 -8.06303
25.08 11.6901 -19.7531 -8.06303
25.1 11.5263 -19.5893 -8.06301
25.12 13.0898 -21.1528 -8.06301
25.14 15.4625 -23.5256 -8.06309
25.16 16.0503 -24.1134 -8.06306
25.18 16.0516 -24.1146 -8.06305
25.2 14.985 -23.048 -8.063
25.22 16.8825 -24.9455 -8.06299
25.24 16.5795 -24.6425 -8.06298
25.26 16.302 -24.365 -8.06299
25.28 19.2866 -27.3497 -8.06302
25.3 22.1464 -30.2094 -8.06304
25.32 19.8171 -27.8802 -8.06303
25.34 18.5731 -26.6362 -8.06302
25.36 17.1395 -25.2025 -8.06301
25.38 15.8208 -23.8838 -8.06301
25.4 14.4761 -22.5391 -8.06302
25.42 12.9929 -21.0559 -8.06307
25.44 11.8926 -19.9556 -8.06304
25.46 15.0068 -23.07 -8.06312
25.48 14.8581 -22.9212 -8.0631
25.5 13.0859 -21.149 -8.0631
25.52 13.2396 -21.3027 -8.06313
25.54 14.4298 -22.4929 -8.06312
25.56 13.9131 -21.9762 -8.06311
25.58 15.5808 -23.6439 -8.06312
25.6 19.9023 -27.9654 -8.0631
25.62 17.9376 -26.0007 -8.06314
25.64 14.1103 -22.1734 -8.06308
25.66 15.2868 -23.3499 -8.0631
25.68 15.9266 -23.9897 -8.06307
25.7 15.1165 -23.1795 -8.06303
25.72 11.4924 -19.5553 -8.06298
25.74 13.444 -21.507 -8.06299
25.76 16.8899 -24.9529 -8.06299
25.78 17.7814 -25.8444 -8.06299
25.8 17.191 -25.254 -8.06301
25.82 18.6791 -26.7421 -8.06296
25.84 19.7848 -27.8478 -8.06298
25.86 18.3405 -26.4035 -8.06301
25.88 17.796 -25.859 -8.06302
25.9 16.763 -24.8261 -8.06303
25.92 11.3397 -19.4026 -8.06295
25.94 11.0349 -19.0979 -8.06299
25.96 14.0964 -22.1594 -8.06297
25.98 15.1588 -23.2217 -8.06294
26 19.3205 -27.3834 -8.06289
26.02 22.6057 -30.6686 -8.0629
26.04 20.4998 -28.5627 -8.06284
26.06 14.8515 -22.9143 -8.06281
26.08 11.0572 -19.12 -8.0628
26.1 14.0597 -22.1225 -8.06282
26.12 17.7344 -25.7972 -8.0628
26.14 16.3053 -24.3681 -8.06279
26.16 16.9673 -25.0302 -8.06281
26.18 17.3956 -25.4584 -8.06282
26.2 13.6682 -21.731 -8.06279
26.22 18.4962 -26.559 -8.06282
26.24 19.472 -27.5348 -8.0628
26.26 17.5751 -25.6379 -8.06283
26.28 13.6089 -21.6718 -8.06285
26.3 12.5371 -20.6 -8.06289
26.32 13.2991 -21.362 -8.06285
26.34 14.1294 -22.1923 -8.06286
26.36 17.5401 -25.603 -8.06287
26.38 17.8117 -25.8745 -8.0628
26.4 10.0566 -18.1193 -8.06277
26.42 11.6826 -19.7454 -8.06279
26.44 18.6848 -26.7477 -8.06282
26.46 17.8897 -25.9525 -8.0628
26.48 16.7729 -24.8357 -8.06277
26.5 17.1186 -25.1814 -8.06283
26.52 15.4741 -23.537 -8.06285
26.54 13.9 -21.9629 -8.06285
26.56 15.5393 -23.6022 -8.06285
26.58 17.1386 -25.2014 -8.06285
26.6 14.655 -22.7178 -8.06286
26.62 15.4533 -23.5162 -8.06295
26.64 19.1989 -27.2619 -8.063
26.66 16.9245 -24.9875 -8.06297
26.68 14.7965 -22.8595 -8.06301
26.7 15.5642 -23.6272 -8.06303
26.72 16.5507 -24.6138 -8.06308
26.74 16.1179 -24.181 -8.06311
26.76 14.8409 -22.904 -8.06311
26.78 13.2238 -21.2868 -8.06307
26.8 13.5412 -21.6043 -8.06308
26.82 17.0935 -25.1566 -8.06306
26.84 17.8322 -25.8952 -8.06305
26.86 17.2707 -25.3337 -8.06304
26.88 19.4047 -27.4678 -8.06306
26.9 19.453 -27.5161 -8.06307
26.92 14.1931 -22.2562 -8.06307
26.94 12.1794 -20.2425 -8.0631
26.96 15.7083 -23.7714 -8.06309
26.98 18.5984 -26.6615 -8.06306
27 21.1104 -29.1735 -8.06309
27.02 19.4052 -27.4683 -8.06308
27.04 14.4414 -22.5045 -8.06306
27.06 14.0421 -22.1051 -8.06308
27.08 13.9818 -22.0448 -8.06306
27.1 14.6922 -22.7553 -8.06306
27.12 17.0473 -25.1103 -8.06308
27.14 15.0556 -23.1187 -8.06308
27.16 11.1634 -19.2265 -8.06308
27.18 13.0095 -21.0726 -8.06308
27.2 19.2542 -27.3172 -8.06305
27.22 20.1976 -28.2607 -8.06306
27.24 17.262 -25.3251 -8.06307
27.26 13.382 -21.445 -8.06304
27.28 14.9815 -23.0446 -8.0631
27.3 16.4963 -24.5594 -8.06312
27.32 15.639 -23.7021 -8.06311
27.34 15.4139 -23.477 -8.0631
27.36 14.8667 -22.9298 -8.06311
27.38 13.1237 -21.1868 -8.06311
27.4 16.2967 -24.3598 -8.06307
27.42 15.0955 -23.1586 -8.06306
27.44 11.9247 -19.9877 -8.06303
27.46 13.9053 -21.9683 -8.06303
27.48 17.556 -25.619 -8.06301
27.5 20.7119 -28.7748 -8.06298
27.52 22.3424 -30.4054 -8.06305
27.54 20.2421 -28.3051 -8.06303
27.56 17.1864 -25.2495 -8.06302
27.58 16.0669 -24.13 -8.06304
27.6 13.5978 -21.6608 -8.06302
27.62 12.3278 -20.3907 -8.06297
27.64 14.3637 -22.4266 -8.06299
27.66 15.0141 -23.077 -8.06296
27.68 16.0363 -24.0993 -8.06298
27.7 18.0903 -26.1533 -8.06302
27.72 15.9242 -23.9872 -8.06303
27.74 12.1939 -20.2569 -8.06302
27.76 8.51957 -16.5826 -8.06305
27.78 9.71919 -17.7822 -8.06305
27.8 13.2165 -21.2796 -8.0631
27.82 13.447 -21.5101 -8.06305
27.84 13.9129 -21.976 -8.06308
27.86 12.2447 -20.3078 -8.06306
27.88 11.0711 -19.1341 -8.06306
27.9 12.3786 -20.4416 -8.06307
27.92 13.7272 -21.7904 -8.06316
27.94 12.6719 -20.735 -8.06315
27.96 10.5061 -18.5692 -8.06309
27.98 11.4444 -19.5075 -8.06308
28 16.0353 -24.0984 -8.06308
28.02 12.6295 -20.6927 -8.06313
28.04 9.12326 -17.1864 -8.06313
28.06 13.0568 -21.12 -8.06317
28.08 12.8777 -20.9408 -8.06314
28.1 11.2283 -19.2914 -8.06311
28.12 14.3267 -22.3898 -8.06313
28.14 16.4046 -24.4677 -8.06312
28.16 13.9463 -22.0094 -8.06316
28.18 12.1261 -20.1892 -8.06315
28.2 15.4882 -23.5513 -8.06316
28.22 17.0601 -25.1233 -8.06321
28.24 16.0951 -24.1583 -8.06319
28.26 14.3821 -22.4453 -8.06318
28.28 15.2108 -23.274 -8.06319
28.3 14.2894 -22.3525 -8.06313
28.32 12.6673 -20.7304 -8.0631
28.34 14.076 -22.139 -8.06308
28.36 13.9398 -22.0029 -8.06309
28.38 15.9515 -24.0146 -8.06312
28.4 14.4267 -22.4898 -8.06306
28.42 12.0703 -20.1334 -8.06303
28.44 15.6827 -23.7457 -8.06304
28.46 15.6971 -23.7601 -8.063
28.48 11.6268 -19.6897 -8.06299
28.5 12.145 -20.208 -8.06303
28.52 14.0247 -22.0878 -8.06306
28.54 12.5986 -20.6616 -8.06304
28.56 12.7662 -20.8293 -8.06307
28.58 15.051 -23.1141 -8.06307
28.6 14.1144 -22.1775 -8.06309
28.62 14.9504 -23.0135 -8.0631
28.64 17.019 -25.0821 -8.0631
28.66 17.3264 -25.3894 -8.06303
28.68 16.9336 -24.9966 -8.06301
28.7 16.8302 -24.8932 -8.06303
28.72 18.2773 -26.3403 -8.06302
28.74 20.5607 -28.6237 -8.06304
28.76 19.4926 -27.5557 -8.06311
28.78 15.9016 -23.9647 -8.06313
28.8 16.7011 -24.7643 -8.06316
28.82 16.9213 -24.9845 -8.06319
28.84 17.5579 -25.6211 -8.0632
28.86 20.0031 -28.0663 -8.06314
28.88 15.7815 -23.8446 -8.06311
28.9 9.96095 -18.024 -8.06309
28.92 13.3483 -21.4115 -8.06316
28.94 14.6022 -22.6653 -8.06312
28.96 14.9642 -23.0273 -8.06312
28.98 17.145 -25.2081 -8.06308
29 16.5818 -24.6449 -8.06306
29.02 15.6868 -23.7498 -8.06305
29.04 15.5048 -23.5679 -8.06305
29.06 13.0746 -21.1376 -8.06301
29.08 12.4594 -20.5224 -8.06302
29.1 9.65445 -17.7175 -8.06304
29.12 8.91669 -16.9797 -8.06301
29.14 15.2144 -23.2774 -8.063
29.16 17.9076 -25.9707 -8.06306
29.18 16.8514 -24.9144 -8.06305
29.2 17.6653 -25.7283 -8.06307
29.22 18.0767 -26.1399 -8.06315
29.24 14.8479 -22.9111 -8.06313
29.26 16.5974 -24.6605 -8.06314
29.28 20.6325 -28.6956 -8.06314
29.3 15.8602 -23.9234 -8.06311
29.32 12.7724 -20.8355 -8.06313
29.34 18.8647 -26.9279 -8.06316
29.36 19.7294 -27.7925 -8.06314
29.38 15.0427 -23.1058 -8.06313
29.4 11.7014 -19.7646 -8.06312
29.42 13.9287 -21.9918 -8.06309
29.44 14.8845 -22.9476 -8.06307
29.46 14.348 -22.411 -8.06302
29.48 16.5065 -24.5696 -8.06305
29.5 20.2805 -28.3435 -8.06298
29.52 21.3826 -29.4456 -8.06299
29.54 19.0139 -27.0769 -8.06296
29.56 17.5556 -25.6185 -8.06297
29.58 16.9391 -25.002 -8.06295
29.6 16.6979 -24.7608 -8.06291
29.62 13.2292 -21.2921 -8.06291
29.64 12.6868 -20.7497 -8.06288
29.66 17.6314 -25.6943 -8.06294
29.68 14.3588 -22.4217 -8.06291
29.7 11.9593 -20.0222 -8.0629
29.72 16.883 -24.9458 -8.06287
29.74 17.6027 -25.6655 -8.06289
29.76 15.5131 -23.576 -8.06286
29.78 15.3873 -23.4501 -8.06286
29.8 18.5343 -26.5972 -8.06288
29.82 15.0891 -23.1519 -8.06278
29.84 13.8755 -21.9382 -8.06279
29.86 16.1828 -24.2456 -8.06278
29.88 17.3631 -25.4259 -8.06283
29.9 17.3106 -25.3735 -8.06286
29.92 14.2296 -22.2925 -8.06284
29.94 13.7512 -21.814 -8.06283
29.96 15.7767 -23.8395 -8.06282
29.98 17.0302 -25.093 -8.06282
30 11.8682 -19.9309 -8.06274
30.02 11.0123 -19.0751 -8.06273
30.04 18.5783 -26.6411 -8.06276
30.06 19.1428 -27.2055 -8.06276
30.08 16.8645 -24.9273 -8.0628
30.1 18.8842 -26.947 -8.06279
30.12 18.7449 -26.8077 -8.0628
30.14 14.9359 -22.9986 -8.06276
30.16 11.6168 -19.6796 -8.06276
30.18 16.0791 -24.1419 -8.0628
30.2 16.841 -24.9038 -8.06281
30.22 12.1111 -20.1739 -8.06284
30.24 16.0939 -24.1567 -8.06286
30.26 22.5564 -30.6193 -8.06286
30.28 21.5678 -29.6306 -8.06282
30.3 15.8983 -23.9611 -8.06278
30.32 15.5309 -23.5938 -8.06284
30.34 13.7024 -21.7652 -8.06283
30.36 13.4791 -21.5419 -8.06282
30.38 16.5109 -24.5738 -8.0629
30.4 17.0528 -25.1157 -8.06294
30.42 13.9934 -22.0563 -8.06294
30.44 9.7701 -17.8331 -8.06296
30.46 10.9946 -19.0575 -8.06297
30.48 14.0456 -22.1085 -8.06291
30.5 14.1284 -22.1914 -8.06292
30.52 15.4695 -23.5324 -8.06299
30.54 17.5188 -25.5819 -8.06305
30.56 16.1279 -24.1909 -8.06304
30.58 16.3936 -24.4567 -8.06309
30.6 18.5575 -26.6206 -8.06312
30.62 18.5212 -26.5843 -8.0631
30.64 18.2497 -26.3127 -8.06308
30.66 15.8539 -23.9171 -8.06312
30.68 13.7798 -21.8429 -8.0631
30.7 17.1251 -25.1882 -8.06311
30.72 19.1267 -27.1898 -8.0631
30.74 17.1076 -25.1707 -8.06312
30.76 15.7473 -23.8104 -8.06316
30.78 16.2374 -24.3006 -8.06319
30.8 12.9837 -21.0469 -8.06318
30.82 11.2875 -19.3507 -8.06319
30.84 16.1619 -24.2251 -8.06319
30.86 14.8601 -22.9233 -8.06318
30.88 9.99709 -18.0603 -8.06317
30.9 10.6983 -18.7615 -8.06317
30.92 16.1655 -24.2287 -8.06315
30.94 20.3146 -28.3777 -8.06314
30.96 18.8606 -26.9238 -8.06316
30.98 14.0954 -22.1586 -8.06317
31 13.3627 -21.4258 -8.06313
31.02 19.3382 -27.4014 -8.06316
31.04 20.7619 -28.8251 -8.06318
31.06 16.7893 -24.8525 -8.06323
31.08 12.242 -20.3052 -8.06323
31.1 12.8688 -20.932 -8.06323
31.12 15.8909 -23.9542 -8.06323
31.14 16.8824 -24.9457 -8.06322
31.16 16.7954 -24.8586 -8.06318
31.18 16.6929 -24.7561 -8.06324
31.2 16.9549 -25.0181 -8.06326
31.22 18.896 -26.9592 -8.0632
31.24 18.393 -26.4562 -8.0632
31.26 15.5413 -23.6045 -8.0632
31.28 14.6544 -22.7176 -8.06321
31.3 12.8259 -20.8891 -8.06321
31.32 13.5506 -21.6139 -8.06322
31.34 16.1154 -24.1787 -8.06325
31.36 16.8851 -24.9482 -8.06318
31.38 16.5816 -24.6448 -8.06317
31.4 15.7927 -23.8558 -8.06315
31.42 13.7057 -21.7688 -8.06312
31.44 12.1242 -20.1873 -8.06308
31.46 11.9653 -20.0283 -8.06303
31.48 17.593 -25.6561 -8.06306
31.5 20.1545 -28.2176 -8.06309
31.52 18.7266 -26.7896 -8.06304
31.54 16.927 -24.99 -8.06304
31.56 13.7561 -21.8191 -8.06299
31.58 13.1131 -21.1761 -8.06301
31.6 13.5995 -21.6625 -8.06301
31.62 12.9255 -20.9885 -8.06301
31.64 17.4149 -25.4779 -8.063
31.66 20.2599 -28.3229 -8.06302
31.68 17.5079 -25.5709 -8.06299
31.7 20.7321 -28.7951 -8.06295
31.72 19.6534 -27.7163 -8.06287
31.74 15.8033 -23.8662 -8.06292
31.76 14.2946 -22.3576 -8.06293
31.78 13.8572 -21.92 -8.06286
31.8 13.8494 -21.9123 -8.06288
31.82 13.6752 -21.7381 -8.06291
31.84 14.1415 -22.2044 -8.0629
31.86 15.4062 -23.4692 -8.06296
31.88 17.357 -25.42 -8.06296
31.9 15.6633 -23.7263 -8.06294
31.92 16.2067 -24.2697 -8.06294
31.94 18.6359 -26.699 -8.06302
31.96 16.9088 -24.9718 -8.06297
31.98 15.0943 -23.1573 -8.06299
32 18.2782 -26.3411 -8.06297
32.02 19.2817 -27.3446 -8.06297
32.04 14.8397 -22.9026 -8.06295
32.06 11.3462 -19.4091 -8.06296
32.08 14.1068 -22.1698 -8.06299
32.1 15.1357 -23.1987 -8.063
32.12 13.665 -21.728 -8.06301
32.14 15.9107 -23.9737 -8.06302
32.16 19.2581 -27.3212 -8.06306
32.18 18.3428 -26.4058 -8.06308
32.2 15.5562 -23.6193 -8.06312
32.22 14.385 -22.4481 -8.06311
32.24 13.4464 -21.5095 -8.0631
32.26 12.456 -20.5191 -8.06308
32.28 12.1263 -20.1894 -8.06309
32.3 13.7206 -21.7837 -8.06314
32.32 12.4 -20.4631 -8.06309
32.34 16.0145 -24.0776 -8.06312
32.36 18.4564 -26.5195 -8.06311
32.38 17.2633 -25.3264 -8.06312
32.4 17.7168 -25.7799 -8.0631
32.42 13.2039 -21.267 -8.06311
32.44 12.6032 -20.6663 -8.06309
32.46 19.282 -27.3451 -8.06312
32.48 20.3364 -28.3995 -8.06308
32.5 19.7788 -27.8419 -8.06313
32.52 18.3993 -26.4624 -8.06311
32.54 17.0777 -25.1408 -8.06311
32.56 16.6667 -24.7298 -8.06313
32.58 13.149 -21.2121 -8.06312
32.6 12.8758 -20.939 -8.06311
32.62 17.4442 -25.5073 -8.06309
32.64 19.1809 -27.244 -8.06312
32.66 16.6558 -24.719 -8.06314
32.68 14.3964 -22.4595 -8.06314
32.7 18.0334 -26.0965 -8.06316
32.72 18.3224 -26.3856 -8.0632
32.74 13.7683 -21.8314 -8.06317
32.76 11.7087 -19.7719 -8.06319
32.78 13.7041 -21.7673 -8.06321
32.8 13.346 -21.4092 -8.0632
32.82 13.0648 -21.128 -8.06321
32.84 18.475 -26.5382 -8.06324
32.86 20.8344 -28.8977 -8.06327
32.88 16.7323 -24.7956 -8.06327
32.9 12.7906 -20.8539 -8.06328
32.92 12.5857 -20.649 -8.0633
32.94 18.6117 -26.675 -8.06332
32.96 17.948 -26.0113 -8.0633
32.98 13.8437 -21.9069 -8.06319
33 15.7229 -23.7861 -8.06326
33.02 16.6818 -24.745 -8.06324
33.04 16.2788 -24.3421 -8.06323
33.06 16.3345 -24.3978 -8.06324
33.08 15.6782 -23.7414 -8.06324
33.1 15.5728 -23.636 -8.06324
33.12 17.4962 -25.5594 -8.06323
33.14 18.3029 -26.3662 -8.06323
33.16 14.3163 -22.3796 -8.06329
33.18 13.774 -21.8374 -8.06336
33.2 17.5962 -25.6595 -8.06337
33.22 19.1937 -27.2571 -8.06338
33.24 17.4928 -25.5562 -8.06344
33.26 16.1585 -24.222 -8.06343
33.28 18.3951 -26.4585 -8.06342
33.3 18.8147 -26.8782 -8.06347
33.32 17.5201 -25.5836 -8.06346
33.34 16.4213 -24.4848 -8.06344
33.36 16.1726 -24.236 -8.06344
33.38 14.0299 -22.0933 -8.06338
33.4 11.8879 -19.9513 -8.06335
33.42 12.2418 -20.3052 -8.06335
33.44 11.7904 -19.8538 -8.06335
33.46 12.0179 -20.0813 -8.06337
33.48 17.936 -25.9994 -8.06339
33.5 17.0276 -25.091 -8.06335
33.52 11.9995 -20.0628 -8.06331
33.54 14.267 -22.3303 -8.06332
33.56 17.4047 -25.4679 -8.06326
33.58 17.8796 -25.9428 -8.06325
33.6 18.8163 -26.8796 -8.06324
33.62 17.0457 -25.1089 -8.06325
33.64 10.7808 -18.844 -8.06323
33.66 10.003 -18.0662 -8.06324
33.68 15.0885 -23.1517 -8.06326
33.7 18.3373 -26.4006 -8.06329
33.72 17.1614 -25.2247 -8.06332
33.74 18.2988 -26.3621 -8.06329
33.76 22.3454 -30.4088 -8.06338
33.78 22.0178 -30.0811 -8.0633
33.8 17.1359 -25.1992 -8.06328
33.82 14.5183 -22.5815 -8.06327
33.84 13.072 -21.1353 -8.06329
33.86 9.78392 -17.8472 -8.06326
33.88 13.4309 -21.4941 -8.06327
33.9 15.5133 -23.5766 -8.06327
33.92 15.9818 -24.0451 -8.06324
33.94 17.0353 -25.0986 -8.06323
33.96 14.909 -22.9723 -8.06322
33.98 12.44 -20.5032 -8.06321
34 17.9381 -26.0013 -8.06325
34.02 19.4106 -27.4739 -8.0633
34.04 16.9902 -25.0535 -8.06326
34.06 17.5718 -25.635 -8.06322
34.08 13.3641 -21.4274 -8.06324
34.1 8.49659 -16.5598 -8.06323
34.12 15.6063 -23.6696 -8.06324
34.14 18.1876 -26.2508 -8.06328
34.16 14.8079 -22.8713 -8.06332
34.18 15.2296 -23.293 -8.06334
34.2 15.5556 -23.6189 -8.06339
34.22 12.8617 -20.9251 -8.06336
34.24 16.6814 -24.7448 -8.06337
34.26 21.2987 -29.362 -8.06335
34.28 18.0123 -26.0756 -8.06335
34.3 14.6454 -22.7087 -8.06337
34.32 16.8716 -24.935 -8.06338
34.34 18.7639 -26.8273 -8.06337
34.36 16.8775 -24.9409 -8.0634
34.38 17.7881 -25.8515 -8.06343
34.4 18.0384 -26.1019 -8.06343
34.42 15.7459 -23.8094 -8.06341
34.44 14.4849 -22.5483 -8.06339
34.46 11.0246 -19.0879 -8.06334
34.48 11.6508 -19.7142 -8.06335
34.5 14.9103 -22.9737 -8.06336
34.52 17.2104 -25.2737 -8.06335
34.54 18.1302 -26.1936 -8.06336
34.56 18.6453 -26.7087 -8.06339
34.58 13.0174 -21.0807 -8.06337
34.6 15.077 -23.1404 -8.06341
34.62 21.5381 -29.6015 -8.06343
34.64 16.0991 -24.1624 -8.06336
34.66 18.7851 -26.8485 -8.06338
34.68 19.2632 -27.3265 -8.06334
34.7 14.7241 -22.7874 -8.06332
34.72 15.1401 -23.2035 -8.06336
34.74 17.4679 -25.5312 -8.06331
34.76 16.3685 -24.4318 -8.06328
34.78 13.1237 -21.187 -8.06329
34.8 12.3662 -20.4294 -8.06329
34.82 16.4344 -24.4977 -8.06331
34.84 19.588 -27.6513 -8.06325
34.86 15.5158 -23.579 -8.06321
34.88 15.3109 -23.3742 -8.06322
34.9 14.2225 -22.2856 -8.06318
34.92 17.07 -25.1332 -8.0632
34.94 18.5267 -26.5898 -8.06316
34.96 12.4085 -20.4716 -8.06311
34.98 19.3326 -27.3957 -8.06316
35 19.2805 -27.3436 -8.06315
35.02 15.2088 -23.272 -8.06316
35.04 12.4874 -20.5506 -8.06317
35.06 10.6642 -18.7274 -8.06317
35.08 11.766 -19.8292 -8.06314
35.1 16.5522 -24.6154 -8.06313
35.12 20.6062 -28.6693 -8.06318
35.14 17.1888 -25.2521 -8.06322
35.16 13.4657 -21.5289 -8.06313
35.18 16.382 -24.4451 -8.06314
35.2 15.1759 -23.239 -8.06311
35.22 15.6601 -23.7232 -8.06315
35.24 13.9325 -21.9957 -8.06316
35.26 10.2093 -18.2724 -8.06311
35.28 16.4838 -24.547 -8.06313
35.3 20.4904 -28.5535 -8.06308
35.32 17.4845 -25.5476 -8.0631
35.34 13.9956 -22.0587 -8.0631
35.36 13.0912 -21.1542 -8.06309
35.38 14.9152 -22.9783 -8.06307
35.4 17.5348 -25.5978 -8.06308
35.42 15.4279 -23.491 -8.0631
35.44 12.4608 -20.5238 -8.06302
35.46 15.685 -23.7481 -8.06304
35.48 18.1495 -26.2125 -8.06302
35.5 16.8744 -24.9374 -8.06302
35.52 16.4252 -24.4882 -8.06299
35.54 18.157 -26.2201 -8.06303
35.56 18.1298 -26.1928 -8.06302
35.58 16.0721 -24.1351 -8.06299
35.6 16.8435 -24.9065 -8.06303
35.62 18.578 -26.6411 -8.06312
35.64 17.3675 -25.4306 -8.06309
35.66 11.4008 -19.4639 -8.06309
35.68 11.3693 -19.4324 -8.06308
35.7 16.1069 -24.17 -8.06306
35.72 17.5993 -25.6625 -8.06311
35.74 14.8353 -22.8985 -8.06316
35.76 11.6455 -19.7086 -8.0631
35.78 12.2884 -20.3515 -8.06314
35.8 17.1577 -25.2209 -8.06318
35.82 19.7232 -27.7864 -8.06318
35.84 18.2339 -26.297 -8.06314
35.86 18.9963 -27.0594 -8.06312
35.88 21.7181 -29.7812 -8.06309
35.9 21.1759 -29.239 -8.06312
35.92 16.3163 -24.3794 -8.06307
35.94 16.2625 -24.3256 -8.06306
35.96 15.9283 -23.9913 -8.06303
35.98 14.3296 -22.3926 -8.06301
36 17.7744 -25.8374 -8.06304
36.02 20.5718 -28.6348 -8.06301
36.04 16.1079 -24.1708 -8.06294
36.06 11.9269 -19.9899 -8.06298
36.08 14.5002 -22.5633 -8.06301
36.1 13.0442 -21.1072 -8.06302
36.12 9.81221 -17.8752 -8.06303
36.14 12.6973 -20.7604 -8.06305
36.16 16.3092 -24.3723 -8.06309
36.18 17.7817 -25.8449 -8.06316
36.2 16.9285 -24.9916 -8.06314
36.22 16.8014 -24.8645 -8.06312
36.24 17.0638 -25.127 -8.06313
36.26 14.2307 -22.2938 -8.06315
36.28 14.0734 -22.1366 -8.0632
36.3 16.5308 -24.594 -8.06321
36.32 16.0378 -24.101 -8.06321
36.34 15.1134 -23.1767 -8.06325
36.36 16.6224 -24.6857 -8.06325
36.38 19.2862 -27.3494 -8.06317
36.4 20.3175 -28.3807 -8.06319
36.42 22.4184 -30.4816 -8.06324
36.44 18.8551 -26.9184 -8.0633
36.46 12.5032 -20.5665 -8.06328
36.48 13.5764 -21.6398 -8.06332
36.5 18.2698 -26.3331 -8.06331
36.52 18.6741 -26.7374 -8.06332
36.54 15.3502 -23.4135 -8.06329
36.56 12.5187 -20.582 -8.06332
36.58 12.2605 -20.3238 -8.06333
36.6 15.6038 -23.6672 -8.06336
36.62 16.3173 -24.3806 -8.06333
36.64 18.0154 -26.0787 -8.06331
36.66 19.558 -27.6213 -8.0633
36.68 17.8719 -25.9351 -8.06324
36.7 15.6427 -23.7059 -8.06319
36.72 14.5685 -22.6317 -8.06318
36.74 16.1197 -24.1829 -8.06316
36.76 17.3752 -25.4383 -8.06312
36.78 17.6195 -25.6826 -8.06315
36.8 17.0653 -25.1285 -8.06318
36.82 13.2686 -21.3318 -8.06316
36.84 9.937 -18.0002 -8.06317
36.86 12.3579 -20.4211 -8.0632
36.88 10.852 -18.9152 -8.06316
36.9 9.75572 -17.8189 -8.06316
36.92 13.3238 -21.387 -8.0632
36.94 15.254 -23.3172 -8.06319
36.96 15.6339 -23.6971 -8.06321
36.98 15.1561 -23.2193 -8.06321
37 16.1176 -24.1808 -8.06317
37.02 16.7871 -24.8502 -8.06315
37.04 16.4225 -24.4857 -8.06314
37.06 12.8079 -20.871 -8.0631
37.08 14.9759 -23.039 -8.06312
37.1 19 -27.0632 -8.06314
37.12 16.8559 -24.919 -8.06312
37.14 16.6979 -24.761 -8.06312
37.16 17.7084 -25.7716 -8.06318
37.18 16.4755 -24.5387 -8.06316
37.2 19.818 -27.8813 -8.06322
37.22 18.9914 -27.0546 -8.06319
37.24 14.2104 -22.2736 -8.06325
37.26 14.3066 -22.3698 -8.06326
37.28 17.2483 -25.3116 -8.06327
37.3 15.6818 -23.745 -8.06328
37.32 16.7125 -24.7757 -8.06327
37.34 21.327 -29.3903 -8.06331
37.36 18.7945 -26.8578 -8.06326
37.38 16.8746 -24.9379 -8.06332
37.4 16.6276 -24.6909 -8.06329
37.42 17.0522 -25.1155 -8.06329
37.44 16.9221 -24.9854 -8.0633
37.46 13.7125 -21.7758 -8.0633
37.48 10.5637 -18.627 -8.06331
37.5 11.0433 -19.1066 -8.06331
37.52 14.3238 -22.3871 -8.06335
37.54 17.7663 -25.8296 -8.06332
37.56 18.4301 -26.4934 -8.06336
37.58 16.2763 -24.3397 -8.06338
37.6 16.5225 -24.5859 -8.06338
37.62 15.2068 -23.2702 -8.06339
37.64 15.0216 -23.0849 -8.06339
37.66 16.2513 -24.3147 -8.0634
37.68 17.5521 -25.6156 -8.06346
37.7 21.0205 -29.084 -8.06347
37.72 20.3349 -28.3984 -8.06352
37.74 18.152 -26.2155 -8.06347
37.76 17.2002 -25.2636 -8.06345
37.78 18.8256 -26.8891 -8.06345
37.8 18.0089 -26.0723 -8.06341
37.82 15.0038 -23.0672 -8.06341
37.84 16.7189 -24.7823 -8.06342
37.86 20.1902 -28.2536 -8.06342
37.88 17.4211 -25.4844 -8.06337
37.9 13.0121 -21.0754 -8.06336
37.92 14.7767 -22.84 -8.06333
37.94 19.6705 -27.7338 -8.06334
37.96 21.2276 -29.291 -8.06339
37.98 19.6439 -27.7073 -8.0634
38 18.071 -26.1344 -8.06337
38.02 15.7347 -23.798 -8.06336
38.04 14.3081 -22.3714 -8.06337
38.06 12.8898 -20.9532 -8.06337
38.08 15.3399 -23.4033 -8.06339
38.1 17.15 -25.2134 -8.0634
38.12 16.3099 -24.3733 -8.06344
38.14 11.2515 -19.3149 -8.06342
38.16 10.3309 -18.3943 -8.06341
38.18 15.9322 -23.9956 -8.06345
38.2 15.3799 -23.4434 -8.06344
38.22 10.8082 -18.8716 -8.06342
38.24 13.495 -21.5584 -8.06342
38.26 18.88 -26.9434 -8.06344
38.28 15.1166 -23.1801 -8.06343
38.3 8.12053 -16.1839 -8.0634
38.32 11.8238 -19.8872 -8.06342
38.34 14.0707 -22.1341 -8.06342
38.36 13.2169 -21.2804 -8.06342
38.38 13.6543 -21.7177 -8.06338
38.4 15.9034 -23.9667 -8.06335
38.42 16.7577 -24.821 -8.06338
38.44 15.4352 -23.4986 -8.0634
38.46 15.4558 -23.5191 -8.06335
38.48 16.9955 -25.0589 -8.06337
38.5 17.8633 -25.9267 -8.0634
38.52 15.7811 -23.8445 -8.06341
38.54 11.3893 -19.4527 -8.06335
38.56 15.6016 -23.665 -8.06337
38.58 23.2304 -31.2937 -8.06329
38.6 19.3199 -27.3832 -8.06329
38.62 15.2704 -23.3337 -8.06328
38.64 15.9353 -23.9986 -8.0633
38.66 16.0413 -24.1046 -8.06328
38.68 18.5841 -26.6473 -8.06328
38.7 17.9727 -26.036 -8.06325
38.72 15.5698 -23.6331 -8.06325
38.74 13.6479 -21.7112 -8.06329
38.76 14.353 -22.4163 -8.06334
38.78 17.4393 -25.5026 -8.06334
38.8 18.4051 -26.4684 -8.06329
38.82 16.7317 -24.795 -8.06332
38.84 14.7216 -22.7849 -8.06328
38.86 13.5089 -21.5722 -8.0633
38.88 18.828 -26.8913 -8.06332
38.9 20.4199 -28.4832 -8.06332
38.92 14.1548 -22.2181 -8.06329
38.94 10.9685 -19.0318 -8.06329
38.96 12.5288 -20.5921 -8.06327
38.98 15.5833 -23.6466 -8.06328
39 15.2564 -23.3197 -8.06328
39.02 15.735 -23.7984 -8.06332
39.04 15.913 -23.9763 -8.06334
39.06 11.9697 -20.0331 -8.06336
39.08 13.0257 -21.0891 -8.06334
39.1 19.1067 -27.1701 -8.06345
39.12 15.2476 -23.311 -8.06339
39.14 9.89265 -17.956 -8.06338
39.16 12.0855 -20.1489 -8.06339
39.18 14.5341 -22.5974 -8.06339
39.2 15.7714 -23.8348 -8.06338
39.22 16.8194 -24.8828 -8.06338
39.24 14.9088 -22.9721 -8.06335
39.26 17.025 -25.0884 -8.06335
39.28 16.5431 -24.6065 -8.06336
39.3 12.7838 -20.8472 -8.06334
39.32 14.5754 -22.6387 -8.0633
39.34 16.7079 -24.7713 -8.06332
39.36 15.376 -23.4393 -8.06329
39.38 16.9008 -24.9641 -8.06335
39.4 18.6288 -26.6921 -8.06333
39.42 14.4687 -22.532 -8.06327
39.44 12.0343 -20.0975 -8.06322
39.46 14.9143 -22.9775 -8.06324
39.48 15.6455 -23.7087 -8.06323
39.5 15.6556 -23.7188 -8.06324
39.52 14.6173 -22.6806 -8.06323
39.54 11.7447 -19.8079 -8.06321
39.56 18.066 -26.1293 -8.06324
39.58 19.8357 -27.8989 -8.0632
39.6 17.0172 -25.0804 -8.06319
39.62 15.3354 -23.3986 -8.06318
39.64 16.1402 -24.2034 -8.06322
39.66 18.6383 -26.7016 -8.06326
39.68 19.5048 -27.5681 -8.06323
39.7 16.8837 -24.9469 -8.06318
39.72 14.4408 -22.504 -8.0632
39.74 15.8703 -23.9334 -8.0632
39.76 16.9911 -25.0543 -8.06319
39.78 14.315 -22.3782 -8.06321
39.8 11.0699 -19.1331 -8.0632
39.82 14.1571 -22.2203 -8.06325
39.84 14.9021 -22.9654 -8.06323
39.86 17.3125 -25.3757 -8.06325
39.88 15.8371 -23.9004 -8.06327
39.9 13.3003 -21.3636 -8.06328
39.92 11.4222 -19.4855 -8.06327
39.94 12.8328 -20.8961 -8.06327
39.96 16.13 -24.1932 -8.06324
39.98 17.1944 -25.2576 -8.06328
40 17.099 -25.1623 -8.06323
40.02 14.0533 -22.1165 -8.06322
40.04 16.2549 -24.3182 -8.06326
40.06 15.8058 -23.869 -8.06326
40.08 16.2942 -24.3575 -8.06325
40.1 15.6256 -23.6889 -8.06331
40.12 11.1098 -19.1731 -8.06326
40.14 15.8827 -23.9459 -8.06328
40.16 19.2927 -27.356 -8.06329
40.18 18.939 -27.0023 -8.06327
40.2 17.5412 -25.6044 -8.06329
40.22 11.2121 -19.2754 -8.06331
40.24 12.0523 -20.1157 -8.06333
40.26 15.192 -23.2553 -8.06331
40.28 17.7114 -25.7747 -8.06334
40.3 16.221 -24.2843 -8.06326
40.32 10.9297 -18.993 -8.06325
40.34 12.5058 -20.5691 -8.06328
40.36 15.688 -23.7513 -8.06325
40.38 17.4478 -25.511 -8.06321
40.4 15.0778 -23.1409 -8.06311
40.42 14.6363 -22.6994 -8.06311
40.44 19.097 -27.1601 -8.06312
40.46 18.0097 -26.0729 -8.06316
40.48 15.7652 -23.8284 -8.06315
40.5 14.5088 -22.572 -8.06312
40.52 14.743 -22.8061 -8.06311
40.54 15.4451 -23.5082 -8.06312
40.56 15.2363 -23.2994 -8.06312
40.58 15.1963 -23.2594 -8.06308
40.6 14.9 -22.9631 -8.06309
40.62 14.2399 -22.303 -8.06308
40.64 16.368 -24.4311 -8.06311
40.66 16.1614 -24.2245 -8.0631
40.68 16.5209 -24.584 -8.06311
40.7 14.6701 -22.7332 -8.06308
40.72 12.3004 -20.3634 -8.06303
40.74 17.1274 -25.1904 -8.06305
40.76 21.5169 -29.58 -8.06312
40.78 17.2495 -25.3126 -8.06306
40.8 8.05828 -16.1213 -8.06305
40.82 7.22537 -15.2884 -8.06308
40.84 15.013 -23.076 -8.06309
40.86 20.274 -28.337 -8.06307
40.88 19.5013 -27.5643 -8.06299
40.9 13.5074 -21.5704 -8.063
40.92 10.6232 -18.6862 -8.06299
40.94 14.1256 -22.1886 -8.06302
40.96 12.9534 -21.0164 -8.06298
40.98 14.947 -23.0099 -8.06297
41 18.4488 -26.5118 -8.06302
41.02 14.1002 -22.1632 -8.06299
41.04 13.9512 -22.0142 -8.06302
41.06 18.0459 -26.1089 -8.06302
41.08 19.4188 -27.4817 -8.06298
41.1 16.39 -24.453 -8.06293
41.12 16.4935 -24.5564 -8.06294
41.14 16.9334 -24.9963 -8.06293
41.16 14.4413 -22.5042 -8.06292
41.18 13.4312 -21.4942 -8.06297
41.2 13.3954 -21.4584 -8.06298
41.22 13.4208 -21.4837 -8.06297
41.24 16.4933 -24.5562 -8.06293
41.26 17.7672 -25.8301 -8.06294
41.28 16.5643 -24.6273 -8.06299
41.3 15.477 -23.54 -8.06299
41.32 15.0405 -23.1036 -8.06307
41.34 13.7278 -21.7909 -8.06306
41.36 14.5591 -22.6222 -8.06307
41.38 16.2322 -24.2953 -8.06309
41.4 13.7908 -21.8539 -8.06307
41.42 15.9729 -24.036 -8.06313
41.44 17.1581 -25.2213 -8.06313
41.46 13.6616 -21.7247 -8.06313
41.48 15.7687 -23.8318 -8.06312
41.5 19.4323 -27.4954 -8.06317
41.52 17.9362 -25.9993 -8.06309
41.54 19.1646 -27.2277 -8.0631
41.56 17.8178 -25.8809 -8.06312
41.58 13.9719 -22.0349 -8.06309
41.6 13.5295 -21.5926 -8.06309
41.62 15.4562 -23.5193 -8.06309
41.64 13.6563 -21.7194 -8.06309
41.66 13.6435 -21.7066 -8.06314
41.68 15.173 -23.2362 -8.0632
41.7 17.8329 -25.8961 -8.0632
41.72 17.9865 -26.0497 -8.06319
41.74 15.2221 -23.2853 -8.06321
41.76 13.6361 -21.6993 -8.0632
41.78 18.5339 -26.5971 -8.06322
41.8 16.8212 -24.8844 -8.06316
41.82 17.5414 -25.6046 -8.06318
41.84 18.7135 -26.7766 -8.06313
41.86 15.0716 -23.1347 -8.06311
41.88 15.5288 -23.5918 -8.06307
41.9 17.6573 -25.7204 -8.06312
41.92 14.2554 -22.3185 -8.06315
41.94 10.8207 -18.8839 -8.06317
41.96 7.54534 -15.6085 -8.06314
41.98 12.9666 -21.0298 -8.06316
42 18.551 -26.6142 -8.06316
42.02 19.8056 -27.8687 -8.06316
42.04 16.6058 -24.669 -8.06312
42.06 12.0547 -20.1178 -8.0631
42.08 13.0682 -21.1313 -8.06311
42.1 16.3129 -24.3759 -8.06309
42.12 15.1041 -23.1671 -8.06309
42.14 16.243 -24.3061 -8.06306
42.16 18.0361 -26.0992 -8.06308
42.18 18.5636 -26.6267 -8.06306
42.2 18.4188 -26.4819 -8.06308
42.22 19.8168 -27.8799 -8.06313
42.24 17.897 -25.96 -8.06299
42.26 12.7678 -20.8308 -8.06299
42.28 11.9516 -20.0146 -8.06302
42.3 15.5826 -23.6456 -8.063
42.32 16.9022 -24.9652 -8.06298
42.34 18.1178 -26.1808 -8.06299
42.36 19.5896 -27.6526 -8.06303
42.38 19.3583 -27.4213 -8.063
42.4 17.8533 -25.9164 -8.06306
42.42 16.0632 -24.1263 -8.06309
42.44 13.3122 -21.3753 -8.06307
42.46 11.4112 -19.4742 -8.06305
42.48 13.0417 -21.1048 -8.0631
42.5 14.6338 -22.697 -8.06312
42.52 14.1276 -22.1907 -8.0631
42.54 15.3928 -23.4559 -8.06308
42.56 14.8729 -22.936 -8.0631
42.58 13.4466 -21.5097 -8.06306
42.6 17.8037 -25.8668 -8.06308
42.62 18.4388 -26.502 -8.06313
42.64 13.2879 -21.351 -8.0631
42.66 14.967 -23.0301 -8.06308
42.68 18.1398 -26.2029 -8.06309
42.7 19.7788 -27.8419 -8.06311
42.72 15.7614 -23.8245 -8.06309
42.74 13.767 -21.83 -8.06303
42.76 16.8954 -24.9584 -8.06304
42.78 20.2418 -28.3048 -8.06307
42.8 22.3816 -30.4448 -8.06315
42.82 18.9316 -26.9948 -8.06318
42.84 14.4809 -22.5441 -8.06314
42.86 14.4307 -22.4939 -8.06312
42.88 11.7034 -19.7665 -8.06312
42.9 11.9839 -20.047 -8.0631
42.92 12.5594 -20.6225 -8.06312
42.94 11.0991 -19.1621 -8.06305
42.96 11.8131 -19.8762 -8.06305
42.98 16.1203 -24.1834 -8.06306
43 20.851 -28.914 -8.06305
43.02 21.5569 -29.6199 -8.06299
43.04 18.0546 -26.1176 -8.06298
43.06 14.0483 -22.1112 -8.06297
43.08 14.9592 -23.0221 -8.06295
43.1 18.1264 -26.1894 -8.06294
43.12 19.9945 -28.0574 -8.06292
43.14 20.2699 -28.3329 -8.06299
43.16 17.5519 -25.615 -8.06304
43.18 15.1982 -23.2613 -8.06307
43.2 13.0756 -21.1386 -8.06307
43.22 12.2245 -20.2875 -8.06305
43.24 15.4678 -23.5308 -8.06302
43.26 17.8095 -25.8725 -8.06304
43.28 15.3114 -23.3744 -8.063
43.3 12.1181 -20.1811 -8.063
43.32 14.7891 -22.8521 -8.06301
43.34 16.7441 -24.8071 -8.06297
43.36 17.7758 -25.8387 -8.06295
43.38 19.9288 -27.9917 -8.06293
43.4 16.4718 -24.5347 -8.06293
43.42 13.2526 -21.3156 -8.06297
43.44 15.4028 -23.4658 -8.06299
43.46 16.6591 -24.7221 -8.06295
43.48 18.0398 -26.1027 -8.06294
43.5 16.7515 -24.8145 -8.06297
43.52 14.6746 -22.7375 -8.06298
43.54 13.9841 -22.047 -8.06297
43.56 14.4913 -22.5542 -8.06296
43.58 14.3175 -22.3804 -8.06294
43.6 14.976 -23.0389 -8.06291
43.62 17.8001 -25.863 -8.06293
43.64 17.8179 -25.8809 -8.06295
43.66 13.4813 -21.5442 -8.06292
43.68 12.169 -20.2319 -8.06292
43.7 15.1601 -23.2231 -8.06292
43.72 16.81 -24.873 -8.06291
43.74 15.2833 -23.3462 -8.06287
43.76 12.6239 -20.6867 -8.06289
43.78 13.047 -21.1099 -8.06289
43.8 11.6104 -19.6733 -8.06289
43.82 10.9988 -19.0617 -8.06289
43.84 15.2536 -23.3165 -8.0629
43.86 18.2926 -26.3555 -8.06288
43.88 17.0865 -25.1493 -8.06286
43.9 12.192 -20.2548 -8.06284
43.92 11.1126 -19.1754 -8.06285
43.94 15.9934 -24.0563 -8.06287
43.96 18.206 -26.2689 -8.06287
43.98 15.4417 -23.5046 -8.06287
44 16.0058 -24.0687 -8.06296
44.02 15.455 -23.518 -8.06296
44.04 14.8415 -22.9044 -8.06296
44.06 14.7153 -22.7782 -8.06296
44.08 14.8911 -22.9541 -8.06298
44.1 15.067 -23.13 -8.06298
44.12 13.7708 -21.8338 -8.06296
44.14 12.4402 -20.5032 -8.06296
44.16 18.0177 -26.0807 -8.06296
44.18 20.6498 -28.7128 -8.06295
44.2 18.0978 -26.1607 -8.06294
44.22 18.4477 -26.5106 -8.06289
44.24 18.1421 -26.2049 -8.06286
44.26 15.8987 -23.9615 -8.06286
44.28 15.2048 -23.2676 -8.06283
44.3 16.6391 -24.702 -8.06282
44.32 15.5953 -23.6581 -8.06279
44.34 14.2127 -22.2755 -8.06278
44.36 15.8626 -23.9254 -8.06284
44.38 16.6351 -24.6979 -8.0628
44.4 18.1772 -26.2399 -8.06274
44.42 15.277 -23.3398 -8.06271
44.44 10.5951 -18.6579 -8.06274
44.46 15.9835 -24.0463 -8.06279
44.48 11.9348 -19.9976 -8.06274
44.5 12.3045 -20.3672 -8.06276
44.52 20.7901 -28.8529 -8.06278
44.54 18.8968 -26.9595 -8.06269
44.56 15.3016 -23.3643 -8.06268
44.58 16.9642 -25.0269 -8.06279
44.6 16.9953 -25.0581 -8.06279
44.62 16.2035 -24.2663 -8.06282
44.64 15.2466 -23.3095 -8.06285
44.66 15.2355 -23.2983 -8.06285
44.68 18.3926 -26.4556 -8.06296
44.7 19.8844 -27.9474 -8.06298
44.72 16.3395 -24.4024 -8.06291
44.74 10.6117 -18.6746 -8.06287
44.76 11.4813 -19.5442 -8.06284
44.78 16.2587 -24.3215 -8.06286
44.8 19.9304 -27.9933 -8.06284
44.82 22.1003 -30.1631 -8.06284
44.84 20.9814 -29.0442 -8.06283
44.86 15.8224 -23.8852 -8.06276
44.88 14.7017 -22.7645 -8.06272
44.9 17.0528 -25.1155 -8.06267
44.92 14.7207 -22.7833 -8.06265
44.94 12.7456 -20.8083 -8.06264
44.96 15.6369 -23.6995 -8.06263
44.98 18.3216 -26.3842 -8.06262
45 17.469 -25.5316 -8.06261
45.02 14.947 -23.0096 -8.06258
45.04 12.7103 -20.7729 -8.0626
45.06 13.3662 -21.4288 -8.06256
45.08 15.6072 -23.6698 -8.06258
45.1 14.8867 -22.9492 -8.06255
45.12 10.7368 -18.7993 -8.0625
45.14 11.2332 -19.2957 -8.0625
45.16 12.5404 -20.603 -8.06254
45.18 11.033 -19.0955 -8.0625
45.2 14.9165 -22.979 -8.06249
45.22 18.2536 -26.3162 -8.06261
45.24 12.7403 -20.803 -8.06262
45.26 13.9846 -22.0472 -8.06261
45.28 12.8272 -20.8898 -8.06261
45.3 13.9091 -21.9718 -8.06261
45.32 15.5354 -23.5981 -8.06261
45.34 17.7667 -25.8294 -8.06266
45.36 18.2486 -26.3113 -8.06268
45.38 16.7059 -24.7686 -8.06269
45.4 11.3363 -19.3989 -8.06267
45.42 14.4244 -22.4871 -8.06268
45.44 20.4724 -28.5351 -8.06272
45.46 18.5429 -26.6055 -8.06268
45.48 14.7408 -22.8034 -8.06266
45.5 14.9666 -23.0293 -8.06269
45.52 15.9549 -24.0176 -8.06269
45.54 19.375 -27.4377 -8.06274
45.56 17.5924 -25.6551 -8.06272
45.58 15.574 -23.6367 -8.0627
45.6 14.9968 -23.0595 -8.06269
45.62 14.1058 -22.1685 -8.06273
45.64 13.7853 -21.8481 -8.06272
45.66 16.2756 -24.3384 -8.06275
45.68 15.6095 -23.6722 -8.06275
45.7 11.7606 -19.8234 -8.06274
45.72 13.1315 -21.1943 -8.06275
45.74 15.7994 -23.8622 -8.06276
45.76 19.9699 -28.0326 -8.06268
45.78 19.254 -27.3166 -8.06269
45.8 15.7358 -23.7985 -8.06267
45.82 14.7538 -22.8165 -8.06266
45.84 15.6353 -23.698 -8.06268
45.86 15.4806 -23.5433 -8.06269
45.88 15.4125 -23.4751 -8.06262
45.9 14.8848 -22.9475 -8.06261
45.92 15.7348 -23.7974 -8.0626
45.94 17.0491 -25.1117 -8.0626
45.96 18.8006 -26.8632 -8.0626
45.98 18.875 -26.9376 -8.06257
46 19.0872 -27.1499 -8.06263
46.02 19.205 -27.2677 -8.06267
46.04 17.376 -25.4387 -8.06267
46.06 13.47 -21.5327 -8.06272
46.08 10.3919 -18.4547 -8.06274
46.1 13.167 -21.2298 -8.06279
46.12 15.1059 -23.1687 -8.06279
46.14 16.6376 -24.7004 -8.06279
46.16 18.792 -26.8548 -8.06279
46.18 17.762 -25.8248 -8.06279
46.2 15.6089 -23.6717 -8.06277
46.22 13.5209 -21.5837 -8.06277
46.24 10.0195 -18.0823 -8.06272
46.26 13.3873 -21.45 -8.06274
46.28 19.0535 -27.1163 -8.06277
46.3 19.2241 -27.2868 -8.06273
46.32 15.0967 -23.1594 -8.06277
46.34 11.0326 -19.0954 -8.06277
46.36 10.5101 -18.5728 -8.06277
46.38 14.4376 -22.5004 -8.06278
46.4 18.8854 -26.9482 -8.06279
46.42 19.9237 -27.9865 -8.06283
46.44 15.5887 -23.6516 -8.06289
46.46 10.3111 -18.3739 -8.06284
46.48 14.184 -22.2468 -8.06286
46.5 18.0025 -26.0654 -8.06289
46.52 20.0533 -28.1162 -8.06288
46.54 22.5958 -30.6587 -8.06293
46.56 18.2108 -26.2737 -8.06291
46.58 12.1469 -20.2098 -8.06293
46.6 14.6237 -22.6866 -8.0629
46.62 16.1017 -24.1646 -8.06287
46.64 15.8183 -23.8812 -8.06288
46.66 15.8801 -23.943 -8.06287
46.68 14.3253 -22.3882 -8.06287
46.7 17.4616 -25.5245 -8.06295
46.72 16.6038 -24.6667 -8.06292
46.74 11.3921 -19.455 -8.0629
46.76 12.7302 -20.7931 -8.06292
46.78 14.1737 -22.2367 -8.06295
46.8 13.7155 -21.7784 -8.06288
46.82 17.4701 -25.5329 -8.06286
46.84 16.5988 -24.6616 -8.06281
46.86 16.0226 -24.0854 -8.06281
46.88 17.7934 -25.8563 -8.06284
46.9 12.3653 -20.4281 -8.06279
46.92 12.8967 -20.9596 -8.06281
46.94 18.6009 -26.6638 -8.06283
46.96 21.9015 -29.9643 -8.06284
46.98 21.7715 -29.8343 -8.06279
47 21.2044 -29.2672 -8.06282
47.02 18.7063 -26.7691 -8.06284
47.04 16.6281 -24.691 -8.06283
47.06 16.6101 -24.673 -8.06283
47.08 16.7007 -24.7635 -8.06279
47.1 15.8242 -23.8871 -8.06283
47.12 13.8837 -21.9466 -8.06283
47.14 15.364 -23.4268 -8.06285
47.16 16.7601 -24.823 -8.06289
47.18 15.6543 -23.7172 -8.06289
47.2 15.0567 -23.1195 -8.06287
47.22 16.5667 -24.6296 -8.06292
47.24 12.4754 -20.5383 -8.06291
47.26 9.93414 -17.997 -8.06291
47.28 13.296 -21.3589 -8.06292
47.3 14.4383 -22.5013 -8.06293
47.32 14.627 -22.6899 -8.06293
47.34 16.0836 -24.1465 -8.06296
47.36 15.1171 -23.1801 -8.06298
47.38 14.7571 -22.8201 -8.06299
47.4 10.9472 -19.0102 -8.06298
47.42 11.0823 -19.1452 -8.06297
47.44 13.9869 -22.0499 -8.06298
47.46 13.6531 -21.7161 -8.06301
47.48 12.5488 -20.6118 -8.06296
47.5 14.9276 -22.9906 -8.063
47.52 16.5567 -24.6197 -8.063
47.54 14.1948 -22.2578 -8.06296
47.56 14.4757 -22.5387 -8.06296
47.58 13.3352 -21.3981 -8.0629
47.6 12.4649 -20.5279 -8.06296
47.62 15.659 -23.722 -8.06296
47.64 18.6253 -26.6883 -8.06295
47.66 19.0852 -27.1481 -8.06292
47.68 18.5959 -26.6589 -8.063
47.7 14.5961 -22.6591 -8.06297
47.72 14.7705 -22.8334 -8.06296
47.74 19.6465 -27.7096 -8.06302
47.76 18.5014 -26.5644 -8.06301
47.78 16.0026 -24.0656 -8.06293
47.8 15.313 -23.376 -8.06296
47.82 17.0552 -25.1182 -8.06297
47.84 19.4918 -27.5548 -8.06303
47.86 19.4266 -27.4896 -8.06303
47.88 16.9065 -24.9695 -8.06307
47.9 13.3385 -21.4016 -8.06305
47.92 11.6627 -19.7258 -8.06305
47.94 13.8547 -21.9178 -8.06309
47.96 17.2726 -25.3357 -8.06313
47.98 19.1169 -27.1801 -8.06315
48 17.5539 -25.617 -8.06312
48.02 13.1444 -21.2075 -8.06316
48.04 14.9192 -22.9824 -8.06314
48.06 18.3908 -26.454 -8.06317
48.08 14.2676 -22.3307 -8.06315
48.1 13.8056 -21.8688 -8.06317
48.12 14.982 -23.0451 -8.06316
48.14 14.9437 -23.0068 -8.06312
48.16 18.1925 -26.2556 -8.06314
48.18 18.6703 -26.7334 -8.06312
48.2 14.4112 -22.4743 -8.06311
48.22 11.7909 -19.8541 -8.06318
48.24 11.0195 -19.0827 -8.0632
48.26 12.2109 -20.2741 -8.0632
48.28 15.8671 -23.9304 -8.06327
48.3 15.4941 -23.5573 -8.06325
48.32 16.275 -24.3382 -8.06323
48.34 19.7204 -27.7836 -8.06316
48.36 19.9655 -28.0287 -8.06316
48.38 15.7765 -23.8397 -8.0632
48.4 14.5556 -22.6187 -8.06319
48.42 16.3134 -24.3766 -8.06317
48.44 14.413 -22.4761 -8.06315
48.46 12.1219 -20.185 -8.06312
48.48 16.5318 -24.595 -8.06314
48.5 15.456 -23.5192 -8.06311
48.52 14.001 -22.0641 -8.06307
48.54 15.2989 -23.3619 -8.06308
48.56 15.0608 -23.1238 -8.06301
48.58 17.0559 -25.1189 -8.06303
48.6 18.249 -26.312 -8.06298
48.62 16.9679 -25.0308 -8.06296
48.64 15.8883 -23.9513 -8.06297
48.66 13.2567 -21.3197 -8.06295
48.68 14.9273 -22.9903 -8.06299
48.7 17.5842 -25.6471 -8.06296
48.72 14.9791 -23.042 -8.06291
48.74 14.2263 -22.2891 -8.06288
48.76 18.089 -26.1519 -8.06293
48.78 22.321 -30.3839 -8.06294
48.8 21.894 -29.957 -8.06296
48.82 18.2793 -26.3422 -8.06292
48.84 15.661 -23.7239 -8.06294
48.86 13.6638 -21.7267 -8.06295
48.88 11.5814 -19.6444 -8.06295
48.9 13.4825 -21.5454 -8.06295
48.92 14.4454 -22.5084 -8.063
48.94 15.7144 -23.7774 -8.06297
48.96 18.1941 -26.2571 -8.063
48.98 17.1866 -25.2496 -8.06298
49 13.0482 -21.1112 -8.06297
49.02 12.0935 -20.1565 -8.06298
49.04 19.0687 -27.1316 -8.06294
49.06 22.5605 -30.6234 -8.06296
49.08 16.8587 -24.9217 -8.06298
49.1 11.2895 -19.3525 -8.06297
49.12 13.1207 -21.1837 -8.06298
49.14 16.2277 -24.2907 -8.06301
49.16 13.2073 -21.2703 -8.06292
49.18 11.6435 -19.7064 -8.06291
49.2 16.1206 -24.1835 -8.06294
49.22 12.5016 -20.5645 -8.06292
49.24 12.2165 -20.2795 -8.06295
49.26 18.8364 -26.8994 -8.06296
49.28 19.6425 -27.7054 -8.06296
49.3 13.2972 -21.3601 -8.06295
49.32 9.35017 -17.4131 -8.06294
49.34 13.5378 -21.6008 -8.063
49.36 14.7093 -22.7723 -8.063
49.38 13.5133 -21.5763 -8.063
49.4 16.1983 -24.2613 -8.06305
49.42 19.3264 -27.3895 -8.06308
49.44 18.4975 -26.5606 -8.06314
49.46 10.9591 -19.0222 -8.06313
49.48 11.1641 -19.2273 -8.06315
49.5 15.5598 -23.623 -8.06317
49.52 14.9281 -22.9912 -8.06318
49.54 14.7813 -22.8445 -8.06314
49.56 16.971 -25.0341 -8.06316
49.58 17.7122 -25.7754 -8.06317
49.6 19.638 -27.7012 -8.06318
49.62 17.2883 -25.3515 -8.06315
49.64 14.2269 -22.29 -8.06312
49.66 12.6211 -20.6842 -8.06315
49.68 12.728 -20.7912 -8.06315
49.7 12.888 -20.9512 -8.06316
49.72 19.4285 -27.4916 -8.06317
49.74 20.8883 -28.9515 -8.06323
49.76 16.946 -25.0092 -8.06321
49.78 15.2203 -23.2835 -8.06319
49.8 17.3544 -25.4176 -8.0632
49.82 15.5243 -23.5875 -8.06315
49.84 12.5668 -20.63 -8.06319
49.86 11.8807 -19.9438 -8.06317
49.88 11.9526 -20.0158 -8.06318
49.9 12.412 -20.4752 -8.06318
49.92 15.7783 -23.8415 -8.06321
49.94 18.3222 -26.3855 -8.06323
49.96 19.6809 -27.7442 -8.06324
49.98 16.9503 -25.0136 -8.06324
