0.00 0 -16.0626 -16.0626
0.02 0.000672422 -16.0632 -16.0626
0.04 0.00183146 -16.0644 -16.0626
0.06 0.0019978 -16.0646 -16.0626
0.08 0.000959252 -16.0635 -16.0626
0.1 4.14981e-05 -16.0626 -16.0626
0.12 0.00041542 -16.063 -16.0626
0.14 0.00160339 -16.0642 -16.0626
0.16 0.00209006 -16.0647 -16.0626
0.18 0.0012544 -16.0638 -16.0626
0.2 0.000162129 -16.0627 -16.0626
0.22 0.000207929 -16.0628 -16.0626
0.24 0.00133377 -16.0639 -16.0626
0.26 0.00210194 -16.0647 -16.0626
0.28 0.0015322 -16.0641 -16.0626
0.3 0.000352052 -16.0629 -16.0626
0.32 6.7089e-05 -16.0626 -16.0626
0.34 0.00104086 -16.0636 -16.0626
0.36 0.00203106 -16.0646 -16.0626
0.38 0.00177404 -16.0643 -16.0626
0.4 0.000597718 -16.0632 -16.0626
0.42 7.1301e-06 -16.0626 -16.0626
0.44 0.000509456 -16.0631 -16.0626
0.46 0.00123812 -16.0638 -16.0626
0.48 0.00131387 -16.0639 -16.0626
0.5 0.000646257 -16.0632 -16.0626
0.52 4.19374e-05 -16.0626 -16.0626
0.54 0.000229815 -16.0628 -16.0626
0.56 0.000980987 -16.0635 -16.0626
0.58 0.00138825 -16.0639 -16.0626
0.6 0.000962375 -16.0635 -16.0626
0.62 0.000224192 -16.0628 -16.0626
0.64 0.000292421 -16.0629 -16.0626
0.66 0.00134024 -16.0639 -16.0626
0.68 0.00204246 -16.0646 -16.0626
0.7 0.00148471 -16.064 -16.0626
0.72 0.000355624 -16.0629 -16.0626
0.74 0.000119533 -16.0627 -16.0626
0.76 0.00109801 -16.0637 -16.0626
0.78 0.00201486 -16.0646 -16.0626
0.8 0.0016846 -16.0642 -16.0626
0.82 0.00055893 -16.0631 -16.0626
0.84 0.000345568 -16.0629 -16.0626
0.86 0.00102663 -16.0636 -16.0626
0.88 0.00170248 -16.0643 -16.0626
0.9 0.00153456 -16.0641 -16.0626
0.92 0.000750296 -16.0633 -16.0626
0.94 0.000360361 -16.0629 -16.0626
0.96 0.000861308 -16.0634 -16.0626
0.98 0.00161302 -16.0642 -16.0626
1 0.00165282 -16.0642 -16.0626
1.02 0.000951565 -16.0635 -16.0626
1.04 0.000763462 -16.0633 -16.0626
1.06 0.00105071 -16.0636 -16.0626
1.08 0.00159021 -16.0642 -16.0626
1.1 0.00142896 -16.064 -16.0626
1.12 0.000764864 -16.0633 -16.0626
1.14 0.000484542 -16.063 -16.0626
1.16 0.000962904 -16.0635 -16.0626
1.18 0.00155448 -16.0641 -16.0626
1.2 0.00148027 -16.064 -16.0626
1.22 0.000917158 -16.0635 -16.0626
1.24 0.000663172 -16.0632 -16.0626
1.26 0.00118565 -16.0637 -16.0626
1.28 0.00184858 -16.0644 -16.0626
1.3 0.0014913 -16.0641 -16.0626
1.32 0.000580394 -16.0631 -16.0626
1.34 0.00027551 -16.0628 -16.0626
1.36 0.000966081 -16.0635 -16.0626
1.38 0.00177426 -16.0643 -16.0626
1.4 0.00165716 -16.0642 -16.0626
1.42 0.000756603 -16.0633 -16.0626
1.44 0.000238899 -16.0628 -16.0626
1.46 0.000802063 -16.0634 -16.0626
1.48 0.00134544 -16.0639 -16.0626
1.5 0.00110028 -16.0637 -16.0626
1.52 0.000375623 -16.0629 -16.0626
1.54 4.80871e-05 -16.0626 -16.0626
1.56 0.000499133 -16.0631 -16.0626
1.58 0.00117991 -16.0637 -16.0626
1.6 0.00128065 -16.0638 -16.0626
1.62 0.00073455 -16.0633 -16.0626
1.64 0.000658761 -16.0632 -16.0626
1.66 0.00160838 -16.0642 -16.0626
1.68 0.0018537 -16.0644 -16.0626
1.7 0.00106217 -16.0636 -16.0626
1.72 0.000251328 -16.0628 -16.0626
1.74 0.00047106 -16.063 -16.0626
1.76 0.0014396 -16.064 -16.0626
1.78 0.00191606 -16.0645 -16.0626
1.8 0.00129508 -16.0639 -16.0626
1.82 0.00102797 -16.0636 -16.0626
1.84 0.00125983 -16.0638 -16.0626
1.86 0.000950584 -16.0635 -16.0626
1.88 0.00033897 -16.0629 -16.0626
1.9 0.000193524 -16.0628 -16.0626
1.92 0.000676351 -16.0632 -16.0626
1.94 0.0011737 -16.0637 -16.0626
1.96 0.00132455 -16.0639 -16.0626
1.98 0.00119257 -16.0638 -16.0626
2 0.00177644 -16.0643 -16.0626
2.02 0.00186804 -16.0644 -16.0626
2.04 0.000966958 -16.0635 -16.0626
2.06 0.000195645 -16.0628 -16.0626
2.08 0.000490285 -16.063 -16.0626
2.1 0.00146868 -16.064 -16.0626
2.12 0.00191987 -16.0645 -16.0626
2.14 0.00130245 -16.0639 -16.0626
2.16 0.00134855 -16.0639 -16.0626
2.18 0.00115386 -16.0637 -16.0626
2.2 0.000523907 -16.0631 -16.0626
2.22 0.000201354 -16.0628 -16.0626
2.24 0.000475252 -16.063 -16.0626
2.26 0.00101419 -16.0636 -16.0626
2.28 0.00117751 -16.0637 -16.0626
2.3 0.00151184 -16.0641 -16.0626
2.32 0.00167722 -16.0642 -16.0626
2.34 0.00109694 -16.0637 -16.0626
2.36 0.000448554 -16.063 -16.0626
2.38 0.00052045 -16.0631 -16.0626
2.4 0.00124435 -16.0638 -16.0626
2.42 0.00175621 -16.0643 -16.0626
2.44 0.00143521 -16.064 -16.0626
2.46 0.000652444 -16.0632 -16.0626
2.48 0.00115106 -16.0637 -16.0626
2.5 0.00121037 -16.0638 -16.0626
2.52 0.00124337 -16.0638 -16.0626
2.54 0.000778596 -16.0633 -16.0626
2.56 0.000972077 -16.0635 -16.0626
2.58 0.00168955 -16.0642 -16.0626
2.6 0.00165693 -16.0642 -16.0626
2.62 0.000944327 -16.0635 -16.0626
2.64 0.000396005 -16.0629 -16.0626
2.66 0.00072574 -16.0633 -16.0626
2.68 0.00146888 -16.064 -16.0626
2.7 0.0020774 -16.0646 -16.0626
2.72 0.00263686 -16.0652 -16.0626
2.74 0.00420331 -16.0668 -16.0626
2.76 0.00601479 -16.0686 -16.0626
2.78 0.00909093 -16.0716 -16.0626
2.8 0.0148533 -16.0774 -16.0626
2.82 0.0243351 -16.0869 -16.0626
2.84 0.038383 -16.1009 -16.0626
2.86 0.0589087 -16.1215 -16.0626
2.88 0.090743 -16.1533 -16.0626
2.9 0.139223 -16.2018 -16.0626
2.92 0.213459 -16.276 -16.0626
2.94 0.32774 -16.3903 -16.0626
2.96 0.502952 -16.5655 -16.0626
2.98 0.76988 -16.8324 -16.0626
3 1.17454 -17.2371 -16.0626
3.02 1.78535 -17.8479 -16.0626
3.04 2.69888 -18.7614 -16.0626
3.06 4.04609 -20.1086 -16.0626
3.08 5.98615 -22.0487 -16.0626
3.1 8.66956 -24.7321 -16.0626
3.12 12.119 -28.1815 -16.0626
3.14 15.8953 -31.9578 -16.0626
3.16 18.2945 -34.3571 -16.0626
3.18 15.2979 -31.3605 -16.0626
3.2 4.9629 -21.0254 -16.0625
3.22 1.78155 -17.8441 -16.0625
3.24 11.6621 -27.7246 -16.0626
3.26 17.862 -33.9246 -16.0626
3.28 17.4913 -33.5539 -16.0625
3.3 14.6064 -30.669 -16.0625
3.32 11.79 -27.8525 -16.0625
3.34 10.0232 -26.0857 -16.0625
3.36 9.38994 -25.4524 -16.0625
3.38 9.9089 -25.9714 -16.0625
3.4 11.6922 -27.7547 -16.0625
3.42 14.4111 -30.4736 -16.0625
3.44 17.1259 -33.1884 -16.0625
3.46 17.7557 -33.8182 -16.0625
3.48 12.9575 -29.0201 -16.0625
3.5 5.24738 -21.3099 -16.0625
3.52 7.31151 -23.374 -16.0625
3.54 15.3766 -31.4391 -16.0625
3.56 18.6974 -34.7599 -16.0625
3.58 18.2237 -34.2862 -16.0625
3.6 17.0752 -33.1378 -16.0625
3.62 16.6698 -32.7323 -16.0625
3.64 17.3508 -33.4132 -16.0625
3.66 18.452 -34.5144 -16.0625
3.68 17.9077 -33.9702 -16.0625
3.7 12.8573 -28.9198 -16.0625
3.72 6.68904 -22.7515 -16.0625
3.74 8.86053 -24.923 -16.0625
3.76 14.9922 -31.0547 -16.0625
3.78 17.4478 -33.5103 -16.0625
3.8 16.6508 -32.7133 -16.0625
3.82 14.7627 -30.8252 -16.0625
3.84 13.2753 -29.3378 -16.0625
3.86 12.9743 -29.0368 -16.0625
3.88 13.9825 -30.045 -16.0625
3.9 15.9462 -32.0086 -16.0625
3.92 18.0164 -34.0789 -16.0625
3.94 17.2415 -33.304 -16.0625
3.96 9.71361 -25.7761 -16.0625
3.98 1.58897 -17.6514 -16.0625
4 7.30714 -23.3696 -16.0625
4.02 15.7258 -31.7884 -16.0625
4.04 17.4026 -33.465 -16.0625
4.06 15.1744 -31.2369 -16.0625
4.08 11.8355 -27.898 -16.0625
4.1 8.33899 -24.4015 -16.0625
4.12 5.43411 -21.4966 -16.0625
4.14 3.97279 -20.0353 -16.0625
4.16 3.55636 -19.6189 -16.0625
4.18 3.05964 -19.1221 -16.0625
4.2 2.58166 -18.6442 -16.0625
4.22 2.72221 -18.7847 -16.0625
4.24 3.16288 -19.2254 -16.0625
4.26 3.76822 -19.8307 -16.0625
4.28 5.17813 -21.2407 -16.0625
4.3 7.32606 -23.3886 -16.0625
4.32 9.06769 -25.1302 -16.0625
4.34 10.2551 -26.3176 -16.0625
4.36 11.3958 -27.4584 -16.0625
4.38 11.6139 -27.6764 -16.0625
4.4 10.6211 -26.6836 -16.0625
4.42 10.6959 -26.7584 -16.0625
4.44 12.4186 -28.4811 -16.0625
4.46 12.9213 -28.9838 -16.0625
4.48 11.6745 -27.737 -16.0625
4.5 11.2329 -27.2954 -16.0625
4.52 11.8204 -27.8829 -16.0626
4.54 11.2905 -27.3531 -16.0626
4.56 9.68892 -25.7515 -16.0625
4.58 8.91886 -24.9814 -16.0625
4.6 9.32508 -25.3876 -16.0625
4.62 9.26272 -25.3253 -16.0625
4.64 8.99761 -25.0601 -16.0625
4.66 9.57647 -25.639 -16.0625
4.68 9.46113 -25.5236 -16.0625
4.7 8.42276 -24.4852 -16.0625
4.72 8.48278 -24.5453 -16.0625
4.74 10.0233 -26.0858 -16.0625
4.76 11.6021 -27.6646 -16.0625
4.78 12.3217 -28.3842 -16.0625
4.8 12.7119 -28.7744 -16.0625
4.82 12.4498 -28.5123 -16.0625
4.84 10.674 -26.7364 -16.0625
4.86 9.34085 -25.4033 -16.0625
4.88 10.2755 -26.338 -16.0625
4.9 10.3599 -26.4224 -16.0625
4.92 9.54753 -25.61 -16.0625
4.94 10.107 -26.1695 -16.0625
4.96 10.1919 -26.2544 -16.0625
4.98 9.82529 -25.8878 -16.0625
5 10.3297 -26.3922 -16.0625
5.02 11.0786 -27.1411 -16.0625
5.04 11.7299 -27.7924 -16.0625
5.06 12.3931 -28.4555 -16.0625
5.08 13.2241 -29.2866 -16.0625
5.1 14.211 -30.2735 -16.0625
5.12 14.2425 -30.305 -16.0625
5.14 14.0316 -30.0941 -16.0624
5.16 14.0117 -30.0742 -16.0625
5.18 11.4442 -27.5066 -16.0625
5.2 9.89155 -25.954 -16.0625
5.22 10.4186 -26.481 -16.0625
5.24 11.829 -27.8915 -16.0625
5.26 12.9997 -29.0622 -16.0625
5.28 12.587 -28.6495 -16.0625
5.3 11.5615 -27.624 -16.0625
5.32 11.0011 -27.0636 -16.0625
5.34 11.6979 -27.7604 -16.0625
5.36 13.5842 -29.6467 -16.0625
5.38 14.8718 -30.9343 -16.0625
5.4 15.2218 -31.2844 -16.0626
5.42 14.1239 -30.1864 -16.0625
5.44 12.4745 -28.537 -16.0625
5.46 10.0235 -26.086 -16.0625
5.48 7.86382 -23.9263 -16.0625
5.5 10.6173 -26.6798 -16.0625
5.52 10.7677 -26.8302 -16.0625
5.54 10.136 -26.1985 -16.0625
5.56 9.93315 -25.9956 -16.0625
5.58 7.14086 -23.2033 -16.0624
5.6 6.10725 -22.1697 -16.0624
5.62 8.0756 -24.138 -16.0624
5.64 9.40219 -25.4646 -16.0624
5.66 8.41744 -24.4798 -16.0624
5.68 7.8297 -23.892 -16.0624
5.7 9.8453 -25.9077 -16.0624
5.72 9.86847 -25.9309 -16.0624
5.74 8.88209 -24.9445 -16.0624
5.76 9.32991 -25.3923 -16.0624
5.78 8.82291 -24.8853 -16.0624
5.8 6.64438 -22.7068 -16.0624
5.82 7.83021 -23.8926 -16.0624
5.84 10.0185 -26.0808 -16.0624
5.86 10.4845 -26.5468 -16.0623
5.88 9.64465 -25.707 -16.0623
5.9 8.52406 -24.5864 -16.0623
5.92 9.36881 -25.4311 -16.0623
5.94 11.3324 -27.3947 -16.0623
5.96 12.4502 -28.5125 -16.0623
5.98 11.79 -27.8522 -16.0623
6 11.8635 -27.9258 -16.0623
6.02 14.0168 -30.0791 -16.0623
6.04 15.482 -31.5443 -16.0623
6.06 14.8688 -30.9311 -16.0623
6.08 14.4708 -30.5331 -16.0623
6.1 14.65 -30.7123 -16.0623
6.12 11.8204 -27.8827 -16.0623
6.14 9.58698 -25.6493 -16.0623
6.16 10.6322 -26.6946 -16.0623
6.18 10.6932 -26.7555 -16.0623
6.2 10.1436 -26.2059 -16.0623
6.22 10.7257 -26.7879 -16.0623
6.24 12.8541 -28.9164 -16.0623
6.26 13.1882 -29.2504 -16.0622
6.28 11.3725 -27.4347 -16.0621
6.3 11.0297 -27.0919 -16.0622
6.32 9.95752 -26.0197 -16.0622
6.34 7.29887 -23.361 -16.0622
6.36 8.35676 -24.4189 -16.0622
6.38 9.57146 -25.6336 -16.0622
6.4 9.84399 -25.9061 -16.0622
6.42 12.3494 -28.4115 -16.0621
6.44 14.9581 -31.0202 -16.0622
6.46 15.6818 -31.744 -16.0622
6.48 15.9333 -31.9955 -16.0622
6.5 13.0228 -29.0851 -16.0623
6.52 11.2798 -27.3421 -16.0623
6.54 14.0513 -30.1136 -16.0623
6.56 13.7813 -29.8436 -16.0623
6.58 9.27435 -25.3366 -16.0622
6.6 10.8608 -26.923 -16.0622
6.62 11.1897 -27.252 -16.0622
6.64 6.84338 -22.9056 -16.0622
6.66 7.7784 -23.8406 -16.0622
6.68 10.7701 -26.8324 -16.0623
6.7 10.3079 -26.3702 -16.0623
6.72 10.5516 -26.6138 -16.0623
6.74 11.8627 -27.925 -16.0623
6.76 11.7446 -27.8069 -16.0622
6.78 9.49136 -25.5537 -16.0623
6.8 7.61519 -23.6775 -16.0623
6.82 9.42522 -25.4876 -16.0623
6.84 13.0122 -29.0746 -16.0624
6.86 14.4132 -30.4755 -16.0624
6.88 14.5668 -30.6292 -16.0624
6.9 13.5334 -29.5958 -16.0624
6.92 9.47218 -25.5346 -16.0624
6.94 7.39168 -23.454 -16.0623
6.96 10.882 -26.9444 -16.0624
6.98 12.3819 -28.4443 -16.0624
7 12.3155 -28.3778 -16.0624
7.02 13.9507 -30.0131 -16.0624
7.04 14.8785 -30.9408 -16.0623
7.06 14.5057 -30.568 -16.0623
7.08 12.6962 -28.7586 -16.0624
7.1 10.3391 -26.4015 -16.0624
7.12 10.8849 -26.9473 -16.0624
7.14 12.7054 -28.7677 -16.0623
7.16 11.0042 -27.0665 -16.0623
7.18 8.20783 -24.2701 -16.0623
7.2 10.8312 -26.8936 -16.0624
7.22 13.0378 -29.1002 -16.0624
7.24 12.9771 -29.0395 -16.0623
7.26 12.4653 -28.5276 -16.0623
7.28 11.4877 -27.55 -16.0623
7.3 13.7845 -29.8468 -16.0623
7.32 13.8938 -29.9561 -16.0623
7.34 10.1894 -26.2517 -16.0623
7.36 8.5672 -24.6295 -16.0623
7.38 9.82619 -25.8885 -16.0623
7.4 11.3564 -27.4188 -16.0623
7.42 11.6536 -27.7159 -16.0623
7.44 12.5891 -28.6514 -16.0624
7.46 14.0436 -30.1059 -16.0624
7.48 13.9952 -30.0575 -16.0623
7.5 12.9274 -28.9896 -16.0623
7.52 11.1587 -27.2211 -16.0623
7.54 9.68698 -25.7493 -16.0623
7.56 10.8327 -26.895 -16.0623
7.58 13.1343 -29.1966 -16.0623
7.6 13.2656 -29.3279 -16.0623
7.62 10.9226 -26.9848 -16.0622
7.64 9.90059 -25.9628 -16.0622
7.66 11.9772 -28.0395 -16.0623
7.68 14.0904 -30.1527 -16.0623
7.7 13.0787 -29.141 -16.0623
7.72 11.0274 -27.0897 -16.0623
7.74 11.023 -27.0853 -16.0623
7.76 10.557 -26.6193 -16.0623
7.78 11.0221 -27.0843 -16.0623
7.8 12.5744 -28.6366 -16.0623
7.82 12.2912 -28.3535 -16.0623
7.84 10.8674 -26.9297 -16.0623
7.86 9.1259 -25.1882 -16.0623
7.88 8.02881 -24.0911 -16.0623
7.9 8.69796 -24.7602 -16.0623
7.92 11.1497 -27.2119 -16.0622
7.94 12.1326 -28.1948 -16.0622
7.96 11.6627 -27.7249 -16.0622
7.98 11.2058 -27.268 -16.0622
8 12.3531 -28.4153 -16.0622
8.02 13.6348 -29.6971 -16.0623
8.04 12.3205 -28.3827 -16.0623
8.06 9.83194 -25.8942 -16.0623
8.08 12.0091 -28.0714 -16.0623
8.1 12.821 -28.8832 -16.0623
8.12 13.2747 -29.337 -16.0623
8.14 15.0218 -31.0841 -16.0624
8.16 13.5827 -29.6451 -16.0624
8.18 12.9312 -28.9936 -16.0624
8.2 13.3013 -29.3637 -16.0624
8.22 11.5013 -27.5637 -16.0625
8.24 8.95873 -25.0212 -16.0625
8.26 7.68266 -23.7451 -16.0624
8.28 7.6904 -23.7528 -16.0624
8.3 9.96835 -26.0308 -16.0624
8.32 11.9657 -28.0282 -16.0624
8.34 12.1979 -28.2602 -16.0624
8.36 13.1205 -29.1828 -16.0624
8.38 12.018 -28.0804 -16.0624
8.4 7.98417 -24.0466 -16.0624
8.42 10.9289 -26.9913 -16.0624
8.44 15.0722 -31.1346 -16.0624
8.46 10.0522 -26.1146 -16.0624
8.48 8.67306 -24.7355 -16.0624
8.5 14.5297 -30.5921 -16.0624
8.52 13.7041 -29.7665 -16.0623
8.54 9.89404 -25.9563 -16.0623
8.56 11.6395 -27.7018 -16.0623
8.58 11.7822 -27.8445 -16.0623
8.6 9.78475 -25.847 -16.0623
8.62 9.38887 -25.4512 -16.0623
8.64 10.8553 -26.9176 -16.0623
8.66 14.0927 -30.155 -16.0623
8.68 14.5433 -30.6056 -16.0623
8.7 10.1213 -26.1836 -16.0623
8.72 10.0559 -26.1182 -16.0623
8.74 10.2641 -26.3264 -16.0623
8.76 9.16506 -25.2274 -16.0623
8.78 13.3564 -29.4188 -16.0624
8.8 12.994 -29.0563 -16.0624
8.82 9.99125 -26.0536 -16.0623
8.84 12.3868 -28.4492 -16.0623
8.86 12.1538 -28.2161 -16.0623
8.88 11.4294 -27.4917 -16.0623
8.9 10.787 -26.8493 -16.0623
8.92 10.8424 -26.9046 -16.0623
8.94 12.6248 -28.6871 -16.0623
8.96 11.6646 -27.7269 -16.0623
8.98 9.65531 -25.7176 -16.0623
9 8.68383 -24.746 -16.0622
9.02 11.0857 -27.1478 -16.0622
9.04 11.5994 -27.6616 -16.0622
9.06 11.6745 -27.7367 -16.0622
9.08 13.2234 -29.2855 -16.0621
9.1 11.941 -28.0031 -16.0621
9.12 12.2603 -28.3225 -16.0621
9.14 12.484 -28.5462 -16.0622
9.16 10.7121 -26.7742 -16.0621
9.18 10.7446 -26.8067 -16.0621
9.2 10.7323 -26.7944 -16.0622
9.22 11.2372 -27.2994 -16.0622
9.24 12.5608 -28.623 -16.0622
9.26 12.5949 -28.6571 -16.0622
9.28 11.0478 -27.11 -16.0622
9.3 9.91695 -25.9791 -16.0622
9.32 10.1029 -26.165 -16.0622
9.34 9.65959 -25.7217 -16.0622
9.36 9.99689 -26.059 -16.0621
9.38 11.9571 -28.0193 -16.0622
9.4 10.7229 -26.7851 -16.0621
9.42 7.51248 -23.5746 -16.0621
9.44 9.40725 -25.4693 -16.0621
9.46 10.8996 -26.9617 -16.0621
9.48 10.482 -26.544 -16.0621
9.5 11.9339 -27.996 -16.0621
9.52 13.4502 -29.5123 -16.0622
9.54 14.262 -30.3242 -16.0622
9.56 14.2484 -30.3106 -16.0622
9.58 13.4536 -29.5158 -16.0622
9.6 13.1588 -29.2211 -16.0622
9.62 11.2167 -27.279 -16.0623
9.64 10.2825 -26.3448 -16.0623
9.66 12.6995 -28.7618 -16.0623
9.68 12.23 -28.2923 -16.0623
9.7 9.91854 -25.9808 -16.0623
9.72 10.5366 -26.5989 -16.0623
9.74 11.9933 -28.0556 -16.0623
9.76 12.4504 -28.5126 -16.0622
9.78 12.1209 -28.1831 -16.0623
9.8 10.9644 -27.0267 -16.0623
9.82 10.7396 -26.8018 -16.0623
9.84 11.3245 -27.3868 -16.0623
9.86 11.1077 -27.17 -16.0623
9.88 11.1983 -27.2606 -16.0623
9.9 11.4498 -27.5122 -16.0623
9.92 10.5839 -26.6463 -16.0624
9.94 12.971 -29.0334 -16.0624
9.96 14.1787 -30.2411 -16.0624
9.98 10.7324 -26.7947 -16.0623
10 9.64442 -25.7067 -16.0623
10.02 10.3944 -26.4567 -16.0623
10.04 9.7415 -25.8038 -16.0623
10.06 10.3902 -26.4525 -16.0623
10.08 12.0085 -28.0709 -16.0623
10.1 13.18 -29.2424 -16.0624
10.12 11.0331 -27.0955 -16.0624
10.14 7.66679 -23.7292 -16.0624
10.16 7.72411 -23.7865 -16.0624
10.18 10.5873 -26.6497 -16.0624
10.2 12.2993 -28.3617 -16.0624
10.22 13.0695 -29.1319 -16.0623
10.24 13.3607 -29.423 -16.0623
10.26 11.5769 -27.6392 -16.0623
10.28 11.7819 -27.8442 -16.0624
10.3 9.1634 -25.2258 -16.0624
10.32 8.6009 -24.6632 -16.0623
10.34 12.6545 -28.7169 -16.0624
10.36 15.0361 -31.0985 -16.0623
10.38 13.0034 -29.0657 -16.0624
10.4 8.78004 -24.8424 -16.0624
10.42 7.99876 -24.0611 -16.0624
10.44 11.3359 -27.3983 -16.0624
10.46 13.0789 -29.1412 -16.0624
10.48 13.3402 -29.4025 -16.0623
10.5 14.2515 -30.3138 -16.0623
10.52 13.4795 -29.5418 -16.0623
10.54 11.8091 -27.8714 -16.0623
10.56 11.3847 -27.447 -16.0623
10.58 12.2568 -28.3191 -16.0623
10.6 10.497 -26.5593 -16.0623
10.62 10.3853 -26.4475 -16.0623
10.64 11.0424 -27.1047 -16.0623
10.66 10.4293 -26.4916 -16.0623
10.68 11.7015 -27.7638 -16.0623
10.7 13.8219 -29.8841 -16.0623
10.72 13.0807 -29.143 -16.0623
10.74 11.809 -27.8713 -16.0623
10.76 10.4487 -26.511 -16.0623
10.78 11.1272 -27.1895 -16.0623
10.8 11.2774 -27.3396 -16.0623
10.82 9.79665 -25.8589 -16.0623
10.84 9.34647 -25.4087 -16.0623
10.86 9.87971 -25.942 -16.0623
10.88 10.249 -26.3112 -16.0623
10.9 11.3879 -27.4501 -16.0623
10.92 11.2498 -27.312 -16.0622
10.94 10.6877 -26.75 -16.0622
10.96 10.6303 -26.6925 -16.0622
10.98 12.3929 -28.4552 -16.0623
11 11.2379 -27.3002 -16.0623
11.02 9.09667 -25.1589 -16.0623
11.04 10.598 -26.6604 -16.0624
11.06 10.5396 -26.6019 -16.0624
11.08 9.62644 -25.6888 -16.0624
11.1 10.6325 -26.6949 -16.0624
11.12 11.3323 -27.3946 -16.0624
11.14 10.4316 -26.494 -16.0624
11.16 11.7334 -27.7958 -16.0624
11.18 12.3897 -28.4521 -16.0624
11.2 11.0159 -27.0782 -16.0624
11.22 11.9082 -27.9706 -16.0624
11.24 11.4039 -27.4664 -16.0624
11.26 10.4473 -26.5097 -16.0624
11.28 11.328 -27.3904 -16.0624
11.3 11.8494 -27.9119 -16.0625
11.32 12.0403 -28.1028 -16.0625
11.34 11.6933 -27.7558 -16.0625
11.36 10.8962 -26.9587 -16.0625
11.38 10.5985 -26.661 -16.0625
11.4 11.8105 -27.873 -16.0625
11.42 12.6228 -28.6852 -16.0625
11.44 12.0306 -28.0931 -16.0625
11.46 11.1771 -27.2396 -16.0625
11.48 9.99625 -26.0587 -16.0625
11.5 11.3653 -27.4277 -16.0625
11.52 15.1952 -31.2577 -16.0625
11.54 15.1277 -31.1902 -16.0626
11.56 12.7406 -28.8031 -16.0625
11.58 10.6463 -26.709 -16.0626
11.6 8.52771 -24.5903 -16.0626
11.62 8.96543 -25.028 -16.0626
11.64 9.46618 -25.5287 -16.0625
11.66 8.64247 -24.705 -16.0625
11.68 8.77695 -24.8394 -16.0625
11.7 10.4036 -26.4661 -16.0625
11.72 12.2685 -28.3309 -16.0624
11.74 14.1883 -30.2508 -16.0624
11.76 13.7548 -29.8172 -16.0624
11.78 10.795 -26.8575 -16.0624
11.8 11.6905 -27.753 -16.0624
11.82 14.2973 -30.3597 -16.0624
11.84 14.754 -30.8164 -16.0624
11.86 12.0128 -28.0752 -16.0624
11.88 6.73005 -22.7924 -16.0624
11.9 4.70095 -20.7633 -16.0624
11.92 7.01147 -23.0739 -16.0624
11.94 10.0436 -26.106 -16.0624
11.96 10.8836 -26.946 -16.0624
11.98 11.5302 -27.5926 -16.0623
12 12.6702 -28.7325 -16.0623
12.02 12.324 -28.3864 -16.0623
12.04 10.8036 -26.8659 -16.0623
12.06 10.0107 -26.0729 -16.0623
12.08 11.5949 -27.6572 -16.0623
12.1 12.9408 -29.003 -16.0622
12.12 11.6113 -27.6736 -16.0623
12.14 10.3962 -26.4584 -16.0623
12.16 11.8752 -27.9375 -16.0623
12.18 13.7473 -29.8096 -16.0623
12.2 13.2398 -29.302 -16.0622
12.22 12.3155 -28.3778 -16.0622
12.24 12.0321 -28.0944 -16.0622
12.26 10.3083 -26.3705 -16.0623
12.28 9.3516 -25.4139 -16.0623
12.3 10.2407 -26.303 -16.0623
12.32 10.8456 -26.9078 -16.0623
12.34 12.5085 -28.5708 -16.0623
12.36 14.7708 -30.8331 -16.0623
12.38 14.1571 -30.2195 -16.0623
12.4 11.3278 -27.3902 -16.0623
12.42 10.7666 -26.8289 -16.0623
12.44 12.7856 -28.8479 -16.0623
12.46 13.7832 -29.8455 -16.0623
12.48 12.7173 -28.7796 -16.0623
12.5 11.8212 -27.8835 -16.0623
12.52 10.7325 -26.7948 -16.0623
12.54 8.29546 -24.3578 -16.0623
12.56 8.5029 -24.5652 -16.0623
12.58 11.6844 -27.7467 -16.0623
12.6 12.5689 -28.6312 -16.0623
12.62 11.2881 -27.3504 -16.0623
12.64 12.2625 -28.3247 -16.0623
12.66 12.9377 -29 -16.0623
12.68 10.8523 -26.9146 -16.0623
12.7 10.7257 -26.7879 -16.0623
12.72 12.2591 -28.3214 -16.0623
12.74 10.8304 -26.8927 -16.0623
12.76 8.15216 -24.2144 -16.0623
12.78 7.42425 -23.4865 -16.0623
12.8 8.23857 -24.3008 -16.0622
12.82 10.8143 -26.8765 -16.0622
12.84 11.9673 -28.0296 -16.0622
12.86 10.9241 -26.9863 -16.0622
12.88 9.58139 -25.6436 -16.0622
12.9 10.4107 -26.4728 -16.0622
12.92 13.6437 -29.706 -16.0622
12.94 15.5523 -31.6146 -16.0622
12.96 12.9486 -29.0109 -16.0623
12.98 10.0238 -26.0861 -16.0623
13 11.5655 -27.6278 -16.0623
13.02 13.3524 -29.4147 -16.0624
13.04 12.2961 -28.3584 -16.0624
13.06 11.7291 -27.7915 -16.0624
13.08 12.1174 -28.1798 -16.0624
13.1 9.89255 -25.9549 -16.0624
13.12 9.21299 -25.2754 -16.0624
13.14 13.3591 -29.4214 -16.0624
13.16 15.8075 -31.8699 -16.0624
13.18 12.8285 -28.8908 -16.0623
13.2 11.3124 -27.3747 -16.0623
13.22 11.2607 -27.323 -16.0624
13.24 11.6706 -27.733 -16.0624
13.26 10.7854 -26.8478 -16.0623
13.28 8.05617 -24.1185 -16.0623
13.3 8.7902 -24.8525 -16.0623
13.32 10.9122 -26.9745 -16.0623
13.34 12.5101 -28.5725 -16.0624
13.36 11.4186 -27.4809 -16.0624
13.38 9.12501 -25.1874 -16.0623
13.4 11.5507 -27.6131 -16.0624
13.42 14.6458 -30.7082 -16.0624
13.44 10.8406 -26.903 -16.0624
13.46 9.49761 -25.5601 -16.0624
13.48 12.7272 -28.7896 -16.0625
13.5 12.7744 -28.8368 -16.0624
13.52 11.0232 -27.0857 -16.0624
13.54 10.8467 -26.9092 -16.0625
13.56 12.2193 -28.2817 -16.0625
13.58 11.2736 -27.3361 -16.0625
13.6 8.82822 -24.8907 -16.0625
13.62 10.7423 -26.8048 -16.0625
13.64 13.9197 -29.9823 -16.0625
13.66 13.4864 -29.5489 -16.0625
13.68 10.687 -26.7495 -16.0625
13.7 10.1174 -26.1798 -16.0625
13.72 11.481 -27.5435 -16.0625
13.74 11.901 -27.9635 -16.0625
13.76 12.9058 -28.9684 -16.0625
13.78 11.9213 -27.9839 -16.0625
13.8 10.5639 -26.6265 -16.0626
13.82 11.6562 -27.7188 -16.0625
13.84 11.9589 -28.0214 -16.0625
13.86 10.7787 -26.8412 -16.0625
13.88 7.82982 -23.8924 -16.0625
13.9 8.46114 -24.5237 -16.0626
13.92 12.3648 -28.4274 -16.0626
13.94 13.6867 -29.7493 -16.0626
13.96 14.1691 -30.2317 -16.0626
13.98 12.6096 -28.6722 -16.0626
14 9.95614 -26.0187 -16.0626
14.02 11.713 -27.7756 -16.0626
14.04 12.8407 -28.9034 -16.0626
14.06 9.64123 -25.7038 -16.0626
14.08 8.41833 -24.4809 -16.0626
14.1 10.4998 -26.5623 -16.0626
14.12 11.7672 -27.8298 -16.0626
14.14 11.2693 -27.3318 -16.0625
14.16 9.421 -25.4835 -16.0625
14.18 9.56999 -25.6325 -16.0625
14.2 13.3756 -29.4381 -16.0625
14.22 15.4324 -31.4949 -16.0625
14.24 13.6568 -29.7192 -16.0624
14.26 12.5307 -28.5931 -16.0624
14.28 12.1477 -28.2102 -16.0624
14.3 11.4128 -27.4751 -16.0624
14.32 10.8685 -26.9309 -16.0624
14.34 8.21249 -24.2749 -16.0624
14.36 9.52749 -25.5899 -16.0624
14.38 11.9912 -28.0536 -16.0624
14.4 11.5796 -27.642 -16.0624
14.42 13.3683 -29.4306 -16.0624
14.44 14.0603 -30.1227 -16.0623
14.46 11.4232 -27.4855 -16.0624
14.48 10.4586 -26.521 -16.0623
14.5 11.9894 -28.0517 -16.0623
14.52 11.078 -27.1403 -16.0623
14.54 10.2588 -26.3211 -16.0623
14.56 11.593 -27.6553 -16.0623
14.58 11.5247 -27.587 -16.0623
14.6 10.0776 -26.1398 -16.0622
14.62 11.2944 -27.3567 -16.0623
14.64 13.2019 -29.2643 -16.0623
14.66 12.9808 -29.0432 -16.0623
14.68 13.1526 -29.215 -16.0624
14.7 12.1024 -28.1647 -16.0623
14.72 12.8252 -28.8876 -16.0623
14.74 12.2491 -28.3113 -16.0623
14.76 10.0343 -26.0966 -16.0623
14.78 11.4488 -27.5111 -16.0623
14.8 11.2223 -27.2846 -16.0623
14.82 8.77438 -24.8367 -16.0623
14.84 8.95908 -25.0214 -16.0623
14.86 11.6472 -27.7095 -16.0623
14.88 10.2915 -26.3538 -16.0623
14.9 10.0337 -26.096 -16.0623
14.92 13.7679 -29.8302 -16.0623
14.94 12.6743 -28.7365 -16.0622
14.96 11.4759 -27.5381 -16.0623
14.98 13.2915 -29.3538 -16.0623
15 12.9662 -29.0285 -16.0623
15.02 11.1226 -27.1848 -16.0623
15.04 9.90373 -25.966 -16.0623
15.06 11.8908 -27.953 -16.0623
15.08 11.5344 -27.5966 -16.0622
15.1 12.2484 -28.3106 -16.0622
15.12 14.1185 -30.1807 -16.0622
15.14 12.9437 -29.0059 -16.0622
15.16 12.2643 -28.3265 -16.0622
15.18 10.2553 -26.3175 -16.0622
15.2 9.88301 -25.9452 -16.0622
15.22 11.4913 -27.5535 -16.0622
15.24 11.3614 -27.4236 -16.0622
15.26 11.04 -27.1022 -16.0622
15.28 13.3289 -29.3911 -16.0622
15.3 13.5999 -29.6621 -16.0622
15.32 12.6049 -28.6671 -16.0622
15.34 8.53004 -24.5922 -16.0622
15.36 6.61999 -22.6821 -16.0622
15.38 13.3232 -29.3854 -16.0622
15.4 15.3201 -31.3822 -16.0622
15.42 15.1334 -31.1956 -16.0622
15.44 13.5565 -29.6187 -16.0622
15.46 10.5373 -26.5995 -16.0622
15.48 11.4372 -27.4994 -16.0622
15.5 10.7101 -26.7724 -16.0623
15.52 9.84328 -25.9055 -16.0623
15.54 13.0628 -29.1251 -16.0623
15.56 14.6074 -30.6697 -16.0623
15.58 12.8457 -28.908 -16.0623
15.6 11.3375 -27.3998 -16.0623
15.62 12.6516 -28.7139 -16.0623
15.64 14.2393 -30.3015 -16.0622
15.66 13.025 -29.0872 -16.0622
15.68 10.6877 -26.7499 -16.0622
15.7 10.4592 -26.5214 -16.0622
15.72 9.13976 -25.2019 -16.0622
15.74 7.35566 -23.4178 -16.0621
15.76 9.71687 -25.779 -16.0622
15.78 12.1219 -28.1841 -16.0622
15.8 12.3844 -28.4465 -16.0622
15.82 14.9332 -30.9953 -16.0621
15.84 17.2699 -33.3319 -16.062
15.86 15.3019 -31.3639 -16.062
15.88 13.348 -29.41 -16.062
15.9 12.2393 -28.3014 -16.0621
15.92 10.9342 -26.9962 -16.062
15.94 9.51535 -25.5774 -16.062
15.96 8.81449 -24.8766 -16.0621
15.98 8.92447 -24.9865 -16.0621
16 9.56956 -25.6317 -16.0621
16.02 11.865 -27.9271 -16.0621
16.04 12.9314 -28.9935 -16.0621
16.06 13.1033 -29.1653 -16.0621
16.08 12.0237 -28.0858 -16.0621
16.1 9.35195 -25.4141 -16.0621
16.12 8.64793 -24.71 -16.0621
16.14 10.6327 -26.6949 -16.0622
16.16 13.1271 -29.1892 -16.0621
16.18 13.1999 -29.262 -16.0621
16.2 11.9216 -27.9838 -16.0622
16.22 13.5948 -29.657 -16.0622
16.24 14.6788 -30.7411 -16.0623
16.26 10.5077 -26.5699 -16.0622
16.28 7.28668 -23.3489 -16.0622
16.3 10.1777 -26.2399 -16.0622
16.32 13.4585 -29.5207 -16.0622
16.34 12.7528 -28.8151 -16.0622
16.36 11.1992 -27.2615 -16.0622
16.38 11.0594 -27.1217 -16.0622
16.4 10.8947 -26.9569 -16.0622
16.42 12.4965 -28.5588 -16.0623
16.44 13.8579 -29.9202 -16.0623
16.46 13.3846 -29.447 -16.0624
16.48 12.5337 -28.5961 -16.0624
16.5 12.9174 -28.9799 -16.0625
16.52 14.24 -30.3025 -16.0625
16.54 11.9305 -27.993 -16.0624
16.56 11.0359 -27.0983 -16.0624
16.58 12.7317 -28.7941 -16.0624
16.6 14.4304 -30.4928 -16.0624
16.62 12.4852 -28.5477 -16.0624
16.64 8.48998 -24.5524 -16.0624
16.66 8.39568 -24.4581 -16.0624
16.68 9.36358 -25.426 -16.0625
16.7 7.40319 -23.4657 -16.0625
16.72 6.96948 -23.032 -16.0625
16.74 11.143 -27.2055 -16.0624
16.76 14.7 -30.7624 -16.0624
16.78 15.3853 -31.4477 -16.0625
16.8 12.4055 -28.468 -16.0625
16.82 8.88251 -24.945 -16.0625
16.84 10.8888 -26.9513 -16.0625
16.86 13.1207 -29.1831 -16.0625
16.88 11.613 -27.6754 -16.0625
16.9 8.54007 -24.6026 -16.0625
16.92 8.96614 -25.0286 -16.0625
16.94 13.1504 -29.2129 -16.0625
16.96 17.0038 -33.0664 -16.0625
16.98 16.6693 -32.7319 -16.0626
17 12.5466 -28.6092 -16.0626
17.02 9.18293 -25.2455 -16.0626
17.04 10.3145 -26.3772 -16.0626
17.06 13.0002 -29.0628 -16.0626
17.08 13.5396 -29.6022 -16.0626
17.1 10.3036 -26.3661 -16.0625
17.12 8.02161 -24.0841 -16.0625
17.14 11.0816 -27.1441 -16.0625
17.16 12.6704 -28.7329 -16.0625
17.18 12.026 -28.0886 -16.0626
17.2 10.1357 -26.1982 -16.0626
17.22 9.86081 -25.9233 -16.0625
17.24 11.3889 -27.4514 -16.0625
17.26 12.8792 -28.9417 -16.0625
17.28 11.9411 -28.0037 -16.0626
17.3 8.45014 -24.5127 -16.0625
17.32 9.84828 -25.9108 -16.0625
17.34 12.6741 -28.7366 -16.0625
17.36 10.7465 -26.809 -16.0625
17.38 9.26294 -25.3254 -16.0625
17.4 10.3601 -26.4226 -16.0625
17.42 10.7581 -26.8207 -16.0625
17.44 12.3092 -28.3717 -16.0625
17.46 13.0601 -29.1226 -16.0625
17.48 10.187 -26.2494 -16.0624
17.5 8.2802 -24.3427 -16.0625
17.52 11.5087 -27.5712 -16.0625
17.54 11.5189 -27.5814 -16.0625
17.56 11.5892 -27.6517 -16.0625
17.58 14.8883 -30.9509 -16.0625
17.6 13.0228 -29.0853 -16.0625
17.62 7.82989 -23.8924 -16.0625
17.64 11.3695 -27.432 -16.0625
17.66 14.6306 -30.693 -16.0625
17.68 12.0646 -28.127 -16.0625
17.7 9.80738 -25.8698 -16.0624
17.72 11.1778 -27.2402 -16.0624
17.74 12.4955 -28.558 -16.0625
17.76 12.9983 -29.0608 -16.0625
17.78 11.9745 -28.037 -16.0625
17.8 11.4635 -27.526 -16.0625
17.82 11.397 -27.4595 -16.0626
17.84 10.0273 -26.0898 -16.0626
17.86 10.7266 -26.7891 -16.0625
17.88 12.5253 -28.5878 -16.0625
17.9 10.783 -26.8455 -16.0626
17.92 8.76889 -24.8314 -16.0626
17.94 10.5887 -26.6513 -16.0626
17.96 12.468 -28.5306 -16.0626
17.98 10.8788 -26.9414 -16.0626
18 9.98009 -26.0426 -16.0625
18.02 11.195 -27.2575 -16.0625
18.04 12.8914 -28.954 -16.0626
18.06 13.925 -29.9876 -16.0626
18.08 13.5963 -29.6589 -16.0625
18.1 12.2176 -28.2801 -16.0625
18.12 10.6698 -26.7323 -16.0625
18.14 10.3126 -26.3752 -16.0625
18.16 11.9831 -28.0456 -16.0625
18.18 14.159 -30.2216 -16.0626
18.2 13.3594 -29.422 -16.0625
18.22 10.6527 -26.7152 -16.0625
18.24 10.7861 -26.8486 -16.0625
18.26 12.0636 -28.1261 -16.0625
18.28 11.5336 -27.596 -16.0625
18.3 9.11934 -25.1818 -16.0624
18.32 8.2509 -24.3133 -16.0624
18.34 8.54794 -24.6104 -16.0624
18.36 10.2387 -26.3011 -16.0624
18.38 13.9087 -29.9711 -16.0624
18.4 14.7501 -30.8125 -16.0624
18.42 12.5246 -28.5869 -16.0624
18.44 10.3934 -26.4557 -16.0623
18.46 10.1267 -26.1891 -16.0624
18.48 8.64674 -24.7092 -16.0624
18.5 11.11 -27.1725 -16.0624
18.52 11.8501 -27.9125 -16.0624
18.54 12.0761 -28.1385 -16.0624
18.56 11.9721 -28.0346 -16.0625
18.58 12.9834 -29.0459 -16.0625
18.6 10.9147 -26.9772 -16.0625
18.62 11.8284 -27.8909 -16.0625
18.64 13.1938 -29.2563 -16.0625
18.66 10.8622 -26.9247 -16.0625
18.68 9.71932 -25.7818 -16.0625
18.7 13.2432 -29.3058 -16.0625
18.72 12.6851 -28.7476 -16.0625
18.74 11.8202 -27.8826 -16.0624
18.76 11.8291 -27.8915 -16.0625
18.78 11.8804 -27.9429 -16.0625
18.8 10.9722 -27.0347 -16.0625
18.82 11.9458 -28.0082 -16.0625
18.84 13.676 -29.7384 -16.0624
18.86 13.5699 -29.6324 -16.0625
18.88 9.9885 -26.051 -16.0625
18.9 8.24181 -24.3043 -16.0625
18.92 10.2464 -26.3089 -16.0625
18.94 10.3243 -26.3869 -16.0625
18.96 9.18852 -25.2511 -16.0625
18.98 7.95367 -24.0162 -16.0625
19 10.934 -26.9966 -16.0626
19.02 12.2871 -28.3497 -16.0626
19.04 12.1192 -28.1818 -16.0626
19.06 10.7726 -26.8353 -16.0626
19.08 7.83923 -23.9018 -16.0626
19.1 8.4925 -24.5551 -16.0626
19.12 13.5213 -29.584 -16.0626
19.14 15.7748 -31.8373 -16.0625
19.16 13.7418 -29.8044 -16.0625
19.18 11.9729 -28.0355 -16.0625
19.2 12.9008 -28.9633 -16.0625
19.22 12.8166 -28.8791 -16.0625
19.24 11.5115 -27.5739 -16.0625
19.26 11.564 -27.6265 -16.0626
19.28 10.8844 -26.9469 -16.0626
19.3 9.12624 -25.1888 -16.0626
19.32 9.52745 -25.59 -16.0626
19.34 12.739 -28.8016 -16.0626
19.36 14.211 -30.2736 -16.0626
19.38 9.9909 -26.0535 -16.0626
19.4 7.80028 -23.8628 -16.0626
19.42 10.4189 -26.4815 -16.0625
19.44 12.3636 -28.4262 -16.0626
19.46 12.3628 -28.4253 -16.0625
19.48 11.1647 -27.2272 -16.0625
19.5 10.7112 -26.7737 -16.0625
19.52 11.2197 -27.2822 -16.0625
19.54 12.5506 -28.613 -16.0625
19.56 13.191 -29.2535 -16.0625
19.58 11.2281 -27.2907 -16.0625
19.6 7.62813 -23.6907 -16.0625
19.62 11.5053 -27.5678 -16.0625
19.64 13.6093 -29.6718 -16.0625
19.66 12.1194 -28.182 -16.0626
19.68 9.69242 -25.7549 -16.0625
19.7 9.81456 -25.8771 -16.0625
19.72 9.58898 -25.6515 -16.0625
19.74 9.0356 -25.0981 -16.0625
19.76 10.7598 -26.8223 -16.0625
19.78 12.1688 -28.2313 -16.0626
19.8 10.5294 -26.5919 -16.0626
19.82 8.13491 -24.1974 -16.0625
19.84 10.3483 -26.4109 -16.0626
19.86 12.7646 -28.8271 -16.0626
19.88 12.9335 -28.9961 -16.0625
19.9 11.376 -27.4385 -16.0625
19.92 10.3119 -26.3745 -16.0626
19.94 12.688 -28.7506 -16.0626
19.96 15.2167 -31.2792 -16.0626
19.98 12.2419 -28.3045 -16.0625
20 12.7244 -28.787 -16.0626
20.02 26.8306 -26.9876 -0.156945
20.04 18.956 -19.1129 -0.156881
20.06 17.8103 -17.9671 -0.156838
20.08 19.0089 -19.1657 -0.156829
20.1 21.4627 -21.6195 -0.156839
20.12 21.8451 -22.0019 -0.156837
20.14 20.309 -20.4658 -0.156769
20.16 21.3277 -21.4845 -0.156791
20.18 19.5928 -19.7495 -0.15677
20.2 16.0665 -16.2233 -0.156787
20.22 13.6034 -13.7601 -0.156779
20.24 18.1467 -18.3035 -0.156811
20.26 23.6053 -23.7621 -0.156808
20.28 23.3645 -23.5214 -0.156864
20.3 21.2746 -21.4315 -0.15689
20.32 18.7227 -18.8796 -0.156884
20.34 14.5216 -14.6785 -0.156873
20.36 18.1671 -18.324 -0.156922
20.38 22.6863 -22.8431 -0.156867
20.4 19.6836 -19.8405 -0.156879
20.42 22.1983 -22.3552 -0.156936
20.44 19.6068 -19.7637 -0.156919
20.46 10.6882 -10.845 -0.156883
20.48 16.9505 -17.1074 -0.156884
20.5 25.1529 -25.3099 -0.156924
20.52 21.3623 -21.5192 -0.156908
20.54 16.3575 -16.5144 -0.156887
20.56 20.8895 -21.0464 -0.156891
20.58 22.2147 -22.3716 -0.156883
20.6 18.6768 -18.8336 -0.156836
20.62 22.0476 -22.2044 -0.15681
20.64 24.6337 -24.7905 -0.156838
20.66 24.8837 -25.0406 -0.15691
20.68 20.2569 -20.4139 -0.156927
20.7 19.4279 -19.5849 -0.156981
20.72 22.4279 -22.585 -0.157054
20.74 19.0048 -19.1618 -0.157011
20.76 17.9802 -18.1372 -0.157003
20.78 22.9966 -23.1537 -0.157063
20.8 25.1323 -25.2894 -0.157081
20.82 23.8639 -24.021 -0.157091
20.84 20.5603 -20.7174 -0.157096
20.86 19.5296 -19.6867 -0.15711
20.88 14.6508 -14.8079 -0.157102
20.9 12.3214 -12.4785 -0.157126
20.92 15.6744 -15.8316 -0.157154
20.94 17.1901 -17.3472 -0.157117
20.96 20.5264 -20.6835 -0.157126
20.98 21.9348 -22.0919 -0.157099
21 20.4757 -20.6328 -0.157097
21.02 17.41 -17.5671 -0.15709
21.04 19.2308 -19.388 -0.157131
21.06 23.4943 -23.6514 -0.157096
21.08 24.335 -24.4921 -0.157084
21.1 24.7029 -24.86 -0.157096
21.12 19.5443 -19.7014 -0.157112
21.14 12.5053 -12.6624 -0.157068
21.16 19.832 -19.9891 -0.157116
21.18 23.0945 -23.2516 -0.157109
21.2 19.5994 -19.7565 -0.157084
21.22 21.4454 -21.6025 -0.157082
21.24 26.4207 -26.5777 -0.157087
21.26 26.0819 -26.2391 -0.157143
21.28 17.4929 -17.6501 -0.157153
21.3 17.1327 -17.2899 -0.157184
21.32 21.7193 -21.8765 -0.157191
21.34 26.3171 -26.4743 -0.157221
21.36 27.0825 -27.2397 -0.157151
21.38 21.0113 -21.1684 -0.157101
21.4 14.8687 -15.0257 -0.157037
21.42 18.7777 -18.9348 -0.157043
21.44 23.6341 -23.7912 -0.157074
21.46 21.2624 -21.4195 -0.157118
21.48 20.3235 -20.4806 -0.157137
21.5 22.6644 -22.8214 -0.157088
21.52 23.415 -23.5721 -0.157127
21.54 22.3885 -22.5456 -0.157084
21.56 18.8059 -18.963 -0.157114
21.58 14.0184 -14.1755 -0.157084
21.6 17.3943 -17.5514 -0.157099
21.62 19.4731 -19.6303 -0.157113
21.64 22.5038 -22.6609 -0.157095
21.66 25.7403 -25.8974 -0.157074
21.68 26.1676 -26.3246 -0.156943
21.7 20.6505 -20.8074 -0.156918
21.72 22.5589 -22.7159 -0.157016
21.74 20.707 -20.8639 -0.156886
21.76 18.075 -18.2319 -0.156899
21.78 20.8532 -21.0101 -0.156913
21.8 20.239 -20.3959 -0.156905
21.82 19.6012 -19.7582 -0.156981
21.84 14.683 -14.8399 -0.156954
21.86 15.3151 -15.4721 -0.156955
21.88 18.932 -19.0889 -0.156948
21.9 18.7183 -18.8753 -0.15703
21.92 17.168 -17.325 -0.157018
21.94 13.2773 -13.4343 -0.157009
21.96 14.1673 -14.3243 -0.156996
21.98 18.6858 -18.8429 -0.157066
22 20.3111 -20.4681 -0.157035
22.02 17.3627 -17.5196 -0.156939
22.04 15.9856 -16.1426 -0.156967
22.06 15.2855 -15.4424 -0.156933
22.08 19.6574 -19.8143 -0.156916
22.1 27.0328 -27.1897 -0.156912
22.12 23.6293 -23.7862 -0.156911
22.14 15.7023 -15.8591 -0.156851
22.16 20.7683 -20.9252 -0.156885
22.18 24.4198 -24.5767 -0.156873
22.2 19.4357 -19.5925 -0.156804
22.22 21.4856 -21.6424 -0.156815
22.24 25.9477 -26.1046 -0.156846
22.26 22.6261 -22.783 -0.15683
22.28 19.0142 -19.1711 -0.156857
22.3 21.2284 -21.3853 -0.156871
22.32 19.8677 -20.0246 -0.156888
22.34 18.5111 -18.668 -0.156959
22.36 19.7307 -19.8877 -0.156948
22.38 17.0709 -17.2279 -0.156971
22.4 17.0599 -17.2169 -0.157017
22.42 18.5585 -18.7155 -0.156987
22.44 18.7971 -18.9541 -0.156948
22.46 19.0849 -19.2419 -0.156983
22.48 17.1183 -17.2753 -0.156949
22.5 18.3081 -18.4651 -0.156982
22.52 19.367 -19.5239 -0.156933
22.54 16.1115 -16.2684 -0.156931
22.56 17.1748 -17.3318 -0.156948
22.58 20.6485 -20.8055 -0.156928
22.6 20.1004 -20.2573 -0.156903
22.62 18.012 -18.1689 -0.156892
22.64 18.9371 -19.0941 -0.15692
22.66 21.4372 -21.5941 -0.156872
22.68 21.1817 -21.3386 -0.156866
22.7 16.6834 -16.8402 -0.156833
22.72 22.9457 -23.1026 -0.156914
22.74 24.9722 -25.1291 -0.156946
22.76 23.0871 -23.2441 -0.156998
22.78 18.273 -18.4299 -0.156919
22.8 21.1361 -21.2931 -0.156995
22.82 19.2881 -19.445 -0.156996
22.84 19.7834 -19.9404 -0.156995
22.86 19.047 -19.204 -0.157001
22.88 18.3218 -18.4787 -0.156928
22.9 21.1403 -21.2973 -0.156982
22.92 21.177 -21.3339 -0.156972
22.94 21.9237 -22.0807 -0.157021
22.96 18.5098 -18.6668 -0.157014
22.98 18.3556 -18.5126 -0.157031
23 21.1311 -21.2882 -0.15709
23.02 22.1285 -22.2856 -0.157073
23.04 22.7641 -22.9212 -0.157078
23.06 20.6998 -20.8569 -0.157076
23.08 19.4752 -19.6322 -0.157029
23.1 23.9367 -24.0938 -0.157089
23.12 20.9372 -21.0943 -0.157093
23.14 15.9668 -16.1239 -0.157027
23.16 19.1235 -19.2806 -0.157069
23.18 19.7825 -19.9396 -0.157085
23.2 17.7807 -17.9378 -0.157052
23.22 18.0586 -18.2157 -0.157054
23.24 22.1373 -22.2944 -0.15705
23.26 22.7827 -22.9398 -0.157088
23.28 20.3229 -20.48 -0.157099
23.3 22.9585 -23.1157 -0.157148
23.32 24.2902 -24.4474 -0.15717
23.34 19.0796 -19.2367 -0.157151
23.36 18.1782 -18.3353 -0.157085
23.38 22.0289 -22.186 -0.157052
23.4 20.7509 -20.9079 -0.156991
23.42 19.09 -19.2469 -0.156983
23.44 16.9124 -17.0694 -0.156991
23.46 18.9368 -19.0938 -0.15704
23.48 19.6259 -19.7829 -0.157037
23.5 17.5284 -17.6854 -0.157017
23.52 21.3681 -21.5251 -0.157052
23.54 22.0365 -22.1935 -0.15703
23.56 20.94 -21.0971 -0.15709
23.58 20.8896 -21.0467 -0.157103
23.6 19.8072 -19.9643 -0.157085
23.62 19.404 -19.5612 -0.157126
23.64 17.6459 -17.803 -0.157079
23.66 20.8319 -20.989 -0.157094
23.68 22.0132 -22.1703 -0.157104
23.7 19.4193 -19.5764 -0.15703
23.72 21.8421 -21.9991 -0.157009
23.74 24.7059 -24.8629 -0.157011
23.76 18.9516 -19.1085 -0.156917
23.78 20.3718 -20.5287 -0.156954
23.8 23.1821 -23.3391 -0.156951
23.82 17.4595 -17.6164 -0.156967
23.84 13.5149 -13.6718 -0.156909
23.86 18.3605 -18.5174 -0.156921
23.88 21.0496 -21.2065 -0.156929
23.9 22.3046 -22.4615 -0.156911
23.92 25.7131 -25.8701 -0.156967
23.94 23.1462 -23.3032 -0.157044
23.96 20.0194 -20.1764 -0.156991
23.98 22.3925 -22.5495 -0.157026
24 15.8136 -15.9706 -0.157014
24.02 15.1085 -15.2654 -0.156939
24.04 23.791 -23.948 -0.15697
24.06 25.448 -25.605 -0.156953
24.08 23.9849 -24.1418 -0.156933
24.1 24.3797 -24.5366 -0.156988
24.12 23.7277 -23.8847 -0.156967
24.14 20.0482 -20.2051 -0.156921
24.16 16.8918 -17.0488 -0.156962
24.18 13.8627 -14.0197 -0.156939
24.2 18.3685 -18.5255 -0.156961
24.22 24.0881 -24.245 -0.156941
24.24 22.4477 -22.6046 -0.156918
24.26 17.219 -17.3759 -0.156882
24.28 17.5059 -17.6627 -0.156858
24.3 23.0128 -23.1697 -0.15687
24.32 23.9078 -24.0646 -0.156839
24.34 12.501 -12.6578 -0.156833
24.36 13.2878 -13.4446 -0.156825
24.38 17.59 -17.7468 -0.156821
24.4 19.8367 -19.9936 -0.156812
24.42 27.4302 -27.5871 -0.156906
24.44 25.656 -25.813 -0.156954
24.46 16.8672 -17.0242 -0.156929
24.48 21.7913 -21.9482 -0.156955
24.5 25.0475 -25.2045 -0.157003
24.52 17.0834 -17.2404 -0.156998
24.54 16.5142 -16.6712 -0.156994
24.56 21.1957 -21.3527 -0.157025
24.58 24.6363 -24.7933 -0.157059
24.6 20.7498 -20.9068 -0.157008
24.62 18.6952 -18.8522 -0.156988
24.64 23.3258 -23.4828 -0.157001
24.66 24.3436 -24.5006 -0.157023
24.68 24.2947 -24.4517 -0.157041
24.7 20.3027 -20.4597 -0.157023
24.72 17.4796 -17.6365 -0.156985
24.74 20.9371 -21.0941 -0.156973
24.76 17.7546 -17.9116 -0.156956
24.78 16.7313 -16.8882 -0.156901
24.8 22.3092 -22.4662 -0.156933
24.82 21.2418 -21.3987 -0.156908
24.84 22.4763 -22.6332 -0.156909
24.86 22.3518 -22.5087 -0.156924
24.88 19.1904 -19.3473 -0.1569
24.9 18.0259 -18.1828 -0.156897
24.92 17.6541 -17.811 -0.156927
24.94 16.3455 -16.5024 -0.156914
24.96 14.9488 -15.1057 -0.15692
24.98 18.2695 -18.4264 -0.156964
25 22.3209 -22.4779 -0.156975
25.02 23.1466 -23.3035 -0.156928
25.04 20.6614 -20.8183 -0.156882
25.06 14.9216 -15.0785 -0.156885
25.08 19.5062 -19.6631 -0.156907
25.1 23.8577 -24.0145 -0.156845
25.12 22.7557 -22.9126 -0.156843
25.14 17.4347 -17.5916 -0.15687
25.16 12.6807 -12.8375 -0.156856
25.18 14.8187 -14.9755 -0.156865
25.2 18.6093 -18.7661 -0.156846
25.22 22.8188 -22.9758 -0.156957
25.24 26.2083 -26.3653 -0.156961
25.26 23.6963 -23.8533 -0.156974
25.28 19.1766 -19.3336 -0.156954
25.3 19.5396 -19.6966 -0.156966
25.32 16.7296 -16.8865 -0.156944
25.34 17.1383 -17.2953 -0.156985
25.36 21.0541 -21.2111 -0.156985
25.38 26.7512 -26.9081 -0.156985
25.4 27.9774 -28.1344 -0.157009
25.42 20.6038 -20.7608 -0.157008
25.44 18.5065 -18.6635 -0.157009
25.46 22.2729 -22.4299 -0.157039
25.48 21.6297 -21.7868 -0.157087
25.5 21.0655 -21.2225 -0.157078
25.52 22.4984 -22.6555 -0.157098
25.54 22.6942 -22.8513 -0.157129
25.56 20.3843 -20.5414 -0.157105
25.58 23.3435 -23.5006 -0.157068
25.6 20.6715 -20.8286 -0.157067
25.62 13.0324 -13.1894 -0.157066
25.64 15.8294 -15.9865 -0.157078
25.66 23.4018 -23.5589 -0.157101
25.68 22.4673 -22.6244 -0.157118
25.7 22.5063 -22.6634 -0.157119
25.72 20.744 -20.9011 -0.157122
25.74 13.9861 -14.1432 -0.15715
25.76 17.8886 -18.0458 -0.157171
25.78 22.9326 -23.0897 -0.157164
25.8 24.8302 -24.9873 -0.157105
25.82 24.0299 -24.1869 -0.157046
25.84 19.009 -19.166 -0.156973
25.86 14.5515 -14.7084 -0.156909
25.88 22.6647 -22.8217 -0.156949
25.9 24.2577 -24.4146 -0.156898
25.92 23.7509 -23.9078 -0.156885
25.94 21.9733 -22.1303 -0.156965
25.96 16.4083 -16.5652 -0.156924
25.98 17.9762 -18.1331 -0.156877
26 19.4865 -19.6434 -0.156848
26.02 25.4925 -25.6495 -0.156924
26.04 25.3291 -25.4859 -0.156851
26.06 24.4219 -24.5787 -0.156774
26.08 19.3851 -19.5418 -0.156718
26.1 16.5952 -16.7518 -0.156664
26.12 18.4889 -18.6456 -0.156674
26.14 19.5836 -19.7402 -0.156636
26.16 20.8654 -21.0221 -0.156673
26.18 22.0545 -22.2111 -0.156683
26.2 20.9496 -21.1062 -0.156686
26.22 21.1623 -21.319 -0.156713
26.24 24.2712 -24.4279 -0.156655
26.26 21.3704 -21.5271 -0.156664
26.28 16.0377 -16.1943 -0.156576
26.3 16.9546 -17.1112 -0.15655
26.32 17.651 -17.8075 -0.156519
26.34 18.6074 -18.7639 -0.156518
26.36 21.3398 -21.4964 -0.156584
26.38 19.3765 -19.5331 -0.156644
26.4 19.9552 -20.1119 -0.156637
26.42 24.6112 -24.7678 -0.156613
26.44 21.9504 -22.1069 -0.15654
26.46 19.6377 -19.7942 -0.156511
26.48 17.6212 -17.7777 -0.156431
26.5 16.2146 -16.3711 -0.156437
26.52 14.948 -15.1044 -0.156465
26.54 22.1051 -22.2616 -0.156512
26.56 27.1305 -27.2872 -0.156623
26.58 19.2079 -19.3646 -0.156634
26.6 16.2158 -16.3725 -0.156721
26.62 17.6698 -17.8265 -0.156725
26.64 20.8851 -21.0419 -0.15677
26.66 19.7618 -19.9186 -0.156733
26.68 22.2006 -22.3574 -0.156779
26.7 16.1823 -16.339 -0.156722
26.72 14.8091 -14.9658 -0.156732
26.74 18.863 -19.0197 -0.156721
26.76 22.8639 -23.0207 -0.156807
26.78 23.2766 -23.4334 -0.156835
26.8 19.1897 -19.3466 -0.156874
26.82 18.4662 -18.6231 -0.156901
26.84 20.1497 -20.3066 -0.156891
26.86 15.9524 -16.1093 -0.156887
26.88 19.1685 -19.3254 -0.156874
26.9 23.2901 -23.447 -0.156881
26.92 24.3418 -24.4988 -0.15693
26.94 21.4135 -21.5704 -0.156869
26.96 20.261 -20.4179 -0.15689
26.98 23.8847 -24.0417 -0.156915
27 24.3483 -24.5052 -0.156897
27.02 24.0532 -24.2101 -0.156861
27.04 25.2309 -25.3878 -0.156876
27.06 24.3788 -24.5356 -0.156884
27.08 20.464 -20.6208 -0.156811
27.1 20.2779 -20.4348 -0.156863
27.12 20.0713 -20.2282 -0.156878
27.14 21.2964 -21.4533 -0.156835
27.16 25.2573 -25.4141 -0.156874
27.18 19.0898 -19.2466 -0.156845
27.2 17.3842 -17.5411 -0.156855
27.22 19.1097 -19.2666 -0.156859
27.24 17.6598 -17.8167 -0.1569
27.26 16.9063 -17.0632 -0.156902
27.28 17.3588 -17.5157 -0.156911
27.3 21.6198 -21.7769 -0.157092
27.32 19.136 -19.2931 -0.157096
27.34 13.9752 -14.1323 -0.157081
27.36 17.3751 -17.5322 -0.157093
27.38 16.0417 -16.1988 -0.157073
27.4 17.2166 -17.3737 -0.157072
27.42 23.4143 -23.5713 -0.157002
27.44 25.5213 -25.6783 -0.157019
27.46 23.4836 -23.6406 -0.157026
27.48 19.2578 -19.4148 -0.157037
27.5 18.5143 -18.6713 -0.157032
27.52 22.0632 -22.2203 -0.157063
27.54 24.9363 -25.0933 -0.157068
27.56 22.2647 -22.4217 -0.157076
27.58 19.2759 -19.433 -0.157059
27.6 23.687 -23.8441 -0.157077
27.62 24.6795 -24.8365 -0.157041
27.64 22.6101 -22.7671 -0.157037
27.66 19.4013 -19.5583 -0.157017
27.68 16.448 -16.605 -0.157015
27.7 20.1361 -20.2931 -0.157025
27.72 23.8123 -23.9693 -0.156952
27.74 20.603 -20.76 -0.156996
27.76 14.5027 -14.6597 -0.157021
27.78 18.2839 -18.441 -0.157081
27.8 19.7442 -19.9013 -0.157085
27.82 19.2728 -19.4298 -0.157035
27.84 23.8778 -24.0348 -0.157063
27.86 22.8307 -22.9877 -0.157049
27.88 14.923 -15.08 -0.156971
27.9 15.3753 -15.5323 -0.156971
27.92 20.3666 -20.5236 -0.15696
27.94 22.4971 -22.6541 -0.156973
27.96 27.2178 -27.3747 -0.156944
27.98 28.4068 -28.5636 -0.156846
28 22.2147 -22.3715 -0.156807
28.02 16.8245 -16.9813 -0.156767
28.04 15.8052 -15.962 -0.156802
28.06 16.7357 -16.8925 -0.156784
28.08 16.8361 -16.9929 -0.156771
28.1 20.3732 -20.53 -0.15675
28.12 21.2033 -21.36 -0.156713
28.14 20.4777 -20.6343 -0.156659
28.16 21.9763 -22.1329 -0.156637
28.18 23.8303 -23.987 -0.156639
28.2 24.7218 -24.8784 -0.156593
28.22 22.3913 -22.548 -0.156634
28.24 15.8711 -16.0277 -0.156653
28.26 12.696 -12.8526 -0.156671
28.28 14.7073 -14.864 -0.156664
28.3 17.4369 -17.5936 -0.156692
28.32 19.5869 -19.7436 -0.156718
28.34 18.002 -18.1587 -0.156641
28.36 22.0228 -22.1794 -0.156631
28.38 26.8986 -27.0552 -0.156589
28.4 26.4266 -26.5831 -0.156576
28.42 22.9249 -23.0815 -0.156575
28.44 20.3081 -20.4647 -0.156567
28.46 15.57 -15.7266 -0.156567
28.48 11.1667 -11.3233 -0.156571
28.5 11.8792 -12.0357 -0.156544
28.52 20.9812 -21.1378 -0.15655
28.54 23.351 -23.5075 -0.15653
28.56 24.2436 -24.4001 -0.156498
28.58 23.2774 -23.4338 -0.156455
28.6 20.2943 -20.4508 -0.15645
28.62 15.8215 -15.9779 -0.156439
28.64 17.3598 -17.5162 -0.156413
28.66 21.0859 -21.2423 -0.156386
28.68 24.4221 -24.5785 -0.156361
28.7 23.4927 -23.649 -0.156335
28.72 19.5192 -19.6755 -0.156319
28.74 20.6967 -20.8531 -0.156341
28.76 19.8037 -19.9601 -0.15639
28.78 23.5277 -23.6841 -0.1564
28.8 24.2501 -24.4065 -0.156397
28.82 19.4892 -19.6455 -0.156341
28.84 20.9737 -21.1301 -0.156414
28.86 21.8633 -22.0197 -0.156437
28.88 20.6596 -20.8161 -0.15648
28.9 20.4376 -20.594 -0.156447
28.92 23.3747 -23.5311 -0.156463
28.94 21.5691 -21.7255 -0.156395
28.96 23.6925 -23.849 -0.156433
28.98 21.5146 -21.6711 -0.156482
29 10.4905 -10.647 -0.156497
29.02 11.3236 -11.4801 -0.156503
29.04 20.1685 -20.325 -0.156529
29.06 23.6271 -23.7837 -0.156525
29.08 20.5234 -20.6799 -0.15652
29.1 17.3181 -17.4746 -0.156513
29.12 23.2549 -23.4114 -0.15652
29.14 23.7014 -23.858 -0.156532
29.16 15.4582 -15.6147 -0.15652
29.18 19.0921 -19.2487 -0.156566
29.2 18.5487 -18.7053 -0.156554
29.22 20.8023 -20.9589 -0.156596
29.24 23.4475 -23.6041 -0.156604
29.26 18.4815 -18.6381 -0.156599
29.28 14.3226 -14.4792 -0.156574
29.3 16.8581 -17.0146 -0.156554
29.32 20.7956 -20.9522 -0.15657
29.34 22.95 -23.1065 -0.15656
29.36 18.2843 -18.4408 -0.156514
29.38 17.3433 -17.4998 -0.156482
29.4 24.1298 -24.2863 -0.156508
29.42 22.9117 -23.0682 -0.156489
29.44 19.0162 -19.1727 -0.156488
29.46 17.2921 -17.4486 -0.156508
29.48 16.1905 -16.347 -0.156498
29.5 17.8192 -17.9756 -0.156419
29.52 17.4651 -17.6215 -0.156409
29.54 20.0779 -20.2343 -0.1564
29.56 20.0282 -20.1846 -0.156396
29.58 12.4076 -12.564 -0.15636
29.6 15.3199 -15.4763 -0.156373
29.62 24.7806 -24.9371 -0.156431
29.64 26.0781 -26.2345 -0.156462
29.66 19.7549 -19.9114 -0.156447
29.68 15.9647 -16.1212 -0.156427
29.7 19.8871 -20.0435 -0.156415
29.72 25.9453 -26.1017 -0.156429
29.74 24.8784 -25.0347 -0.156375
29.76 17.1601 -17.3165 -0.15635
29.78 17.6954 -17.8517 -0.156316
29.8 23.7619 -23.9183 -0.156303
29.82 22.9936 -23.1498 -0.1562
29.84 21.0686 -21.2248 -0.156156
29.86 23.6366 -23.7928 -0.156178
29.88 20.327 -20.4832 -0.156191
29.9 17.9019 -18.0581 -0.156194
29.92 19.5879 -19.7442 -0.156254
29.94 16.4293 -16.5854 -0.156148
29.96 14.899 -15.0551 -0.156139
29.98 17.4467 -17.6029 -0.156186
30 19.0805 -19.2367 -0.156184
30.02 35.4385 -11.744 23.6945
30.04 32.6344 -8.94001 23.6944
30.06 39.3489 -15.6546 23.6943
30.08 22.9536 0.740835 23.6945
30.1 31.3358 -7.64138 23.6944
30.12 33.4126 -9.71816 23.6944
30.14 35.468 -11.7735 23.6945
30.16 36.316 -12.6214 23.6946
30.18 36.6461 -12.9516 23.6946
30.2 30.1424 -6.44785 23.6946
30.22 33.0558 -9.36119 23.6946
30.24 37.4804 -13.7859 23.6945
30.26 32.4393 -8.74472 23.6945
30.28 29.5517 -5.85714 23.6945
30.3 31.5501 -7.85561 23.6945
30.32 33.3613 -9.66682 23.6944
30.34 33.1305 -9.436 23.6945
30.36 30.3022 -6.60782 23.6944
30.38 29.9801 -6.28566 23.6944
30.4 33.0483 -9.35371 23.6946
30.42 33.6082 -9.91372 23.6945
30.44 28.7482 -5.05361 23.6945
30.46 38.2554 -14.561 23.6944
30.48 38.0101 -14.3156 23.6944
30.5 37.7496 -14.0552 23.6944
30.52 25.7359 -2.04143 23.6944
30.54 28.1218 -4.4274 23.6944
30.56 36.2357 -12.5414 23.6943
30.58 38.5648 -14.8704 23.6944
30.6 37.6031 -13.9088 23.6943
30.62 35.2856 -11.5913 23.6943
30.64 26.2323 -2.53804 23.6943
30.66 26.6971 -3.00285 23.6943
30.68 35.9746 -12.2804 23.6943
30.7 37.9355 -14.2412 23.6943
30.72 35.3643 -11.6701 23.6943
30.74 33.323 -9.62874 23.6943
30.76 26.4153 -2.72097 23.6943
30.78 27.9661 -4.27177 23.6943
30.8 35.549 -11.8547 23.6943
30.82 29.2183 -5.52403 23.6943
30.84 38.2322 -14.538 23.6942
30.86 33.4377 -9.74347 23.6942
30.88 30.7978 -7.10356 23.6943
30.9 31.9359 -8.24169 23.6943
30.92 33.8578 -10.1635 23.6943
30.94 31.3236 -7.62937 23.6942
30.96 31.243 -7.54885 23.6942
30.98 40.7842 -17.0901 23.6941
31 29.3135 -5.61933 23.6941
31.02 24.1363 -0.442114 23.6942
31.04 34.3877 -10.6936 23.6941
31.06 35.3324 -11.6382 23.6941
31.08 37.954 -14.2599 23.694
31.1 27.9088 -4.21469 23.6941
31.12 34.8381 -11.144 23.6941
31.14 38.5573 -14.8632 23.6941
31.16 34.5235 -10.8294 23.6941
31.18 21.6253 2.06886 23.6942
31.2 28.1148 -4.42064 23.6941
31.22 47.0575 -23.3635 23.6941
31.24 46.609 -22.9148 23.6942
31.26 34.1324 -10.4382 23.6942
31.28 24.1092 -0.414949 23.6943
31.3 43.1709 -19.4767 23.6942
31.32 46.7097 -23.0153 23.6944
31.34 31.3983 -7.70386 23.6945
31.36 18.0555 5.63899 23.6945
31.38 20.1475 3.547 23.6945
31.4 39.1397 -15.4452 23.6944
31.42 46.9753 -23.2808 23.6945
31.44 37.7186 -14.0242 23.6944
31.46 30.3121 -6.61754 23.6945
31.48 34.7416 -11.047 23.6945
31.5 38.7831 -15.0886 23.6945
31.52 42.9252 -19.2306 23.6945
31.54 33.7219 -10.0273 23.6945
31.56 24.0111 -0.316534 23.6945
31.58 19.654 4.0405 23.6945
31.6 35.1022 -11.4077 23.6945
31.62 47.1914 -23.497 23.6944
31.64 37.7238 -14.0295 23.6943
31.66 30.5315 -6.83713 23.6943
31.68 30.6514 -6.95713 23.6943
31.7 29.3477 -5.65325 23.6944
31.72 24.5636 -0.86922 23.6944
31.74 18.7582 4.93636 23.6945
31.76 39.2986 -15.6041 23.6945
31.78 47.5922 -23.8977 23.6945
31.8 37.8717 -14.1772 23.6945
31.82 39.3462 -15.6517 23.6945
31.84 41.8091 -18.1146 23.6945
31.86 36.3915 -12.697 23.6945
31.88 35.4422 -11.7477 23.6945
31.9 33.4748 -9.78028 23.6945
31.92 25.2522 -1.5577 23.6945
31.94 33.3465 -9.65196 23.6945
31.96 35.0906 -11.3961 23.6945
31.98 34.7867 -11.0921 23.6946
32 36.9003 -13.2057 23.6946
32.02 39.6795 -15.9848 23.6947
32.04 31.5632 -7.86854 23.6946
32.06 23.5032 0.191505 23.6947
32.08 35.4577 -11.7631 23.6946
32.1 39.9433 -16.2488 23.6945
32.12 38.3845 -14.69 23.6945
32.14 37.9586 -14.2641 23.6945
32.16 27.8336 -4.13905 23.6945
32.18 34.6482 -10.9538 23.6944
32.2 38.4238 -14.7294 23.6945
32.22 38.2515 -14.5571 23.6944
32.24 37.1643 -13.4699 23.6944
32.26 27.4104 -3.71589 23.6945
32.28 30.8496 -7.15507 23.6945
32.3 39.8799 -16.1855 23.6944
32.32 27.047 -3.35254 23.6945
32.34 27.3237 -3.62918 23.6945
32.36 39.5974 -15.9029 23.6945
32.38 45.4137 -21.7192 23.6944
32.4 42.1956 -18.5011 23.6945
32.42 34.6515 -10.957 23.6945
32.44 30.1323 -6.43773 23.6946
32.46 42.7451 -19.0505 23.6945
32.48 44.192 -20.4975 23.6945
32.5 36.6868 -12.9923 23.6946
32.52 28.2175 -4.523 23.6945
32.54 21.7579 1.93659 23.6945
32.56 32.4317 -8.73723 23.6944
32.58 42.6426 -18.9482 23.6945
32.6 34.9825 -11.288 23.6944
32.62 23.7352 -0.0406275 23.6946
32.64 35.4731 -11.7787 23.6945
32.66 36.9456 -13.2512 23.6944
32.68 33.2441 -9.54964 23.6945
32.7 29.6295 -5.93507 23.6944
32.72 29.5943 -5.90001 23.6943
32.74 30.8879 -7.19358 23.6943
32.76 31.983 -8.28864 23.6943
32.78 31.3513 -7.65692 23.6944
32.8 37.2354 -13.541 23.6943
32.82 33.8405 -10.1462 23.6943
32.84 22.8548 0.839452 23.6943
32.86 26.3442 -2.64986 23.6943
32.88 30.8189 -7.12455 23.6944
32.9 34.9588 -11.2643 23.6944
32.92 45.8389 -22.1445 23.6944
32.94 36.4497 -12.7553 23.6944
32.96 28.7738 -5.07936 23.6944
32.98 29.0995 -5.4051 23.6944
33 31.6422 -7.94787 23.6944
33.02 30.7416 -7.04733 23.6943
33.04 35.405 -11.7107 23.6943
33.06 35.8567 -12.1624 23.6943
33.08 38.0837 -14.3894 23.6943
33.1 29.1154 -5.42104 23.6943
33.12 34.5331 -10.8388 23.6943
33.14 34.9865 -11.2922 23.6943
33.16 20.9346 2.75985 23.6944
33.18 30.8517 -7.15738 23.6944
33.2 37.8629 -14.1686 23.6943
33.22 35.0634 -11.3691 23.6943
33.24 30.6038 -6.90956 23.6943
33.26 28.5566 -4.86233 23.6943
33.28 20.2244 3.46999 23.6944
33.3 33.3931 -9.69885 23.6943
33.32 38.5649 -14.8705 23.6944
33.34 35.1817 -11.4874 23.6944
33.36 38.1855 -14.4912 23.6943
33.38 35.4451 -11.7508 23.6944
33.4 34.9685 -11.2741 23.6943
33.42 35.1181 -11.4238 23.6943
33.44 41.7868 -18.0925 23.6943
33.46 39.0751 -15.3808 23.6943
33.48 32.3428 -8.6484 23.6944
33.5 34.6523 -10.958 23.6944
33.52 33.2731 -9.57873 23.6944
33.54 38.4114 -14.717 23.6944
33.56 35.1274 -11.433 23.6944
33.58 26.678 -2.98362 23.6944
33.6 31.0703 -7.37592 23.6944
33.62 41.5275 -17.8332 23.6943
33.64 38.8077 -15.1133 23.6944
33.66 36.4591 -12.7647 23.6944
33.68 36.0245 -12.3302 23.6943
33.7 29.8928 -6.19842 23.6944
33.72 36.1499 -12.4557 23.6942
33.74 37.9141 -14.2199 23.6942
33.76 30.8927 -7.19859 23.6941
33.78 25.9265 -2.23233 23.6941
33.8 34.1306 -10.4364 23.6942
33.82 39.019 -15.3249 23.6942
33.84 35.2802 -11.586 23.6942
33.86 29.1809 -5.48682 23.6941
33.88 19.7573 3.9369 23.6942
33.9 39.6215 -15.9275 23.694
33.92 45.4104 -21.7164 23.694
33.94 33.0723 -9.37827 23.694
33.96 29.9294 -6.2353 23.6941
33.98 35.7391 -12.045 23.694
34 31.4596 -7.76552 23.6941
34.02 27.4864 -3.7924 23.694
34.04 21.8317 1.86233 23.694
34.06 27.7143 -4.02034 23.694
34.08 30.123 -6.42903 23.694
34.1 24.5189 -0.82489 23.694
34.12 29.7578 -6.06367 23.6941
34.14 38.1619 -14.4678 23.6941
34.16 37.1738 -13.4797 23.6941
34.18 30.7696 -7.07547 23.6941
34.2 29.3894 -5.69527 23.6942
34.22 34.0037 -10.3096 23.6941
34.24 29.1254 -5.43127 23.6942
34.26 27.3895 -3.69533 23.6942
34.28 31.9872 -8.29298 23.6942
34.3 37.6628 -13.9687 23.6942
34.32 35.5384 -11.8442 23.6942
34.34 33.0021 -9.30799 23.6941
34.36 34.0137 -10.3197 23.694
34.38 33.1977 -9.5037 23.694
34.4 35.1996 -11.5056 23.694
34.42 48.2545 -24.5605 23.694
34.44 45.7517 -22.0578 23.6939
34.46 33.5028 -9.80877 23.6941
34.48 31.5339 -7.8399 23.694
34.5 32.751 -9.057 23.694
34.52 31.4215 -7.72759 23.6939
34.54 34.0488 -10.3548 23.694
34.56 29.8668 -6.17278 23.694
34.58 40.9178 -17.2239 23.6939
34.6 38.1834 -14.4894 23.694
34.62 36.6879 -12.9939 23.694
34.64 37.5372 -13.8432 23.694
34.66 33.5828 -9.88885 23.694
34.68 29.1408 -5.44677 23.694
34.7 35.3247 -11.6307 23.694
34.72 35.1182 -11.4242 23.694
34.74 38.6533 -14.9594 23.694
34.76 40.1429 -16.449 23.6939
34.78 33.5018 -9.80781 23.694
34.8 28.4435 -4.74957 23.6939
34.82 26.8466 -3.15269 23.6939
34.84 20.5086 3.18527 23.6939
34.86 16.713 6.98089 23.6939
34.88 26.204 -2.51011 23.6939
34.9 25.0167 -1.32281 23.6939
34.92 32.4448 -8.75091 23.6939
34.94 40.7002 -17.0064 23.6938
34.96 41.2266 -17.5328 23.6938
34.98 37.9412 -14.2474 23.6938
35 50.787 1.1831 51.9701
35.02 43.3961 8.57416 51.9703
35.04 45.0943 6.87602 51.9703
35.06 42.7937 9.17658 51.9703
35.08 29.1506 22.8198 51.9704
35.1 50.4614 1.50889 51.9703
35.12 66.3608 -14.3905 51.9703
35.14 52.6305 -0.660236 51.9703
35.16 45.8437 6.12663 51.9704
35.18 55.3901 -3.41977 51.9703
35.2 49.7143 2.25613 51.9704
35.22 46.9478 5.02264 51.9704
35.24 45.6892 6.28134 51.9705
35.26 54.5769 -2.6065 51.9704
35.28 50.0341 1.93638 51.9705
35.3 63.4531 -11.4827 51.9704
35.32 68.6493 -16.679 51.9703
35.34 50.5402 1.43009 51.9703
35.36 40.2296 11.7407 51.9703
35.38 48.1468 3.82351 51.9703
35.4 52.6627 -0.69241 51.9703
35.42 55.7659 -3.79564 51.9702
35.44 51.501 0.469284 51.9703
35.46 59.2375 -7.2673 51.9702
35.48 58.0108 -6.04049 51.9703
35.5 60.4251 -8.45478 51.9703
35.52 55.9444 -3.9742 51.9702
35.54 52.9727 -1.00251 51.9702
35.56 63.434 -11.4638 51.9701
35.58 52.4367 -0.466457 51.9702
35.6 42.5986 9.37174 51.9704
35.62 52.4357 -0.465434 51.9703
35.64 60.2682 -8.29795 51.9702
35.66 50.2937 1.6766 51.9703
35.68 56.4192 -4.44888 51.9703
35.7 48.0041 3.96626 51.9704
35.72 49.2562 2.71413 51.9703
35.74 65.6676 -13.6973 51.9703
35.76 65.2385 -13.2682 51.9703
35.78 51.8238 0.146564 51.9704
35.8 52.491 -0.520608 51.9704
35.82 58.0464 -6.07606 51.9703
35.84 57.7249 -5.75457 51.9704
35.86 54.2508 -2.28025 51.9705
35.88 60.2592 -8.2887 51.9705
35.9 57.5785 -5.60802 51.9705
35.92 42.5066 9.46398 51.9706
35.94 47.2031 4.76724 51.9704
35.96 39.0906 12.8799 51.9705
35.98 57.9593 -5.98886 51.9704
36 55.7618 -3.79138 51.9705
36.02 51.6632 0.307279 51.9704
36.04 43.1131 8.85734 51.9704
36.06 40.8175 11.153 51.9705
36.08 59.7769 -7.80653 51.9703
36.1 53.8362 -1.86565 51.9705
36.12 68.9366 -16.9663 51.9704
36.14 51.8355 0.134888 51.9704
36.16 52.0712 -0.100871 51.9703
36.18 66.0296 -14.0592 51.9704
36.2 53.6811 -1.71073 51.9704
36.22 45.5265 6.44393 51.9704
36.24 42.666 9.30443 51.9704
36.26 53.1272 -1.15689 51.9703
36.28 50.4824 1.4879 51.9703
36.3 53.0576 -1.08722 51.9704
36.32 63.8954 -11.925 51.9704
36.34 45.1598 6.8107 51.9705
36.36 50.7655 1.20486 51.9704
36.38 35.6357 16.3349 51.9705
36.4 34.9803 16.9903 51.9705
36.42 42.0538 9.91676 51.9706
36.44 56.0068 -4.03618 51.9706
36.46 53.3595 -1.38886 51.9706
36.48 45.1925 6.77811 51.9706
36.5 40.4829 11.4877 51.9706
36.52 54.2581 -2.28754 51.9705
36.54 52.542 -0.571309 51.9706
36.56 55.459 -3.48848 51.9706
36.58 55.3473 -3.37677 51.9705
36.6 47.8502 4.12038 51.9706
36.62 52.0418 -0.0711554 51.9706
36.64 56.361 -4.39032 51.9707
36.66 60.5167 -8.54607 51.9707
36.68 51.2462 0.724483 51.9707
36.7 43.0711 8.89967 51.9707
36.72 47.3239 4.64682 51.9707
36.74 49.3548 2.61601 51.9708
36.76 58.152 -6.18135 51.9707
36.78 41.4622 10.5088 51.9709
36.8 57.4213 -5.45056 51.9707
36.82 52.1687 -0.197861 51.9708
36.84 50.6411 1.32972 51.9708
36.86 56.0033 -4.03255 51.9707
36.88 39.9856 11.9852 51.9708
36.9 55.6205 -3.64971 51.9708
36.92 67.2967 -15.3259 51.9708
36.94 52.3833 -0.412166 51.9711
36.96 48.3602 3.61083 51.971
36.98 37.8141 14.1571 51.9712
37 46.819 5.15205 51.971
37.02 48.2667 3.70444 51.9712
37.04 55.6272 -3.65623 51.971
37.06 51.3013 0.66984 51.9711
37.08 58.5274 -6.5564 51.971
37.1 38.4481 13.5231 51.9712
37.12 37.9153 14.0558 51.9711
37.14 41.4438 10.5273 51.971
37.16 44.6677 7.30339 51.9711
37.18 61.7021 -9.7311 51.971
37.2 63.451 -11.4799 51.971
37.22 37.2542 14.717 51.9712
37.24 55.7845 -3.81348 51.971
37.26 52.9115 -0.940409 51.9711
37.28 49.42 2.55116 51.9711
37.3 52.5069 -0.535813 51.9711
37.32 45.5465 6.42466 51.9711
37.34 39.3586 12.6126 51.9712
37.36 52.953 -0.98182 51.9712
37.38 55.9892 -4.01793 51.9713
37.4 60.8147 -8.84341 51.9713
37.42 51.9512 0.0201825 51.9714
37.44 39.7648 12.2066 51.9714
37.46 56.4253 -4.45402 51.9713
37.48 46.1606 5.81087 51.9714
37.5 46.1879 5.78334 51.9712
37.52 32.4389 19.5324 51.9714
37.54 49.665 2.30637 51.9714
37.56 59.3679 -7.39665 51.9713
37.58 50.3442 1.62691 51.9711
37.6 44.2868 7.68439 51.9712
37.62 39.8534 12.1177 51.9711
37.64 33.7832 18.1879 51.9711
37.66 50.0582 1.91286 51.9711
37.68 38.3646 13.6066 51.9712
37.7 52.8547 -0.883543 51.9711
37.72 65.704 -13.733 51.971
37.74 54.933 -2.9619 51.9711
37.76 41.3021 10.6691 51.9712
37.78 59.3641 -7.39302 51.9711
37.8 54.8504 -2.87919 51.9712
37.82 58.3013 -6.33021 51.9711
37.84 45.0133 6.95779 51.9711
37.86 34.9261 17.0451 51.9712
37.88 51.871 0.100078 51.9711
37.9 43.9229 8.04826 51.9712
37.92 43.403 8.5681 51.9711
37.94 39.3758 12.5954 51.9712
37.96 49.3948 2.57635 51.9712
37.98 53.5522 -1.58101 51.9712
38 64.1061 -12.1349 51.9712
38.02 64.41 -12.4388 51.9712
38.04 60.9076 -8.93645 51.9712
38.06 53.2863 -1.31524 51.9711
38.08 40.1603 11.8108 51.9711
38.1 41.1704 10.8007 51.9711
38.12 55.3098 -3.33882 51.971
38.14 61.478 -9.5069 51.9711
38.16 50.5674 1.40371 51.9711
38.18 51.2866 0.684475 51.971
38.2 44.1478 7.82331 51.9711
38.22 43.1864 8.78477 51.9712
38.24 62.1113 -10.1402 51.9711
38.26 59.6019 -7.63093 51.971
38.28 44.8515 7.1195 51.971
38.3 40.7939 11.1771 51.9711
38.32 43.9706 8.00054 51.9711
38.34 61.6424 -9.67139 51.971
38.36 59.4932 -7.52224 51.9709
38.38 43.0233 8.94776 51.971
38.4 42.3213 9.64975 51.971
38.42 55.0439 -3.0729 51.971
38.44 58.1973 -6.22634 51.971
38.46 48.2377 3.73343 51.9711
38.48 44.1312 7.83983 51.971
38.5 42.211 9.76001 51.9711
38.52 59.638 -7.66692 51.9711
38.54 59.0244 -7.05325 51.9711
38.56 42.1725 9.7987 51.9712
38.58 37.8937 14.0775 51.9712
38.6 58.1292 -6.158 51.9712
38.62 53.7651 -1.79382 51.9712
38.64 42.0824 9.88897 51.9714
38.66 48.574 3.39743 51.9714
38.68 51.8329 0.138474 51.9714
38.7 45.5508 6.42059 51.9714
38.72 36.1019 15.8694 51.9713
38.74 40.5587 11.4125 51.9713
38.76 39.3654 12.606 51.9714
38.78 49.6308 2.34062 51.9714
38.8 58.4776 -6.50634 51.9713
38.82 50.9505 1.02087 51.9714
38.84 62.7103 -10.739 51.9714
38.86 53.1731 -1.20178 51.9713
38.88 53.8945 -1.92318 51.9713
38.9 65.2986 -13.3273 51.9713
38.92 66.798 -14.8267 51.9714
38.94 56.966 -4.99457 51.9714
38.96 48.7384 3.23295 51.9714
38.98 45.7806 6.19072 51.9713
39 38.8151 13.1563 51.9713
39.02 49.5226 2.44872 51.9713
39.04 48.6279 3.34347 51.9714
39.06 59.2502 -7.27883 51.9714
39.08 53.7123 -1.74114 51.9712
39.1 32.1171 19.8541 51.9713
39.12 38.2577 13.7136 51.9713
39.14 61.4663 -9.49499 51.9713
39.16 52.0746 -0.103232 51.9714
39.18 43.0587 8.91263 51.9714
39.2 52.2328 -0.261512 51.9713
39.22 42.8327 9.13871 51.9714
39.24 44.633 7.33842 51.9714
39.26 45.3335 6.63773 51.9713
39.28 37.0797 14.8917 51.9714
39.3 49.839 2.13244 51.9714
39.32 48.8064 3.16495 51.9714
39.34 51.9521 0.0191907 51.9713
39.36 40.9527 11.0186 51.9713
39.38 40.3764 11.5949 51.9713
39.4 50.3294 1.64181 51.9713
39.42 48.5442 3.4272 51.9714
39.44 56.8853 -4.914 51.9713
39.46 50.8148 1.15659 51.9714
39.48 45.6638 6.30762 51.9714
39.5 50.5191 1.45219 51.9713
39.52 47.4575 4.51374 51.9713
39.54 37.6229 14.3485 51.9713
39.56 52.2222 -0.251065 51.9712
39.58 44.0908 7.88051 51.9713
39.6 53.2019 -1.23057 51.9714
39.62 53.381 -1.40951 51.9715
39.64 44.7319 7.23966 51.9715
39.66 47.215 4.75646 51.9715
39.68 49.4969 2.47469 51.9715
39.7 56.12 -4.1484 51.9716
39.72 46.5746 5.39724 51.9718
39.74 51.1634 0.808334 51.9718
39.76 58.9332 -6.96141 51.9718
39.78 52.6367 -0.664822 51.9719
39.8 61.3451 -9.37334 51.9718
39.82 58.757 -6.78524 51.9718
39.84 39.0625 12.9095 51.972
39.86 43.0909 8.881 51.9719
39.88 49.2744 2.69746 51.9719
39.9 51.2918 0.680023 51.9719
39.92 48.8878 3.08399 51.9718
39.94 47.3114 4.66063 51.972
39.96 66.9851 -15.0133 51.9718
39.98 50.7935 1.1785 51.972
40 50.0584 1.9136 51.972
40.02 42.5619 9.41011 51.972
40.04 47.0486 4.92329 51.9719
40.06 41.7659 10.2062 51.9721
40.08 46.4237 5.5483 51.972
40.1 54.3249 -2.3529 51.972
40.12 54.1038 -2.13177 51.972
40.14 48.8333 3.13878 51.9721
40.16 54.6953 -2.72329 51.972
40.18 49.8125 2.1594 51.9719
40.2 59.4055 -7.43372 51.9718
40.22 43.6317 8.34018 51.9718
40.24 46.8679 5.10382 51.9717
40.26 48.996 2.97572 51.9717
40.28 41.9851 9.98663 51.9717
40.3 46.5505 5.42128 51.9717
40.32 54.3042 -2.33244 51.9718
40.34 55.9772 -4.00554 51.9717
40.36 44.2968 7.67496 51.9717
40.38 57.661 -5.68936 51.9716
40.4 45.6455 6.32631 51.9718
40.42 38.8342 13.1376 51.9718
40.44 50.3226 1.64909 51.9717
40.46 46.4877 5.48413 51.9718
40.48 59.0928 -7.12116 51.9717
40.5 54.9144 -2.94265 51.9717
40.52 49.4609 2.51079 51.9717
40.54 40.7059 11.2658 51.9717
40.56 48.0423 3.92935 51.9717
40.58 49.5055 2.46614 51.9717
40.6 45.8808 6.09093 51.9717
40.62 54.5968 -2.62512 51.9717
40.64 47.668 4.30374 51.9717
40.66 46.1886 5.78314 51.9718
40.68 58.8809 -6.90923 51.9717
40.7 56.2413 -4.26956 51.9717
40.72 49.5488 2.42289 51.9717
40.74 45.7289 6.24294 51.9718
40.76 51.5437 0.428078 51.9718
40.78 49.8133 2.15859 51.9719
40.8 60.0756 -8.10378 51.9718
40.82 46.0753 5.89658 51.9719
40.84 48.3951 3.57671 51.9718
40.86 48.3218 3.65013 51.9719
40.88 52.7647 -0.792831 51.9719
40.9 55.871 -3.89922 51.9718
40.92 56.0723 -4.10059 51.9717
40.94 57.5188 -5.54705 51.9717
40.96 44.4441 7.52772 51.9718
40.98 35.3516 16.6202 51.9718
41 48.7077 3.26409 51.9718
41.02 51.8146 0.157327 51.9719
41.04 58.2919 -6.31993 51.9719
41.06 57.2633 -5.29152 51.9718
41.08 29.383 22.589 51.972
41.1 39.9622 12.0097 51.9719
41.12 41.8811 10.0908 51.9719
41.14 34.5492 17.4228 51.972
41.16 63.398 -11.4261 51.9719
41.18 73.0781 -21.1062 51.9719
41.2 55.6713 -3.69932 51.972
41.22 56.5235 -4.55173 51.9718
41.24 52.3658 -0.394069 51.9718
41.26 50.6374 1.33432 51.9717
41.28 48.7674 3.20453 51.9719
41.3 65.4833 -13.5115 51.9718
41.32 59.8894 -7.91755 51.9718
41.34 53.6923 -1.72067 51.9716
41.36 47.5183 4.45336 51.9716
41.38 48.5757 3.39601 51.9717
41.4 52.9993 -1.02782 51.9715
41.42 24.1626 27.8093 51.9718
41.44 51.4257 0.545876 51.9716
41.46 45.8404 6.13121 51.9716
41.48 47.4812 4.4904 51.9716
41.5 58.5983 -6.62693 51.9714
41.52 41.86 10.1116 51.9716
41.54 49.0651 2.90627 51.9714
41.56 50.5644 1.40697 51.9714
41.58 41.113 10.8584 51.9715
41.6 45.5427 6.42874 51.9715
41.62 53.5291 -1.55763 51.9714
41.64 44.8499 7.12169 51.9715
41.66 50.1692 1.80238 51.9716
41.68 65.2288 -13.2573 51.9715
41.7 55.2171 -3.24554 51.9716
41.72 47.5956 4.37598 51.9715
41.74 53.3835 -1.41201 51.9715
41.76 42.7514 9.22009 51.9715
41.78 28.7063 23.2652 51.9715
41.8 55.7374 -3.76609 51.9713
41.82 62.704 -10.7327 51.9713
41.84 48.0537 3.9177 51.9714
41.86 40.3212 11.6503 51.9715
41.88 62.7484 -10.7771 51.9713
41.9 52.743 -0.771614 51.9713
41.92 31.7714 20.2 51.9714
41.94 34.1319 17.8394 51.9713
41.96 36.29 15.6813 51.9714
41.98 55.2065 -3.23516 51.9714
42 50.0714 1.90008 51.9715
42.02 57.8089 -5.83751 51.9714
42.04 45.3366 6.63486 51.9714
42.06 43.1596 8.81188 51.9715
42.08 59.2021 -7.23069 51.9715
42.1 59.8085 -7.83693 51.9716
42.12 47.0903 4.88121 51.9715
42.14 48.4939 3.47764 51.9715
42.16 59.1351 -7.16374 51.9714
42.18 45.2589 6.71267 51.9715
42.2 52.5998 -0.628508 51.9713
42.22 54.715 -2.74366 51.9713
42.24 62.3136 -10.3423 51.9714
42.26 52.6146 -0.643173 51.9714
42.28 26.7301 25.2415 51.9716
42.3 45.2227 6.74874 51.9714
42.32 65.6867 -13.7153 51.9714
42.34 46.6083 5.36322 51.9715
42.36 47.118 4.85354 51.9716
42.38 37.5366 14.435 51.9716
42.4 56.7642 -4.79276 51.9714
42.42 57.0728 -5.10137 51.9715
42.44 38.7167 13.2547 51.9715
42.46 40.8225 11.1489 51.9714
42.48 47.8214 4.15005 51.9714
42.5 42.797 9.17448 51.9715
42.52 48.3066 3.66489 51.9714
42.54 63.8345 -11.8631 51.9714
42.56 57.8742 -5.90293 51.9713
42.58 55.2086 -3.23731 51.9713
42.6 64.0284 -12.0571 51.9713
42.62 52.3662 -0.394803 51.9714
42.64 50.7466 1.22463 51.9712
42.66 40.1221 11.8493 51.9714
42.68 59.5208 -7.54959 51.9712
42.7 54.3591 -2.38804 51.9711
42.72 36.8713 15.0998 51.9711
42.74 46.9813 4.98975 51.971
42.76 46.3284 5.64262 51.9711
42.78 51.7473 0.223645 51.9709
42.8 39.1456 12.8253 51.9709
42.82 43.8389 8.13185 51.9708
42.84 51.9165 0.0541874 51.9707
42.86 47.0671 4.90352 51.9706
42.88 49.5991 2.37133 51.9705
42.9 44.9075 7.06304 51.9706
42.92 48.6284 3.34207 51.9704
42.94 61.7418 -9.77152 51.9703
42.96 58.2999 -6.32944 51.9705
42.98 62.8924 -10.922 51.9703
43 40.9509 11.0195 51.9704
43.02 45.9365 6.03385 51.9703
43.04 62.2341 -10.2639 51.9702
43.06 57.4019 -5.43151 51.9704
43.08 62.4946 -10.5245 51.9702
43.1 51.3544 0.615838 51.9702
43.12 52.342 -0.371839 51.9701
43.14 42.2126 9.75763 51.9702
43.16 43.8434 8.1267 51.9701
43.18 46.6029 5.36723 51.9702
43.2 66.1192 -14.149 51.9701
43.22 69.6465 -17.6766 51.97
43.24 49.6696 2.30052 51.9701
43.26 55.0504 -3.08032 51.9701
43.28 48.0846 3.88549 51.9701
43.3 35.3729 16.5973 51.9701
43.32 43.1397 8.83053 51.9702
43.34 55.6359 -3.66584 51.9701
43.36 33.974 17.9963 51.9703
43.38 57.9128 -5.94283 51.97
43.4 50.5309 1.43929 51.9702
43.42 49.0702 2.89998 51.9701
43.44 49.5737 2.39661 51.9703
43.46 46.6853 5.28501 51.9703
43.48 46.08 5.89023 51.9702
43.5 44.1641 7.80617 51.9702
43.52 39.5323 12.4379 51.9703
43.54 49.0973 2.87297 51.9703
43.56 60.039 -8.069 51.97
43.58 48.9615 3.00855 51.97
43.6 56.2298 -4.25983 51.97
43.62 48.5284 3.44155 51.97
43.64 55.822 -3.8521 51.9699
43.66 56.1356 -4.16572 51.9699
43.68 45.6337 6.33628 51.97
43.7 49.3476 2.62217 51.9698
43.72 47.0144 4.95558 51.97
43.74 55.7411 -3.77121 51.9699
43.76 34.7053 17.2647 51.97
43.78 46.5969 5.37305 51.9699
43.8 59.9924 -8.02255 51.9699
43.82 40.5519 11.4181 51.97
43.84 50.0572 1.91265 51.9699
43.86 54.3186 -2.3487 51.9699
43.88 43.1137 8.85617 51.9699
43.9 44.641 7.32888 51.9699
43.92 52.6753 -0.705379 51.9699
43.94 38.2207 13.7493 51.97
43.96 36.6135 15.3565 51.97
43.98 50.8525 1.11763 51.9701
44 48.8266 3.14358 51.9702
44.02 45.7076 6.26266 51.9703
44.04 50.6706 1.29962 51.9702
44.06 49.3334 2.6368 51.9702
44.08 52.4509 -0.480611 51.9703
44.1 56.0834 -4.11306 51.9704
44.12 42.5711 9.39931 51.9704
44.14 28.0443 23.9261 51.9704
44.16 40.3805 11.5898 51.9704
44.18 56.3695 -4.39899 51.9705
44.2 59.5563 -7.58594 51.9704
44.22 49.961 2.00947 51.9705
44.24 37.5827 14.3879 51.9706
44.26 49.8234 2.14698 51.9704
44.28 56.0348 -4.06448 51.9704
44.3 58.8252 -6.85486 51.9703
44.32 47.7354 4.23491 51.9703
44.34 53.3553 -1.38514 51.9701
44.36 53.0928 -1.12271 51.9701
44.38 59.2595 -7.2894 51.9701
44.4 58.8823 -6.9122 51.9701
44.42 46.3283 5.64192 51.9702
44.44 49.8477 2.12236 51.9701
44.46 50.4516 1.51851 51.9701
44.48 46.3237 5.64654 51.9702
44.5 48.4389 3.53132 51.9702
44.52 72.0635 -20.0934 51.9701
44.54 49.7102 2.25997 51.9702
44.56 38.4015 13.5685 51.97
44.58 52.3113 -0.34137 51.9699
44.6 57.03 -5.06 51.97
44.62 51.0619 0.908043 51.97
44.64 47.2863 4.68362 51.9699
44.66 51.0158 0.95416 51.9699
44.68 60.3638 -8.39391 51.9699
44.7 57.7501 -5.78006 51.97
44.72 42.5215 9.44859 51.9701
44.74 38.837 13.133 51.97
44.76 48.2109 3.75915 51.9701
44.78 64.4197 -12.4497 51.97
44.8 59.6861 -7.71606 51.97
44.82 59.6125 -7.64259 51.9699
44.84 51.2745 0.695519 51.97
44.86 54.9687 -2.9987 51.97
44.88 61.4831 -9.51311 51.9699
44.9 40.0425 11.9275 51.97
44.92 38.1465 13.8234 51.9699
44.94 37.8707 14.0994 51.97
44.96 51.6924 0.277546 51.97
44.98 51.8599 0.110174 51.97
45 118.009 -0.540762 117.468
45.02 111.168 6.29987 117.468
45.04 53.3539 64.1144 117.468
45.06 90.9099 26.5579 117.468
45.08 91.616 25.8517 117.468
45.1 78.3496 39.1182 117.468
45.12 62.3849 55.0828 117.468
45.14 67.5093 49.9583 117.468
45.16 64.4242 53.0438 117.468
45.18 84.3548 33.1128 117.468
45.2 78.6886 38.7793 117.468
45.22 95.1931 22.2745 117.468
45.24 62.9441 54.5237 117.468
45.26 68.8803 48.5873 117.468
45.28 74.3485 43.1191 117.468
45.3 90.448 27.0196 117.468
45.32 106.34 11.1274 117.467
45.34 74.4085 43.0593 117.468
45.36 77.6807 39.7869 117.468
45.38 80.2241 37.2433 117.467
45.4 95.0548 22.4126 117.467
45.42 104.961 12.5059 117.467
45.44 95.7889 21.6783 117.467
45.46 95.2501 22.2172 117.467
45.48 97.6322 19.8351 117.467
45.5 96.5525 20.9149 117.467
45.52 103.858 13.6089 117.467
45.54 76.3077 41.1598 117.468
45.56 108.922 8.54537 117.467
45.58 100.502 16.9656 117.467
45.6 94.9873 22.4803 117.468
45.62 75.3982 42.0695 117.468
45.64 83.4531 34.0144 117.467
45.66 98.4655 19.0021 117.468
45.68 100.559 16.9089 117.468
45.7 94.7973 22.6706 117.468
45.72 93.711 23.7567 117.468
45.74 83.492 33.9759 117.468
45.76 115.861 1.60687 117.468
45.78 105.284 12.1836 117.468
45.8 77.5776 39.8904 117.468
45.82 71.3603 46.1075 117.468
45.84 77.7404 39.7275 117.468
45.86 76.8943 40.5735 117.468
45.88 83.3298 34.1378 117.468
45.9 90.6486 26.819 117.468
45.92 76.1623 41.3056 117.468
45.94 105.494 11.9737 117.468
45.96 75.1948 42.273 117.468
45.98 92.7054 24.762 117.467
46 70.6989 46.7688 117.468
46.02 99.2236 18.2438 117.467
46.04 103.553 13.915 117.468
46.06 93.3461 24.1217 117.468
46.08 82.6251 34.8426 117.468
46.1 101.873 15.5949 117.468
46.12 92.3116 25.1563 117.468
46.14 88.0984 29.3695 117.468
46.16 91.2513 26.2165 117.468
46.18 89.7347 27.7332 117.468
46.2 99.1197 18.3482 117.468
46.22 82.1836 35.2843 117.468
46.24 76.8122 40.6558 117.468
46.26 58.5821 58.886 117.468
46.28 78.0945 39.3734 117.468
46.3 90.1035 27.3644 117.468
46.32 73.1535 44.3144 117.468
46.34 63.2822 54.1858 117.468
46.36 81.6065 35.8612 117.468
46.38 77.0942 40.3736 117.468
46.4 106.941 10.5263 117.468
46.42 61.8094 55.6588 117.468
46.44 98.379 19.0884 117.467
46.46 60.4276 57.0402 117.468
46.48 92.7831 24.6845 117.468
46.5 82.0558 35.4118 117.468
46.52 61.4844 55.9833 117.468
46.54 86.2915 31.1762 117.468
46.56 105.113 12.3553 117.468
46.58 62.3787 55.0893 117.468
46.6 90.2419 27.2258 117.468
46.62 79.0192 38.4488 117.468
46.64 88.9208 28.547 117.468
46.66 77.3855 40.0825 117.468
46.68 72.0802 45.3879 117.468
46.7 95.5404 21.9276 117.468
46.72 113.366 4.10231 117.468
46.74 112.82 4.64771 117.468
46.76 69.1073 48.3612 117.468
46.78 84.0751 33.393 117.468
46.8 96.5865 20.8818 117.468
46.82 92.9444 24.5239 117.468
46.84 106.341 11.1273 117.468
46.86 121.653 -4.18466 117.468
46.88 84.5625 32.906 117.469
46.9 92.1047 25.3637 117.468
46.92 76.0481 41.4206 117.469
46.94 100.928 16.5408 117.468
46.96 101.436 16.0322 117.468
46.98 101.182 16.2865 117.469
47 93.538 23.9306 117.469
47.02 96.0418 21.4264 117.468
47.04 86.7619 30.7066 117.469
47.06 110.298 7.1708 117.469
47.08 114.059 3.40985 117.469
47.1 79.8141 37.6547 117.469
47.12 53.4511 64.0179 117.469
47.14 93.1883 24.2805 117.469
47.16 103.201 14.2675 117.469
47.18 110.762 6.7067 117.469
47.2 94.311 23.1576 117.469
47.22 69.7676 47.7012 117.469
47.24 93.821 23.6477 117.469
47.26 96.0393 21.4292 117.468
47.28 47.0581 70.4109 117.469
47.3 86.0533 31.4155 117.469
47.32 100.534 16.9349 117.469
47.34 77.9348 39.5338 117.469
47.36 92.7314 24.7371 117.469
47.38 86.1193 31.3496 117.469
47.4 63.3018 54.1671 117.469
47.42 104.541 12.9275 117.469
47.44 104.868 12.6009 117.469
47.46 86.6237 30.8451 117.469
47.48 57.2106 60.2583 117.469
47.5 77.4309 40.0378 117.469
47.52 65.0304 52.4384 117.469
47.54 67.5565 49.9125 117.469
47.56 81.3364 36.1324 117.469
47.58 85.0272 32.4417 117.469
47.6 95.926 21.5431 117.469
47.62 77.5643 39.9047 117.469
47.64 55.5998 61.8694 117.469
47.66 85.5403 31.9286 117.469
47.68 83.4967 33.9722 117.469
47.7 58.4272 59.042 117.469
47.72 99.5844 17.8843 117.469
47.74 79.3199 38.1491 117.469
47.76 64.2727 53.1965 117.469
47.78 103.914 13.5544 117.469
47.8 71.7492 45.7198 117.469
47.82 69.4616 48.0074 117.469
47.84 86.5622 30.9067 117.469
47.86 96.368 21.1009 117.469
47.88 99.7837 17.6856 117.469
47.9 119.45 -1.981 117.469
47.92 92.5614 24.9081 117.469
47.94 82.9683 34.5009 117.469
47.96 88.4239 29.0452 117.469
47.98 85.3971 32.0723 117.469
48 104.286 13.1828 117.469
48.02 102.613 14.8559 117.469
48.04 63.2448 54.225 117.47
48.06 117.205 0.264172 117.469
48.08 88.7192 28.7503 117.47
48.1 80.4049 37.0645 117.469
48.12 94.7552 22.7141 117.469
48.14 102.854 14.6156 117.469
48.16 87.3356 30.1337 117.469
48.18 64.888 52.5814 117.469
48.2 90.8834 26.5858 117.469
48.22 96.5455 20.9238 117.469
48.24 66.7792 50.6905 117.47
48.26 105.394 12.0749 117.469
48.28 67.5773 49.8923 117.47
48.3 100.729 16.7397 117.469
48.32 70.8179 46.6518 117.47
48.34 119.993 -2.52396 117.469
48.36 105.497 11.9729 117.47
48.38 102.854 14.6151 117.469
48.4 75.1145 42.3547 117.469
48.42 114.256 3.21332 117.469
48.44 99.2793 18.19 117.469
48.46 90.4555 27.0138 117.469
48.48 116.613 0.856228 117.469
48.5 94.954 22.5153 117.469
48.52 92.2254 25.2439 117.469
48.54 96.65 20.8193 117.469
48.56 99.2068 18.2625 117.469
48.58 88.2506 29.2188 117.469
48.6 106.078 11.3909 117.469
48.62 78.7562 38.7129 117.469
48.64 79.5516 37.9175 117.469
48.66 68.0833 49.3858 117.469
48.68 75.7586 41.7107 117.469
48.7 106.97 10.4987 117.469
48.72 82.1899 35.2795 117.469
48.74 71.5075 45.9619 117.469
48.76 78.9768 38.4923 117.469
48.78 89.6975 27.7717 117.469
48.8 102.149 15.3198 117.469
48.82 107.468 10.0013 117.469
48.84 54.9859 62.4837 117.47
48.86 101.005 16.4646 117.469
48.88 99.5931 17.8763 117.469
48.9 88.6327 28.8367 117.469
48.92 101.577 15.8919 117.469
48.94 104.123 13.3464 117.469
48.96 97.616 19.8534 117.469
48.98 86.0529 31.4166 117.469
49 87.7084 29.761 117.469
49.02 97.9294 19.5399 117.469
49.04 123.773 -6.30394 117.469
49.06 89.8326 27.6369 117.47
49.08 92.083 25.3865 117.469
49.1 84.6688 32.8007 117.47
49.12 92.9604 24.509 117.469
49.14 97.8994 19.5701 117.47
49.16 100.365 17.1039 117.469
49.18 89.1846 28.2849 117.469
49.2 103.489 13.9807 117.469
49.22 76.2408 41.2285 117.469
49.24 91.8985 25.5709 117.469
49.26 95.4554 22.0139 117.469
49.28 66.33 51.1393 117.469
49.3 72.5713 44.898 117.469
49.32 94.4099 23.0594 117.469
49.34 91.4734 25.9963 117.47
49.36 109.616 7.85345 117.469
49.38 83.1081 34.3613 117.469
49.4 90.1839 27.2854 117.469
49.42 98.8284 18.6406 117.469
49.44 80.6806 36.7885 117.469
49.46 106.022 11.4474 117.469
49.48 71.7667 45.7026 117.469
49.5 73.7457 43.7232 117.469
49.52 92.9592 24.5097 117.469
49.54 92.688 24.781 117.469
49.56 92.1122 25.357 117.469
49.58 87.3061 30.1631 117.469
49.6 66.7072 50.762 117.469
49.62 73.5145 43.9546 117.469
49.64 81.6229 35.8463 117.469
49.66 103.987 13.4818 117.469
49.68 87.18 30.2893 117.469
49.7 89.268 28.2012 117.469
49.72 105.315 12.1547 117.469
49.74 109.416 8.05291 117.469
49.76 95.1253 22.3442 117.469
49.78 53.32 64.1497 117.47
49.8 83.4066 34.0628 117.469
49.82 89.6147 27.8548 117.469
49.84 112.583 4.88619 117.469
49.86 97.9729 19.4965 117.469
49.88 79.3736 38.0959 117.469
49.9 91.3869 26.0824 117.469
49.92 90.4848 26.9847 117.47
49.94 114.426 3.04336 117.469
49.96 97.8984 19.5709 117.469
49.98 74.2542 43.2152 117.469
