0.02, 1.84107e-09
0.04, 4.96138e-08
0.06, 2.62847e-07
0.08, 6.63841e-07
0.1, 1.04806e-06
0.12, 1.13779e-06
0.14, 8.62245e-07
0.16, 4.32552e-07
0.18, 1.21453e-07
0.2, 1.16941e-08
0.22, 2.10685e-10
0.24, 1.46273e-08
0.26, 1.3615e-07
0.28, 4.61069e-07
0.3, 8.89938e-07
0.32, 1.14437e-06
0.34, 1.02828e-06
0.36, 6.33131e-07
0.38, 2.41023e-07
0.4, 4.23928e-08
0.42, 1.30879e-09
0.44, 2.02688e-09
0.46, 4.14602e-08
0.48, 1.97049e-07
0.5, 4.74162e-07
0.52, 7.37772e-07
0.54, 8.11214e-07
0.56, 6.40885e-07
0.58, 3.48517e-07
0.6, 1.13903e-07
0.62, 1.53613e-08
0.64, 1.4657e-09
0.66, 3.43634e-08
0.68, 1.91269e-07
0.7, 5.04729e-07
0.72, 8.46966e-07
0.74, 1.01619e-06
0.76, 9.07655e-07
0.78, 5.96309e-07
0.8, 2.6827e-07
0.82, 6.96269e-08
0.84, 7.37585e-09
0.86, 1.8273e-08
0.88, 1.3809e-07
0.9, 4.37171e-07
0.92, 8.27397e-07
0.94, 1.06729e-06
0.96, 9.91725e-07
0.98, 6.75038e-07
1, 3.35534e-07
1.02, 1.21288e-07
1.04, 3.38586e-08
1.06, 4.0068e-08
1.08, 1.55328e-07
1.1, 4.28236e-07
1.12, 8.12908e-07
1.14, 1.08425e-06
1.16, 1.03426e-06
1.18, 7.04428e-07
1.2, 3.34553e-07
1.22, 1.05514e-07
1.24, 2.28139e-08
1.26, 3.75567e-08
1.28, 1.53451e-07
1.3, 4.23092e-07
1.32, 7.99277e-07
1.34, 1.07266e-06
1.36, 1.03491e-06
1.38, 7.00326e-07
1.4, 3.07449e-07
1.42, 7.32488e-08
1.44, 5.80724e-09
1.46, 6.95037e-09
1.48, 8.35389e-08
1.5, 3.03075e-07
1.52, 6.05255e-07
1.54, 8.05157e-07
1.56, 7.63974e-07
1.58, 5.20369e-07
1.6, 2.41519e-07
1.62, 6.58129e-08
1.64, 1.41511e-08
1.66, 5.57985e-08
1.68, 2.3559e-07
1.7, 5.55685e-07
1.72, 8.7932e-07
1.74, 1.01365e-06
1.76, 8.71778e-07
1.78, 5.51947e-07
1.8, 2.48803e-07
1.82, 8.3116e-08
1.84, 7.07641e-08
1.86, 2.22584e-07
1.88, 4.71726e-07
1.9, 6.47884e-07
1.92, 6.38911e-07
1.94, 4.89519e-07
1.96, 3.24375e-07
1.98, 2.32942e-07
2, 2.4809e-07
2.02, 3.76868e-07
2.04, 6.32165e-07
2.06, 8.76118e-07
2.08, 9.07232e-07
2.1, 6.71348e-07
2.12, 3.32014e-07
2.14, 1.10792e-07
2.16, 8.43055e-08
2.18, 2.20692e-07
2.2, 4.83881e-07
2.22, 7.25122e-07
2.24, 7.77675e-07
2.26, 6.04304e-07
2.28, 3.35244e-07
2.3, 1.34227e-07
2.32, 9.3007e-08
2.34, 2.53626e-07
2.36, 5.18891e-07
2.38, 7.05896e-07
2.4, 7.12136e-07
2.42, 5.97321e-07
2.44, 4.93541e-07
2.46, 4.54189e-07
2.48, 4.22879e-07
2.5, 3.94216e-07
2.52, 4.33824e-07
2.54, 5.63353e-07
2.56, 7.18483e-07
2.58, 7.94997e-07
2.6, 7.84714e-07
2.62, 7.08659e-07
2.64, 5.60132e-07
2.66, 4.07884e-07
2.68, 4.65387e-07
2.7, 1.09197e-06
2.72, 2.82365e-06
2.74, 6.51458e-06
2.76, 1.34037e-05
2.78, 2.48907e-05
2.8, 4.28282e-05
2.82, 7.00819e-05
2.84, 0.000112216
2.86, 0.000179097
2.88, 0.000283553
2.9, 0.000446967
2.92, 0.000703687
2.94, 0.0011067
2.96, 0.0017355
2.98, 0.00270742
3, 0.00419574
3.02, 0.00645964
3.04, 0.00985591
3.06, 0.0148436
3.08, 0.0219307
3.1, 0.0314069
3.12, 0.0425752
3.14, 0.052142
3.16, 0.0542902
3.18, 0.0472733
3.2, 0.0361851
3.22, 0.0258028
3.24, 0.0177695
3.26, 0.0120477
3.28, 0.00809774
3.3, 0.00538922
3.32, 0.0035413
3.34, 0.00230547
3.36, 0.00150224
3.38, 0.00100411
3.4, 0.000709959
3.42, 0.000529696
3.44, 0.000413408
3.46, 0.00034867
3.48, 0.000313172
3.5, 0.000284
3.52, 0.00028995
3.54, 0.000383218
3.56, 0.00055384
3.58, 0.000741502
3.6, 0.000950768
3.62, 0.00128595
3.64, 0.0018765
3.66, 0.00285402
3.68, 0.0044168
3.7, 0.00683779
3.72, 0.0104249
3.74, 0.0155385
3.76, 0.0226298
3.78, 0.0320281
3.8, 0.0431758
3.82, 0.0529947
3.84, 0.0557341
3.86, 0.0491263
3.88, 0.0377751
3.9, 0.0267995
3.92, 0.0184831
3.94, 0.0130421
3.96, 0.00976995
3.98, 0.00789347
4, 0.00694373
4.02, 0.00671727
4.04, 0.00712339
4.06, 0.00820963
4.08, 0.0102332
4.1, 0.0135648
4.12, 0.0185013
4.14, 0.0251634
4.16, 0.0334112
4.18, 0.0423496
4.2, 0.0494271
4.22, 0.0510806
4.24, 0.0470381
4.26, 0.0414538
4.28, 0.0373772
4.3, 0.0344227
4.32, 0.0310264
4.34, 0.0268502
4.36, 0.0230974
4.38, 0.0213528
4.4, 0.0228247
4.42, 0.0280074
4.44, 0.036326
4.46, 0.0460363
4.48, 0.0543524
4.5, 0.0579027
4.52, 0.0549592
4.54, 0.0475598
4.56, 0.039234
4.58, 0.0321211
4.6, 0.0266759
4.62, 0.0226444
4.64, 0.0201822
4.66, 0.020206
4.68, 0.023684
4.7, 0.0307945
4.72, 0.0404712
4.74, 0.049622
4.76, 0.0530866
4.78, 0.0483932
4.8, 0.0391717
4.82, 0.029969
4.84, 0.0226707
4.86, 0.0173266
4.88, 0.0135916
4.9, 0.0114362
4.92, 0.0111206
4.94, 0.0129748
4.96, 0.0173663
4.98, 0.0244276
5, 0.0334275
5.02, 0.0426031
5.04, 0.0503807
5.06, 0.0567208
5.08, 0.0627874
5.1, 0.0696456
5.12, 0.0777594
5.14, 0.0885203
5.16, 0.103244
5.18, 0.118741
5.2, 0.126345
5.22, 0.120151
5.24, 0.104517
5.26, 0.087618
5.28, 0.0747612
5.3, 0.0673374
5.32, 0.0636007
5.34, 0.0609701
5.36, 0.0584269
5.38, 0.05688
5.4, 0.0572809
5.42, 0.058741
5.44, 0.0580705
5.46, 0.0513208
5.48, 0.0386257
5.5, 0.025229
5.52, 0.0169173
5.54, 0.0172329
5.56, 0.0265921
5.58, 0.0419478
5.6, 0.0554217
5.62, 0.0577507
5.64, 0.0507837
5.66, 0.0426966
5.68, 0.036897
5.7, 0.0333224
5.72, 0.0319751
5.74, 0.0340458
5.76, 0.0401512
5.78, 0.0481013
5.8, 0.0531901
5.82, 0.0529756
5.84, 0.0499855
5.86, 0.0474846
5.88, 0.0456129
5.9, 0.0423729
5.92, 0.0371052
5.94, 0.0314518
5.96, 0.0279518
5.98, 0.0294679
6, 0.0381955
6.02, 0.0524416
6.04, 0.0654479
6.06, 0.0705185
6.08, 0.0673711
6.1, 0.0602205
6.12, 0.0527248
6.14, 0.0471618
6.16, 0.0452988
6.18, 0.0485935
6.2, 0.0572213
6.22, 0.0680515
6.24, 0.0744721
6.26, 0.0730711
6.28, 0.0684299
6.3, 0.0666617
6.32, 0.0700828
6.34, 0.0776751
6.36, 0.0866853
6.38, 0.0933548
6.4, 0.0945447
6.42, 0.0910328
6.44, 0.0878581
6.46, 0.0898366
6.48, 0.0968627
6.5, 0.10404
6.52, 0.106208
6.54, 0.102259
6.56, 0.0955695
6.58, 0.0909013
6.6, 0.0908474
6.62, 0.0926008
6.64, 0.0881527
6.66, 0.0723763
6.68, 0.0510578
6.7, 0.0333507
6.72, 0.0226796
6.74, 0.0180981
6.76, 0.0178708
6.78, 0.0208888
6.8, 0.0261739
6.82, 0.0317531
6.84, 0.0350501
6.86, 0.0360584
6.88, 0.0373794
6.9, 0.0399212
6.92, 0.0424146
6.94, 0.0436239
6.96, 0.0432517
6.98, 0.0418173
7, 0.0404361
7.02, 0.0404995
7.04, 0.0430383
7.06, 0.0473201
7.08, 0.050539
7.1, 0.051775
7.12, 0.0518979
7.14, 0.0508709
7.16, 0.0502006
7.18, 0.0522569
7.2, 0.0581325
7.22, 0.0669133
7.24, 0.0758249
7.26, 0.0822543
7.28, 0.0862586
7.3, 0.0903203
7.32, 0.0970443
7.34, 0.106734
7.36, 0.117459
7.38, 0.126674
7.4, 0.131816
7.42, 0.130709
7.44, 0.123009
7.46, 0.112183
7.48, 0.10615
7.5, 0.112073
7.52, 0.125576
7.54, 0.132389
7.56, 0.124237
7.58, 0.106741
7.6, 0.0892014
7.62, 0.0772315
7.64, 0.0728003
7.66, 0.0743439
7.68, 0.0773359
7.7, 0.0765771
7.72, 0.0701401
7.74, 0.0610301
7.76, 0.0534841
7.78, 0.0493454
7.8, 0.0477906
7.82, 0.0464369
7.84, 0.0423124
7.86, 0.0342098
7.88, 0.0255224
7.9, 0.0225996
7.92, 0.029699
7.94, 0.0442103
7.96, 0.0576332
7.98, 0.062494
8, 0.0585462
8.02, 0.050836
8.04, 0.0444742
8.06, 0.0429618
8.08, 0.047759
8.1, 0.0570801
8.12, 0.0660767
8.14, 0.0703271
8.16, 0.0696826
8.18, 0.067065
8.2, 0.065125
8.22, 0.0651464
8.24, 0.0673291
8.26, 0.0713472
8.28, 0.0768133
8.3, 0.0837355
8.32, 0.0923151
8.34, 0.101892
8.36, 0.111044
8.38, 0.1191
8.4, 0.126218
8.42, 0.131596
8.44, 0.132577
8.46, 0.127091
8.48, 0.117277
8.5, 0.10816
8.52, 0.103676
8.54, 0.10558
8.56, 0.114561
8.58, 0.130892
8.6, 0.153482
8.62, 0.177695
8.64, 0.193506
8.66, 0.189936
8.68, 0.168394
8.7, 0.142909
8.72, 0.126661
8.74, 0.124032
8.76, 0.129573
8.78, 0.13381
8.8, 0.129525
8.82, 0.116531
8.84, 0.100493
8.86, 0.0874533
8.88, 0.0803018
8.9, 0.0771272
8.92, 0.072647
8.94, 0.0634
8.96, 0.0516586
8.98, 0.0419384
9, 0.0370701
9.02, 0.0376014
9.04, 0.0413137
9.06, 0.0434517
9.08, 0.0403986
9.1, 0.0347523
9.12, 0.0319164
9.14, 0.0350761
9.16, 0.0448109
9.18, 0.0592582
9.2, 0.0745757
9.22, 0.086322
9.24, 0.0905414
9.26, 0.0856064
9.28, 0.0760001
9.3, 0.0684676
9.32, 0.0651377
9.34, 0.0639676
9.36, 0.0619835
9.38, 0.0577345
9.4, 0.0515709
9.42, 0.0451764
9.44, 0.041172
9.46, 0.0418388
9.48, 0.0471485
9.5, 0.0534047
9.52, 0.0544649
9.54, 0.0479978
9.56, 0.038232
9.58, 0.0303563
9.6, 0.0276602
9.62, 0.0315336
9.64, 0.0409217
9.66, 0.0522579
9.68, 0.0610588
9.7, 0.065093
9.72, 0.0657565
9.74, 0.0658622
9.76, 0.0669859
9.78, 0.0683683
9.8, 0.067933
9.82, 0.0644973
9.84, 0.0590206
9.86, 0.0540261
9.88, 0.0527222
9.9, 0.0578905
9.92, 0.0690861
9.94, 0.0805194
9.96, 0.0849367
9.98, 0.0818846
10, 0.0768995
10.02, 0.0745678
10.04, 0.0766924
10.06, 0.0829154
10.08, 0.0901872
10.1, 0.0932647
10.12, 0.0902831
10.14, 0.0856472
10.16, 0.0834888
10.18, 0.0845378
10.2, 0.0882712
10.22, 0.0940323
10.24, 0.100879
10.26, 0.107779
10.28, 0.113812
10.3, 0.118086
10.32, 0.12041
10.34, 0.12226
10.36, 0.124886
10.38, 0.127142
10.4, 0.126689
10.42, 0.121653
10.44, 0.111535
10.46, 0.0981321
10.48, 0.0852694
10.5, 0.0773176
10.52, 0.0770528
10.54, 0.0819145
10.56, 0.0832065
10.58, 0.0749724
10.6, 0.0604449
10.62, 0.0467211
10.64, 0.0386811
10.66, 0.037563
10.68, 0.0413467
10.7, 0.0452694
10.72, 0.0429063
10.74, 0.0320298
10.76, 0.018691
10.78, 0.00910696
10.8, 0.00443295
10.82, 0.002842
10.84, 0.00256449
10.86, 0.00282311
10.88, 0.00330057
10.9, 0.00380499
10.92, 0.00445931
10.94, 0.00563526
10.96, 0.00681663
10.98, 0.00704393
11, 0.00832162
11.02, 0.0129367
11.04, 0.0199856
11.06, 0.0268418
11.08, 0.0309077
11.1, 0.0314352
11.12, 0.0309257
11.14, 0.033702
11.16, 0.0425928
11.18, 0.0568408
11.2, 0.0716567
11.22, 0.0805172
11.24, 0.0814277
11.26, 0.0784734
11.28, 0.0771102
11.3, 0.0813951
11.32, 0.0928981
11.34, 0.109711
11.36, 0.126983
11.38, 0.139354
11.4, 0.14424
11.42, 0.143377
11.44, 0.14078
11.46, 0.139023
11.48, 0.137772
11.5, 0.136003
11.52, 0.133884
11.54, 0.132474
11.56, 0.13315
11.58, 0.137149
11.6, 0.14459
11.62, 0.153492
11.64, 0.159846
11.66, 0.159061
11.68, 0.148539
11.7, 0.129579
11.72, 0.106677
11.74, 0.0850349
11.76, 0.0685148
11.78, 0.0587821
11.8, 0.0546926
11.82, 0.0526009
11.84, 0.0511046
11.86, 0.0513888
11.88, 0.0525262
11.9, 0.0517471
11.92, 0.0470269
11.94, 0.038941
11.96, 0.0302547
11.98, 0.0237523
12, 0.0206702
12.02, 0.0207328
12.04, 0.0229859
12.06, 0.0264222
12.08, 0.0302509
12.1, 0.0338394
12.12, 0.0366327
12.14, 0.0383411
12.16, 0.0390992
12.18, 0.0393099
12.2, 0.039282
12.22, 0.0391059
12.24, 0.0388483
12.26, 0.0386702
12.28, 0.038922
12.3, 0.040292
12.32, 0.0436692
12.34, 0.0494736
12.36, 0.0569669
12.38, 0.0642305
12.4, 0.0688161
12.42, 0.0689493
12.44, 0.0647649
12.46, 0.057867
12.48, 0.050016
12.5, 0.0426911
12.52, 0.0372088
12.54, 0.0345636
12.56, 0.0349479
12.58, 0.0380921
12.6, 0.0439009
12.62, 0.0521668
12.64, 0.0617024
12.66, 0.069588
12.68, 0.0722354
12.7, 0.0692657
12.72, 0.0656846
12.74, 0.067799
12.76, 0.0776043
12.78, 0.0919564
12.8, 0.105477
12.82, 0.112919
12.84, 0.111739
12.86, 0.103759
12.88, 0.0936236
12.9, 0.0857936
12.92, 0.0826196
12.94, 0.084194
12.96, 0.0892009
12.98, 0.0951622
13, 0.0984353
13.02, 0.095686
13.04, 0.0872299
13.06, 0.0774276
13.08, 0.0704477
13.1, 0.0668039
13.12, 0.0633487
13.14, 0.0573393
13.16, 0.050059
13.18, 0.0446506
13.2, 0.0428827
13.22, 0.0444844
13.24, 0.0476763
13.26, 0.0505202
13.28, 0.0522355
13.3, 0.053227
13.32, 0.054134
13.34, 0.0548972
13.36, 0.0547591
13.38, 0.05338
13.4, 0.0517444
13.42, 0.0516583
13.44, 0.0547128
13.46, 0.061784
13.48, 0.0727216
13.5, 0.085954
13.52, 0.0990899
13.54, 0.110368
13.56, 0.118985
13.58, 0.12465
13.6, 0.127791
13.62, 0.129439
13.64, 0.130539
13.66, 0.131465
13.68, 0.131805
13.7, 0.130663
13.72, 0.127214
13.74, 0.121184
13.76, 0.113001
13.78, 0.103255
13.8, 0.0921083
13.82, 0.0802052
13.84, 0.0704049
13.86, 0.066599
13.88, 0.0700984
13.9, 0.0779474
13.92, 0.0840597
13.94, 0.0821984
13.96, 0.0715545
13.98, 0.0577236
14, 0.0456573
14.02, 0.0366673
14.04, 0.0306378
14.06, 0.0273017
14.08, 0.0261995
14.1, 0.0266628
14.12, 0.0278384
14.14, 0.0287534
14.16, 0.0286492
14.18, 0.0274751
14.2, 0.0260846
14.22, 0.0255769
14.24, 0.0262537
14.26, 0.0274736
14.28, 0.0287619
14.3, 0.031103
14.32, 0.0366733
14.34, 0.047239
14.36, 0.0619675
14.38, 0.0763525
14.4, 0.0852997
14.42, 0.0878886
14.44, 0.0873812
14.46, 0.0883421
14.48, 0.0949728
14.5, 0.108716
14.52, 0.125396
14.54, 0.136551
14.56, 0.136291
14.58, 0.127225
14.6, 0.116907
14.62, 0.111748
14.64, 0.114369
14.66, 0.122814
14.68, 0.131756
14.7, 0.137054
14.72, 0.138362
14.74, 0.135806
14.76, 0.128939
14.78, 0.119342
14.8, 0.11007
14.82, 0.102192
14.84, 0.0940119
14.86, 0.0830581
14.88, 0.0686076
14.9, 0.0537931
14.92, 0.0441035
14.94, 0.0421204
14.96, 0.0454802
14.98, 0.0503606
15, 0.0543221
15.02, 0.0565261
15.04, 0.0565827
15.06, 0.0530263
15.08, 0.0438887
15.1, 0.0315615
15.12, 0.0222322
15.14, 0.019123
15.16, 0.0228849
15.18, 0.0331446
15.2, 0.0465332
15.22, 0.0564507
15.24, 0.0570929
15.26, 0.0498493
15.28, 0.041478
15.3, 0.0372905
15.32, 0.0394406
15.34, 0.048219
15.36, 0.0632151
15.38, 0.0828285
15.4, 0.102284
15.42, 0.113429
15.44, 0.110812
15.46, 0.0976851
15.48, 0.0819899
15.5, 0.070328
15.52, 0.0658278
15.54, 0.068279
15.56, 0.0753006
15.58, 0.0839722
15.6, 0.0931044
15.62, 0.104025
15.64, 0.117834
15.66, 0.131865
15.68, 0.138803
15.7, 0.132997
15.72, 0.118463
15.74, 0.103996
15.76, 0.0965236
15.78, 0.0991487
15.8, 0.109194
15.82, 0.118922
15.84, 0.118953
15.86, 0.106317
15.88, 0.0891356
15.9, 0.0769635
15.92, 0.0742677
15.94, 0.0806053
15.96, 0.0910901
15.98, 0.0992718
16, 0.10091
16.02, 0.0931331
16.04, 0.0754853
16.06, 0.0535027
16.08, 0.0347823
16.1, 0.0239704
16.12, 0.0216197
16.14, 0.0249915
16.16, 0.0300094
16.18, 0.0338719
16.2, 0.0368519
16.22, 0.0410815
16.24, 0.0482367
16.26, 0.0569979
16.28, 0.0620571
16.3, 0.0609637
16.32, 0.0583642
16.34, 0.0587639
16.36, 0.0646378
16.38, 0.0768194
16.4, 0.0920408
16.42, 0.105629
16.44, 0.11217
16.46, 0.106032
16.48, 0.0925625
16.5, 0.0834051
16.52, 0.0816613
16.54, 0.0828989
16.56, 0.0817633
16.58, 0.0752724
16.6, 0.0645864
16.62, 0.0544906
16.64, 0.0502106
16.66, 0.0544253
16.68, 0.0658277
16.7, 0.0803486
16.72, 0.0927463
16.74, 0.0973553
16.76, 0.090909
16.78, 0.0763707
16.8, 0.061945
16.82, 0.0560502
16.84, 0.0613009
16.86, 0.0731899
16.88, 0.0847574
16.9, 0.089337
16.92, 0.0842855
16.94, 0.0730607
16.96, 0.0611898
16.98, 0.0530126
17, 0.0498051
17.02, 0.0483148
17.04, 0.0437348
17.06, 0.0353969
17.08, 0.0266815
17.1, 0.0205378
17.12, 0.0179883
17.14, 0.0189407
17.16, 0.0227894
17.18, 0.0280658
17.2, 0.0314296
17.22, 0.0298552
17.24, 0.0255033
17.26, 0.0222187
17.28, 0.0213663
17.3, 0.0229137
17.32, 0.026462
17.34, 0.031111
17.36, 0.0351458
17.38, 0.0375317
17.4, 0.0404329
17.42, 0.0477039
17.44, 0.060957
17.46, 0.0775533
17.48, 0.0909311
17.5, 0.0937107
17.52, 0.0850008
17.54, 0.0719972
17.56, 0.0634063
17.58, 0.0656373
17.6, 0.0794413
17.62, 0.0990225
17.64, 0.112611
17.66, 0.108897
17.68, 0.0922829
17.7, 0.0765048
17.72, 0.0731197
17.74, 0.0846878
17.76, 0.101694
17.78, 0.112709
17.8, 0.114035
17.82, 0.108731
17.84, 0.100573
17.86, 0.0924552
17.88, 0.0867936
17.9, 0.0851941
17.92, 0.0871886
17.94, 0.0907552
17.96, 0.096084
17.98, 0.105065
18, 0.1173
18.02, 0.130024
18.04, 0.139812
18.06, 0.143491
18.08, 0.138443
18.1, 0.124499
18.12, 0.107232
18.14, 0.097058
18.16, 0.101657
18.18, 0.116624
18.2, 0.13026
18.22, 0.135915
18.24, 0.134004
18.26, 0.126976
18.28, 0.116836
18.3, 0.105863
18.32, 0.0984681
18.34, 0.101106
18.36, 0.114642
18.38, 0.127059
18.4, 0.125756
18.42, 0.115499
18.44, 0.106588
18.46, 0.10279
18.48, 0.103249
18.5, 0.105719
18.52, 0.107617
18.54, 0.106124
18.56, 0.100255
18.58, 0.094285
18.6, 0.0937137
18.62, 0.0980632
18.64, 0.102661
18.66, 0.102807
18.68, 0.0972955
18.7, 0.0906578
18.72, 0.0900979
18.74, 0.100353
18.76, 0.118306
18.78, 0.130239
18.8, 0.121992
18.82, 0.0991571
18.84, 0.075474
18.86, 0.0580234
18.88, 0.0495494
18.9, 0.049893
18.92, 0.0558304
18.94, 0.0612854
18.96, 0.0598632
18.98, 0.052067
19, 0.0440974
19.02, 0.03997
19.04, 0.0398389
19.06, 0.0418421
19.08, 0.043872
19.1, 0.0446766
19.12, 0.0439297
19.14, 0.0424877
19.16, 0.0429494
19.18, 0.0464653
19.2, 0.0508147
19.22, 0.0522623
19.24, 0.0483702
19.26, 0.0399959
19.28, 0.0307586
19.3, 0.0250443
19.32, 0.0266132
19.34, 0.0370802
19.36, 0.0542429
19.38, 0.0719674
19.4, 0.0825274
19.42, 0.0829087
19.44, 0.0761147
19.46, 0.0662479
19.48, 0.0572714
19.5, 0.0522291
19.52, 0.0515735
19.54, 0.0533604
19.56, 0.054535
19.58, 0.053261
19.6, 0.0502833
19.62, 0.0473587
19.64, 0.0456432
19.66, 0.0452282
19.68, 0.0449657
19.7, 0.0429261
19.72, 0.0383291
19.74, 0.0332817
19.76, 0.0315031
19.78, 0.0356555
19.8, 0.046256
19.82, 0.0621134
19.84, 0.0809247
19.86, 0.0993272
19.88, 0.113273
19.9, 0.120282
19.92, 0.1225
19.94, 0.125916
19.96, 0.136372
19.98, 0.15399
20, 0.17011
20.02, 0.184616
20.04, 0.20654
20.06, 0.232098
20.08, 0.24818
20.1, 0.241633
20.12, 0.214806
20.14, 0.180889
20.16, 0.150736
20.18, 0.130464
20.2, 0.121723
20.22, 0.121695
20.24, 0.125402
20.26, 0.127886
20.28, 0.125134
20.3, 0.115362
20.32, 0.0989383
20.34, 0.0778383
20.36, 0.0578789
20.38, 0.0460726
20.4, 0.0427517
20.42, 0.0428157
20.44, 0.0422975
20.46, 0.042351
20.48, 0.0466757
20.5, 0.0556627
20.52, 0.0638306
20.54, 0.0644622
20.56, 0.0610706
20.58, 0.0616706
20.6, 0.0687851
20.62, 0.0808643
20.64, 0.0960475
20.66, 0.11351
20.68, 0.131809
20.7, 0.144557
20.72, 0.139366
20.74, 0.118047
20.76, 0.0986973
20.78, 0.0899951
20.8, 0.0908941
20.82, 0.0987509
20.84, 0.113054
20.86, 0.13326
20.88, 0.152313
20.9, 0.151028
20.92, 0.122764
20.94, 0.0886568
20.96, 0.0636616
20.98, 0.0520039
21, 0.0543899
21.02, 0.0688331
21.04, 0.0895594
21.06, 0.109667
21.08, 0.119857
21.1, 0.111479
21.12, 0.0917391
21.14, 0.0739368
21.16, 0.0648887
21.18, 0.065583
21.2, 0.0731895
21.22, 0.0833475
21.24, 0.0910209
21.26, 0.0926201
21.28, 0.090094
21.3, 0.0889416
21.32, 0.090813
21.34, 0.0899027
21.36, 0.077881
21.38, 0.0575673
21.4, 0.0429701
21.42, 0.0449206
21.44, 0.0622305
21.46, 0.0830582
21.48, 0.0939662
21.5, 0.0869566
21.52, 0.066173
21.54, 0.0427287
21.56, 0.0248909
21.58, 0.0147163
21.6, 0.0111896
21.62, 0.0132479
21.64, 0.0198632
21.66, 0.0289919
21.68, 0.0355961
21.7, 0.0357449
21.72, 0.0327191
21.74, 0.0314399
21.76, 0.0345709
21.78, 0.04309
21.8, 0.0561697
21.82, 0.0699745
21.84, 0.0789996
21.86, 0.0852707
21.88, 0.0974135
21.9, 0.114883
21.92, 0.126973
21.94, 0.134691
21.96, 0.145415
21.98, 0.159253
22, 0.171933
22.02, 0.179016
22.04, 0.179705
22.06, 0.175653
22.08, 0.168153
22.1, 0.158913
22.12, 0.150077
22.14, 0.141729
22.16, 0.132429
22.18, 0.121357
22.2, 0.108604
22.22, 0.094659
22.24, 0.0804275
22.26, 0.0682049
22.28, 0.0615815
22.3, 0.0621429
22.32, 0.0667561
22.34, 0.0706133
22.36, 0.0724352
22.38, 0.0748829
22.4, 0.0806622
22.42, 0.0890235
22.44, 0.0944159
22.46, 0.0902729
22.48, 0.0770662
22.5, 0.0621718
22.52, 0.0526485
22.54, 0.0511432
22.56, 0.0554653
22.58, 0.0611027
22.6, 0.063537
22.62, 0.0601784
22.64, 0.0519334
22.66, 0.0418763
22.68, 0.032948
22.7, 0.0272487
22.72, 0.0262398
22.74, 0.0312263
22.76, 0.0430463
22.78, 0.060438
22.8, 0.0784825
22.82, 0.0888616
22.84, 0.0860069
22.86, 0.0720576
22.88, 0.0533358
22.9, 0.0366217
22.92, 0.0262442
22.94, 0.0239219
22.96, 0.0297276
22.98, 0.0429645
23, 0.0607525
23.02, 0.0754619
23.04, 0.078823
23.06, 0.0727761
23.08, 0.0653973
23.1, 0.0610029
23.12, 0.0595497
23.14, 0.0595159
23.16, 0.0599418
23.18, 0.0609546
23.2, 0.0632251
23.22, 0.0666784
23.24, 0.0698906
23.26, 0.0715632
23.28, 0.0719692
23.3, 0.0718856
23.32, 0.0701555
23.34, 0.0619903
23.36, 0.0457189
23.38, 0.030282
23.4, 0.0249135
23.42, 0.0305914
23.44, 0.0389465
23.46, 0.0386012
23.48, 0.032437
23.5, 0.0276961
23.52, 0.0249171
23.54, 0.0236337
23.56, 0.0240061
23.58, 0.0262949
23.6, 0.0308727
23.62, 0.0379034
23.64, 0.0466989
23.66, 0.0558573
23.68, 0.0632048
23.7, 0.0655739
23.72, 0.0613505
23.74, 0.0523199
23.76, 0.0419934
23.78, 0.0335855
23.8, 0.030341
23.82, 0.0362195
23.84, 0.0510136
23.86, 0.0635952
23.88, 0.0639483
23.9, 0.0564803
23.92, 0.0484759
23.94, 0.0440603
23.96, 0.0459987
23.98, 0.0569521
24, 0.0775671
24.02, 0.103879
24.04, 0.125996
24.06, 0.127974
24.08, 0.105798
24.1, 0.0768774
24.12, 0.0562873
24.14, 0.0497717
24.16, 0.0569532
24.18, 0.0731811
24.2, 0.0915633
24.22, 0.106485
24.24, 0.116401
24.26, 0.119993
24.28, 0.113675
24.3, 0.0994681
24.32, 0.0840153
24.34, 0.0717751
24.36, 0.0642377
24.38, 0.0624765
24.4, 0.0688331
24.42, 0.083685
24.44, 0.0993507
24.46, 0.101575
24.48, 0.0843674
24.5, 0.058159
24.52, 0.0351191
24.54, 0.0196845
24.56, 0.0110843
24.58, 0.00817104
24.6, 0.0105684
24.62, 0.0180345
24.64, 0.0299124
24.66, 0.0442433
24.68, 0.0560359
24.7, 0.0573288
24.72, 0.046593
24.74, 0.0316437
24.76, 0.0197702
24.78, 0.0151227
24.8, 0.0199541
24.82, 0.0342482
24.84, 0.0536165
24.86, 0.0698498
24.88, 0.0797697
24.9, 0.0880915
24.92, 0.097033
24.94, 0.101258
24.96, 0.0950258
24.98, 0.0848308
25, 0.0819873
25.02, 0.0902715
25.04, 0.107571
25.06, 0.130443
25.08, 0.152847
25.1, 0.164155
25.12, 0.155601
25.14, 0.129894
25.16, 0.100428
25.18, 0.0796616
25.2, 0.0715994
25.22, 0.0730406
25.24, 0.0790124
25.26, 0.0868446
25.28, 0.0966012
25.3, 0.108285
25.32, 0.115171
25.34, 0.109042
25.36, 0.0982436
25.38, 0.0903941
25.4, 0.0824548
25.42, 0.0702585
25.44, 0.0535504
25.46, 0.0365635
25.48, 0.0262827
25.5, 0.0289398
25.52, 0.0447843
25.54, 0.0603285
25.56, 0.0579255
25.58, 0.0476151
25.6, 0.0449438
25.62, 0.0537303
25.64, 0.0708697
25.66, 0.0920727
25.68, 0.112456
25.7, 0.125866
25.72, 0.133064
25.74, 0.146632
25.76, 0.170648
25.78, 0.19146
25.8, 0.193941
25.82, 0.175528
25.84, 0.146155
25.86, 0.116691
25.88, 0.0968641
25.9, 0.098327
25.92, 0.122256
25.94, 0.152323
25.96, 0.160661
25.98, 0.13932
26, 0.112981
26.02, 0.0966738
26.04, 0.0922931
26.06, 0.0955894
26.08, 0.101621
26.1, 0.110981
26.12, 0.124222
26.14, 0.130769
26.16, 0.121416
26.18, 0.108529
26.2, 0.103967
26.22, 0.107753
26.24, 0.11479
26.26, 0.120164
26.28, 0.121585
26.3, 0.121589
26.32, 0.126145
26.34, 0.136737
26.36, 0.143813
26.38, 0.137398
26.4, 0.120849
26.42, 0.102288
26.44, 0.0859478
26.46, 0.0740091
26.48, 0.0697045
26.5, 0.0781149
26.52, 0.101112
26.54, 0.129479
26.56, 0.144421
26.58, 0.142277
26.6, 0.138153
26.62, 0.135401
26.64, 0.12917
26.66, 0.117812
26.68, 0.102166
26.7, 0.084879
26.72, 0.0726802
26.74, 0.0721486
26.76, 0.0800509
26.78, 0.0870064
26.8, 0.0866352
26.82, 0.0784108
26.84, 0.0660517
26.86, 0.0534339
26.88, 0.0423113
26.9, 0.0338356
26.92, 0.0298792
26.94, 0.0304116
26.96, 0.0330279
26.98, 0.0353885
27, 0.0367036
27.02, 0.0372717
27.04, 0.037252
27.06, 0.0362425
27.08, 0.0333356
27.1, 0.0278441
27.12, 0.0204345
27.14, 0.0134263
27.16, 0.0101733
27.18, 0.0135702
27.2, 0.0244978
27.22, 0.041072
27.24, 0.0586406
27.26, 0.0695566
27.28, 0.0687594
27.3, 0.0609534
27.32, 0.0520588
27.34, 0.0444369
27.36, 0.0392722
27.38, 0.0381969
27.4, 0.0433907
27.42, 0.0565769
27.44, 0.076461
27.46, 0.0958423
27.48, 0.102826
27.5, 0.0924729
27.52, 0.0733866
27.54, 0.0555916
27.56, 0.045894
27.58, 0.0500944
27.6, 0.0687682
27.62, 0.0928392
27.64, 0.107359
27.66, 0.104858
27.68, 0.0934971
27.7, 0.082508
27.72, 0.0748741
27.74, 0.0703313
27.76, 0.0686576
27.78, 0.0705022
27.8, 0.075943
27.82, 0.0830726
27.84, 0.0882913
27.86, 0.0870858
27.88, 0.0783284
27.9, 0.0690231
27.92, 0.0668424
27.94, 0.0719624
27.96, 0.0777154
27.98, 0.0764516
28, 0.0672629
28.02, 0.0564339
28.04, 0.0497302
28.06, 0.0488187
28.08, 0.0520193
28.1, 0.055023
28.12, 0.0522745
28.14, 0.0420146
28.16, 0.0293364
28.18, 0.0211753
28.2, 0.0206212
28.22, 0.0262619
28.24, 0.0353772
28.26, 0.0453423
28.28, 0.0534454
28.3, 0.0573354
28.32, 0.0563966
28.34, 0.0531718
28.36, 0.0528911
28.38, 0.0602961
28.4, 0.0742483
28.42, 0.0877444
28.44, 0.0957975
28.46, 0.0987487
28.48, 0.0993539
28.5, 0.101149
28.52, 0.108267
28.54, 0.123052
28.56, 0.141409
28.58, 0.151373
28.6, 0.143874
28.62, 0.121425
28.64, 0.0918368
28.66, 0.0716021
28.68, 0.0696621
28.7, 0.0806935
28.72, 0.0985772
28.74, 0.116012
28.76, 0.121367
28.78, 0.110759
28.8, 0.0941469
28.82, 0.0816022
28.84, 0.077133
28.86, 0.0798982
28.88, 0.0872734
28.9, 0.0970713
28.92, 0.107392
28.94, 0.115579
28.96, 0.119049
28.98, 0.118567
29, 0.116947
29.02, 0.113719
29.04, 0.105812
29.06, 0.092645
29.08, 0.0778777
29.1, 0.0673519
29.12, 0.0666779
29.14, 0.0771396
29.16, 0.0930162
29.18, 0.10597
29.2, 0.112143
29.22, 0.11335
29.24, 0.11105
29.26, 0.103501
29.28, 0.0915153
29.3, 0.0805146
29.32, 0.0743076
29.34, 0.0745954
29.36, 0.0818106
29.38, 0.094256
29.4, 0.107355
29.42, 0.113597
29.44, 0.106772
29.46, 0.0889269
29.48, 0.0674301
29.5, 0.0485765
29.52, 0.03708
29.54, 0.0361056
29.56, 0.0460503
29.58, 0.0636875
29.6, 0.0825086
29.62, 0.0956998
29.64, 0.100806
29.66, 0.099854
29.68, 0.09602
29.7, 0.0921953
29.72, 0.0912718
29.74, 0.096114
29.76, 0.108704
29.78, 0.129049
29.8, 0.154799
29.82, 0.181655
29.84, 0.203817
29.86, 0.215589
29.88, 0.214955
29.9, 0.205574
29.92, 0.193824
29.94, 0.184241
29.96, 0.177897
29.98, 0.173985
30, 0.171822
30.02, 0.171566
30.04, 0.174631
30.06, 0.182813
30.08, 0.196035
30.1, 0.207839
30.12, 0.206006
30.14, 0.186322
30.16, 0.158458
30.18, 0.132563
30.2, 0.11203
30.22, 0.0958435
30.24, 0.0819835
30.26, 0.068663
30.28, 0.0550091
30.3, 0.0416189
30.32, 0.0298938
30.34, 0.0213698
30.36, 0.0169373
30.38, 0.0149276
30.4, 0.0128933
30.42, 0.0143192
30.44, 0.0243205
30.46, 0.0430237
30.48, 0.0663151
30.5, 0.0861793
30.52, 0.093532
30.54, 0.0859175
30.56, 0.069341
30.58, 0.053241
30.6, 0.0475876
30.62, 0.0564442
30.64, 0.0707969
30.66, 0.0771538
30.68, 0.0763912
30.7, 0.0801902
30.72, 0.0856887
30.74, 0.0848072
30.76, 0.0889903
30.78, 0.10122
30.8, 0.116643
30.82, 0.129203
30.84, 0.133553
30.86, 0.129815
30.88, 0.125209
30.9, 0.128026
30.92, 0.141621
30.94, 0.158903
30.96, 0.163729
30.98, 0.152272
31, 0.13462
31.02, 0.117466
31.04, 0.103177
31.06, 0.0923842
31.08, 0.084554
31.1, 0.0798907
31.12, 0.0803291
31.14, 0.0869293
31.16, 0.0975588
31.18, 0.109927
31.2, 0.126355
31.22, 0.14611
31.24, 0.157234
31.26, 0.146172
31.28, 0.119786
31.3, 0.0959684
31.32, 0.083299
31.34, 0.0823304
31.36, 0.091281
31.38, 0.107073
31.4, 0.123205
31.42, 0.130678
31.44, 0.126775
31.46, 0.11976
31.48, 0.117079
31.5, 0.114718
31.52, 0.100996
31.54, 0.0737946
31.56, 0.0488982
31.58, 0.0404375
31.6, 0.049119
31.62, 0.0639566
31.64, 0.0726532
31.66, 0.0722919
31.68, 0.0654712
31.7, 0.0530443
31.72, 0.038048
31.74, 0.0256499
31.76, 0.020774
31.78, 0.0281176
31.8, 0.0485481
31.82, 0.0736601
31.84, 0.0901562
31.86, 0.09499
31.88, 0.0927355
31.9, 0.0852546
31.92, 0.0739814
31.94, 0.0644849
31.96, 0.0653365
31.98, 0.0843001
32, 0.115984
32.02, 0.137635
32.04, 0.135998
32.06, 0.116209
32.08, 0.086208
32.1, 0.0579706
32.12, 0.0443012
32.14, 0.050817
32.16, 0.0743206
32.18, 0.099599
32.2, 0.108155
32.22, 0.0971397
32.24, 0.076846
32.26, 0.0645373
32.28, 0.0652249
32.3, 0.0712999
32.32, 0.0730701
32.34, 0.0681044
32.36, 0.0566673
32.38, 0.0437834
32.4, 0.0382271
32.42, 0.0400221
32.44, 0.0437408
32.46, 0.045566
32.48, 0.043418
32.5, 0.0373467
32.52, 0.0302928
32.54, 0.02717
32.56, 0.0349627
32.58, 0.058707
32.6, 0.093042
32.62, 0.120612
32.64, 0.127655
32.66, 0.120988
32.68, 0.111794
32.7, 0.103657
32.72, 0.0973599
32.74, 0.0970037
32.76, 0.103956
32.78, 0.115718
32.8, 0.125256
32.82, 0.123521
32.84, 0.115287
32.86, 0.117024
32.88, 0.134745
32.9, 0.157798
32.92, 0.168136
32.94, 0.15884
32.96, 0.139282
32.98, 0.124242
33, 0.134957
33.02, 0.178265
33.04, 0.224852
33.06, 0.234211
33.08, 0.202023
33.1, 0.155273
33.12, 0.111575
33.14, 0.0777857
33.16, 0.0586793
33.18, 0.0573589
33.2, 0.0666908
33.22, 0.0685122
33.24, 0.0522437
33.26, 0.0297303
33.28, 0.0138566
33.3, 0.00673629
33.32, 0.00503268
33.34, 0.00558757
33.36, 0.00715936
33.38, 0.00959076
33.4, 0.0134893
33.42, 0.0202912
33.44, 0.0306242
33.46, 0.0421252
33.48, 0.0504545
33.5, 0.0536627
33.52, 0.054768
33.54, 0.0556167
33.56, 0.0556757
33.58, 0.0545827
33.6, 0.0552359
33.62, 0.0619671
33.64, 0.0745996
33.66, 0.086706
33.68, 0.0893868
33.7, 0.0777131
33.72, 0.0566983
33.74, 0.0351308
33.76, 0.0182563
33.78, 0.00822853
33.8, 0.0053737
33.82, 0.00961702
33.84, 0.0262837
33.86, 0.0547997
33.88, 0.0721734
33.9, 0.0722121
33.92, 0.0723186
33.94, 0.0803038
33.96, 0.0999962
33.98, 0.131549
34, 0.173087
34.02, 0.217744
34.04, 0.248188
34.06, 0.259355
34.08, 0.271922
34.1, 0.299556
34.12, 0.338124
34.14, 0.376667
34.16, 0.410165
34.18, 0.441765
34.2, 0.477922
34.22, 0.523466
34.24, 0.576645
34.26, 0.630336
34.28, 0.67723
34.3, 0.710496
34.32, 0.724605
34.34, 0.718995
34.36, 0.69889
34.38, 0.671106
34.4, 0.640184
34.42, 0.608201
34.44, 0.576004
34.46, 0.543265
34.48, 0.506954
34.5, 0.464766
34.52, 0.424304
34.54, 0.395118
34.56, 0.380248
34.58, 0.380114
34.6, 0.394011
34.62, 0.418519
34.64, 0.442953
34.66, 0.452443
34.68, 0.445459
34.7, 0.431495
34.72, 0.415039
34.74, 0.392192
34.76, 0.364658
34.78, 0.346641
34.8, 0.350861
34.82, 0.383626
34.84, 0.436874
34.86, 0.479643
34.88, 0.483704
34.9, 0.458404
34.92, 0.423062
34.94, 0.391694
34.96, 0.37537
34.98, 0.383434
35, 0.420462
35.02, 0.498189
35.04, 0.605517
35.06, 0.707744
35.08, 0.781632
35.1, 0.812703
35.12, 0.806617
35.14, 0.780306
35.16, 0.746543
35.18, 0.711756
35.2, 0.680037
35.22, 0.65592
35.24, 0.643795
35.26, 0.644367
35.28, 0.652491
35.3, 0.661594
35.32, 0.671074
35.34, 0.684879
35.36, 0.705025
35.38, 0.736954
35.4, 0.790692
35.42, 0.8714
35.44, 0.977807
35.46, 1.1047
35.48, 1.24193
35.5, 1.36002
35.52, 1.41366
35.54, 1.41485
35.56, 1.40155
35.58, 1.38267
35.6, 1.3615
35.62, 1.34313
35.64, 1.33046
35.66, 1.32564
35.68, 1.33339
35.7, 1.36423
35.72, 1.41243
35.74, 1.45348
35.76, 1.48954
35.78, 1.51233
35.8, 1.49965
35.82, 1.45162
35.84, 1.39079
35.86, 1.32654
35.88, 1.24278
35.9, 1.12709
35.92, 1.0232
35.94, 0.987605
35.96, 1.02809
35.98, 1.11893
36, 1.23469
36.02, 1.34575
36.04, 1.40227
36.06, 1.37361
36.08, 1.30671
36.1, 1.25838
36.12, 1.23686
36.14, 1.22269
36.16, 1.19917
36.18, 1.16455
36.2, 1.13587
36.22, 1.13963
36.24, 1.1953
36.26, 1.28129
36.28, 1.33092
36.3, 1.32079
36.32, 1.27798
36.34, 1.22406
36.36, 1.17854
36.38, 1.15455
36.4, 1.15608
36.42, 1.17988
36.44, 1.22349
36.46, 1.29287
36.48, 1.39159
36.5, 1.46831
36.52, 1.42711
36.54, 1.29188
36.56, 1.14353
36.58, 1.02295
36.6, 0.955329
36.62, 0.941746
36.64, 0.961706
36.66, 0.95399
36.68, 0.849544
36.7, 0.714029
36.72, 0.609069
36.74, 0.592442
36.76, 0.681772
36.78, 0.821819
36.8, 0.932159
36.82, 0.895214
36.84, 0.801212
36.86, 0.727694
36.88, 0.679298
36.9, 0.654886
36.92, 0.653459
36.94, 0.673109
36.96, 0.713862
36.98, 0.773477
37, 0.839635
37.02, 0.894024
37.04, 0.943098
37.06, 1.01743
37.08, 1.09472
37.1, 1.10559
37.12, 1.04436
37.14, 0.975973
37.16, 0.956796
37.18, 1.00161
37.2, 1.07266
37.22, 1.14841
37.24, 1.22128
37.26, 1.26908
37.28, 1.28597
37.3, 1.30306
37.32, 1.34663
37.34, 1.40748
37.36, 1.47329
37.38, 1.5482
37.4, 1.63562
37.42, 1.73461
37.44, 1.8304
37.46, 1.86765
37.48, 1.78665
37.5, 1.6756
37.52, 1.69648
37.54, 1.83554
37.56, 1.95975
37.58, 1.99627
37.6, 1.98929
37.62, 1.97568
37.64, 1.95479
37.66, 1.95839
37.68, 2.01513
37.7, 2.15058
37.72, 2.34557
37.74, 2.44667
37.76, 2.41006
37.78, 2.35221
37.8, 2.32573
37.82, 2.33572
37.84, 2.36915
37.86, 2.42126
37.88, 2.50415
37.9, 2.62857
37.92, 2.74245
37.94, 2.75298
37.96, 2.71412
37.98, 2.71294
38, 2.752
38.02, 2.80162
38.04, 2.84035
38.06, 2.88046
38.08, 2.93437
38.1, 2.99861
38.12, 3.05576
38.14, 3.08035
38.16, 3.07673
38.18, 3.08339
38.2, 3.10532
38.22, 3.17494
38.24, 3.27935
38.26, 3.27741
38.28, 3.08046
38.3, 2.89592
38.32, 2.97502
38.34, 3.23618
38.36, 3.48427
38.38, 3.64888
38.4, 3.75805
38.42, 3.72352
38.44, 3.58397
38.46, 3.57333
38.48, 3.68036
38.5, 3.77427
38.52, 3.79526
38.54, 3.77615
38.56, 3.75038
38.58, 3.73208
38.6, 3.73057
38.62, 3.75471
38.64, 3.80386
38.66, 3.86333
38.68, 3.91382
38.7, 3.95271
38.72, 3.94572
38.74, 3.73577
38.76, 3.51248
38.78, 3.42692
38.8, 3.62784
38.82, 3.89729
38.84, 3.62973
38.86, 3.39468
38.88, 3.26387
38.9, 3.21459
38.92, 3.16445
38.94, 3.01547
38.96, 2.84521
38.98, 2.78979
39, 2.87051
39.02, 3.02279
39.04, 3.20083
39.06, 3.38424
39.08, 3.54794
39.1, 3.66193
39.12, 3.71356
39.14, 3.70289
39.16, 3.61889
39.18, 3.49398
39.2, 3.49318
39.22, 3.58691
39.24, 3.65417
39.26, 3.70201
39.28, 3.76806
39.3, 3.84885
39.32, 3.90919
39.34, 3.89328
39.36, 3.77875
39.38, 3.65138
39.4, 3.55707
39.42, 3.4646
39.44, 3.36271
39.46, 3.25274
39.48, 3.14467
39.5, 3.06889
39.52, 3.06196
39.54, 3.11751
39.56, 3.18762
39.58, 3.23352
39.6, 3.24184
39.62, 3.21813
39.64, 3.19797
39.66, 3.20728
39.68, 3.25163
39.7, 3.32523
39.72, 3.41997
39.74, 3.53243
39.76, 3.62918
39.78, 3.62152
39.8, 3.48798
39.82, 3.30214
39.84, 3.14119
39.86, 3.04214
39.88, 2.98962
39.9, 2.92381
39.92, 2.76376
39.94, 2.51824
39.96, 2.30614
39.98, 2.25618
40, 2.40495
40.02, 2.65346
40.04, 2.92427
40.06, 3.18027
40.08, 3.36753
40.1, 3.45904
40.12, 3.51186
40.14, 3.59377
40.16, 3.69058
40.18, 3.71262
40.2, 3.71751
40.22, 3.74646
40.24, 3.76234
40.26, 3.7528
40.28, 3.73529
40.3, 3.72457
40.32, 3.72357
40.34, 3.73122
40.36, 3.74773
40.38, 3.77023
40.4, 3.78361
40.42, 3.76414
40.44, 3.7164
40.46, 3.66845
40.48, 3.62343
40.5, 3.57222
40.52, 3.5002
40.54, 3.38308
40.56, 3.20873
40.58, 3.00898
40.6, 2.86179
40.62, 2.85077
40.64, 2.92837
40.66, 2.99957
40.68, 3.05689
40.7, 3.10784
40.72, 3.15749
40.74, 3.1688
40.76, 3.0586
40.78, 2.85415
40.8, 2.63181
40.82, 2.46422
40.84, 2.46176
40.86, 2.60144
40.88, 2.7376
40.9, 2.7825
40.92, 2.77425
40.94, 2.77187
40.96, 2.78874
40.98, 2.73776
41, 2.57721
41.02, 2.48995
41.04, 2.54167
41.06, 2.66872
41.08, 2.81352
41.1, 2.92404
41.12, 2.97007
41.14, 2.98607
41.16, 3.02253
41.18, 3.04871
41.2, 2.97516
41.22, 2.81551
41.24, 2.74025
41.26, 2.77021
41.28, 2.83171
41.3, 2.91449
41.32, 3.02398
41.34, 3.14444
41.36, 3.24415
41.38, 3.27782
41.4, 3.21235
41.42, 3.1202
41.44, 3.11131
41.46, 3.1544
41.48, 3.21359
41.5, 3.32915
41.52, 3.55124
41.54, 3.91092
41.56, 3.92284
41.58, 3.67945
41.6, 3.61019
41.62, 3.62395
41.64, 3.66615
41.66, 3.71943
41.68, 3.77741
41.7, 3.83408
41.72, 3.88397
41.74, 3.92678
41.76, 3.95477
41.78, 3.95589
41.8, 3.94317
41.82, 3.95889
41.84, 4.01247
41.86, 4.03032
41.88, 3.94541
41.9, 3.80861
41.92, 3.73579
41.94, 3.73152
41.96, 3.73997
41.98, 3.74535
42, 3.74621
42.02, 3.75512
42.04, 3.8248
42.06, 3.93286
42.08, 3.74456
42.1, 3.782
42.12, 3.95619
42.14, 3.87445
42.16, 3.80576
42.18, 3.7755
42.2, 3.74486
42.22, 3.70743
42.24, 3.68709
42.26, 3.76641
42.28, 3.97767
42.3, 4.03566
42.32, 3.81193
42.34, 3.55304
42.36, 3.36533
42.38, 3.24563
42.4, 3.18824
42.42, 3.2059
42.44, 3.30331
42.46, 3.4628
42.48, 3.66231
42.5, 3.88538
42.52, 4.10821
42.54, 4.26401
42.56, 4.25076
42.58, 4.09538
42.6, 3.93345
42.62, 3.88658
42.64, 3.99579
42.66, 3.96304
42.68, 3.75062
42.7, 3.53813
42.72, 3.34584
42.74, 3.24617
42.76, 3.29816
42.78, 3.39107
42.8, 3.39083
42.82, 3.32611
42.84, 3.25982
42.86, 3.20732
42.88, 3.17057
42.9, 3.15457
42.92, 3.1923
42.94, 3.36339
42.96, 3.64081
42.98, 3.84053
43, 3.89375
43.02, 3.88241
43.04, 3.84842
43.06, 3.79755
43.08, 3.73367
43.1, 3.66149
43.12, 3.59817
43.14, 3.63096
43.16, 3.82684
43.18, 4.03619
43.2, 4.12828
43.22, 4.12839
43.24, 4.08976
43.26, 4.01799
43.28, 3.86348
43.3, 3.6799
43.32, 3.61409
43.34, 3.75109
43.36, 4.00742
43.38, 4.16745
43.4, 3.84147
43.42, 3.53416
43.44, 3.41404
43.46, 3.52221
43.48, 3.73017
43.5, 3.88328
43.52, 3.96181
43.54, 4.02506
43.56, 4.0846
43.58, 4.08831
43.6, 3.9784
43.62, 3.86795
43.64, 3.90668
43.66, 4.04408
43.68, 4.02701
43.7, 3.9572
43.72, 4.02688
43.74, 3.92303
43.76, 3.6881
43.78, 3.63536
43.8, 3.80414
43.82, 4.01347
43.84, 3.92461
43.86, 3.79569
43.88, 3.7232
43.9, 3.70054
43.92, 3.73687
43.94, 3.86031
43.96, 4.01231
43.98, 3.80756
44, 3.60251
44.02, 3.54011
44.04, 3.60289
44.06, 3.71617
44.08, 3.83724
44.1, 3.94361
44.12, 4.02307
44.14, 4.06277
44.16, 4.03776
44.18, 3.92951
44.2, 3.85099
44.22, 3.79645
44.24, 3.73923
44.26, 3.69117
44.28, 3.65187
44.3, 3.58927
44.32, 3.46753
44.34, 3.32176
44.36, 3.19107
44.38, 3.07152
44.4, 2.95873
44.42, 2.87905
44.44, 2.88583
44.46, 3.01941
44.48, 3.23506
44.5, 3.40648
44.52, 3.39509
44.54, 3.25833
44.56, 3.10389
44.58, 3.00493
44.6, 3.0119
44.62, 3.12867
44.64, 3.30807
44.66, 3.46496
44.68, 3.55404
44.7, 3.59303
44.72, 3.61681
44.74, 3.67987
44.76, 3.80255
44.78, 3.95241
44.8, 4.00724
44.82, 3.9885
44.84, 3.85002
44.86, 3.76589
44.88, 3.77328
44.9, 3.8788
44.92, 3.89694
44.94, 3.62304
44.96, 3.35807
44.98, 3.14266
45, 3.02315
45.02, 2.95545
45.04, 2.87825
45.06, 2.85801
45.08, 2.9161
45.1, 3.02874
45.12, 3.12945
45.14, 3.11698
45.16, 2.93269
45.18, 2.75485
45.2, 2.71428
45.22, 2.77564
45.24, 2.86695
45.26, 2.94055
45.28, 3.00032
45.3, 3.0737
45.32, 3.18599
45.34, 3.36829
45.36, 3.5953
45.38, 3.67977
45.4, 3.66977
45.42, 3.68934
45.44, 3.74315
45.46, 3.81795
45.48, 3.90383
45.5, 3.97759
45.52, 3.92449
45.54, 3.85906
45.56, 3.80397
45.58, 3.78089
45.6, 3.6821
45.62, 3.50554
45.64, 3.41172
45.66, 3.43578
45.68, 3.55207
45.7, 3.73414
45.72, 3.93581
45.74, 3.93154
45.76, 3.95621
45.78, 3.74976
45.8, 3.43221
45.82, 3.3469
45.84, 3.5647
45.86, 3.8577
45.88, 3.93642
45.9, 3.83441
45.92, 3.85579
45.94, 3.9564
45.96, 3.82464
45.98, 3.58288
46, 3.33062
46.02, 3.09297
46.04, 2.91481
46.06, 2.87344
46.08, 2.94179
46.1, 3.03986
46.12, 3.13922
46.14, 3.22953
46.16, 3.31227
46.18, 3.39521
46.2, 3.48506
46.22, 3.59167
46.24, 3.72124
46.26, 3.87777
46.28, 3.96574
46.3, 3.7975
46.32, 3.63137
46.34, 3.57194
46.36, 3.72784
46.38, 3.90151
46.4, 3.84744
46.42, 3.65751
46.44, 3.56528
46.46, 3.62115
46.48, 3.55295
46.5, 3.25964
46.52, 3.06492
46.54, 3.12532
46.56, 3.25055
46.58, 3.32662
46.6, 3.37102
46.62, 3.34384
46.64, 3.21319
46.66, 3.02644
46.68, 2.8347
46.7, 2.66309
46.72, 2.55438
46.74, 2.5594
46.76, 2.6552
46.78, 2.76688
46.8, 2.79032
46.82, 2.68533
46.84, 2.55219
46.86, 2.45993
46.88, 2.43164
46.9, 2.46607
46.92, 2.53506
46.94, 2.61031
46.96, 2.67268
46.98, 2.69457
47, 2.65922
47.02, 2.58952
47.04, 2.50894
47.06, 2.41907
47.08, 2.30499
47.1, 2.1554
47.12, 2.01029
47.14, 1.96631
47.16, 1.99767
47.18, 1.93555
47.2, 1.77992
47.22, 1.63974
47.24, 1.59319
47.26, 1.64592
47.28, 1.71581
47.3, 1.67296
47.32, 1.55733
47.34, 1.48176
47.36, 1.4636
47.38, 1.50946
47.4, 1.55857
47.42, 1.57254
47.44, 1.57655
47.46, 1.58469
47.48, 1.60515
47.5, 1.64801
47.52, 1.70993
47.54, 1.76902
47.56, 1.80057
47.58, 1.79241
47.6, 1.77961
47.62, 1.84029
47.64, 1.98412
47.66, 2.11189
47.68, 2.22405
47.7, 2.32946
47.72, 2.39899
47.74, 2.40845
47.76, 2.3451
47.78, 2.26277
47.8, 2.33234
47.82, 2.53909
47.84, 2.73262
47.86, 2.8872
47.88, 2.99609
47.9, 3.06044
47.92, 3.06096
47.94, 2.91658
47.96, 2.67798
47.98, 2.50147
48, 2.62819
48.02, 2.94169
48.04, 3.11225
48.06, 3.06842
48.08, 2.92941
48.1, 2.87713
48.12, 2.98684
48.14, 3.13475
48.16, 3.2176
48.18, 3.22135
48.2, 3.16072
48.22, 3.08103
48.24, 3.06557
48.26, 3.13441
48.28, 3.23102
48.3, 3.32409
48.32, 3.37461
48.34, 3.35694
48.36, 3.33963
48.38, 3.37005
48.4, 3.47025
48.42, 3.54814
48.44, 3.55483
48.46, 3.52897
48.48, 3.4868
48.5, 3.46992
48.52, 3.51007
48.54, 3.5831
48.56, 3.67266
48.58, 3.78248
48.6, 3.92194
48.62, 4.0956
48.64, 4.24686
48.66, 4.23331
48.68, 4.12672
48.7, 4.01503
48.72, 3.89456
48.74, 3.70167
48.76, 3.51853
48.78, 3.50175
48.8, 3.55509
48.82, 3.60786
48.84, 3.63751
48.86, 3.64662
48.88, 3.65808
48.9, 3.69615
48.92, 3.777
48.94, 3.89655
48.96, 4.026
48.98, 4.16107
49, 4.31688
49.02, 4.46647
49.04, 4.52911
49.06, 4.47378
49.08, 4.35914
49.1, 4.19392
49.12, 3.93916
49.14, 3.71591
49.16, 3.67804
49.18, 3.73124
49.2, 3.73665
49.22, 3.67499
49.24, 3.58654
49.26, 3.51845
49.28, 3.53823
49.3, 3.6852
49.32, 3.88465
49.34, 4.05652
49.36, 4.21191
49.38, 4.34317
49.4, 4.40197
49.42, 4.38886
49.44, 4.36473
49.46, 4.37051
49.48, 4.38613
49.5, 4.38051
49.52, 4.35036
49.54, 4.32198
49.56, 4.3273
49.58, 4.3718
49.6, 4.44739
49.62, 4.5208
49.64, 4.52213
49.66, 4.37779
49.68, 4.14983
49.7, 3.95942
49.72, 3.83015
49.74, 3.76362
49.76, 3.74545
49.78, 3.78252
49.8, 3.94134
49.82, 4.16977
49.84, 4.3224
49.86, 4.41346
49.88, 4.51778
49.9, 4.65282
49.92, 4.8201
49.94, 5.03524
49.96, 5.29263
49.98, 5.46769
