1.5
4, 0.973299, 6.01583e-05, 1.35923, 6.18087e-05
8, 0.973301, 6.01188e-05, 2.05238, 6.17679e-05
12, 0.9733, 6.00556e-05, 2.45784, 6.17031e-05
16, 0.973302, 6.0111e-05, 2.74553, 6.17599e-05
20, 0.973303, 5.99956e-05, 2.96867, 6.16412e-05
24, 0.973302, 6.00455e-05, 3.15099, 6.16926e-05
28, 0.9733, 6.01565e-05, 3.30514, 6.18068e-05
32, 0.973304, 6.0107e-05, 3.43868, 6.17557e-05
36, 0.973302, 6.00539e-05, 3.55646, 6.17013e-05
40, 0.9733, 6.003e-05, 3.66182, 6.16767e-05
44, 0.9733, 6.00733e-05, 3.75713, 6.17213e-05
48, 0.973296, 6.01455e-05, 3.84413, 6.17957e-05
52, 0.973301, 6.00767e-05, 3.92418, 6.17247e-05
56, 0.973304, 6.01124e-05, 3.99829, 6.17612e-05
60, 0.973302, 6.01391e-05, 4.06728, 6.17888e-05
64, 0.973297, 6.02402e-05, 4.13182, 6.1893e-05

1.72222
4, 0.936241, 0.000106782, 1.32041, 0.000114054
8, 0.936168, 0.000107367, 2.01348, 0.000114688
12, 0.936169, 0.000107736, 2.41895, 0.000115082
16, 0.936164, 0.000107378, 2.70662, 0.0001147
20, 0.936166, 0.000107336, 2.92977, 0.000114655
24, 0.936183, 0.000107419, 3.11211, 0.000114742
28, 0.936182, 0.000107206, 3.26626, 0.000114514
32, 0.936172, 0.000107258, 3.39978, 0.000114571
36, 0.936175, 0.000107313, 3.51757, 0.000114629
40, 0.93618, 0.000107256, 3.62293, 0.000114568
44, 0.936171, 0.0001075, 3.71823, 0.000114829
48, 0.936181, 0.000107267, 3.80525, 0.00011458
52, 0.93617, 0.000107169, 3.88529, 0.000114476
56, 0.936175, 0.000107426, 3.9594, 0.00011475
60, 0.936177, 0.00010732, 4.02839, 0.000114637
64, 0.936169, 0.000108, 4.09292, 0.000115364

1.94444
4, 0.861841, 0.000190662, 1.23761, 0.000221226
8, 0.860767, 0.000199512, 1.92951, 0.000231784
12, 0.860747, 0.00019992, 2.33495, 0.000232264
16, 0.860751, 0.00020014, 2.62264, 0.000232517
20, 0.86075, 0.000200059, 2.84578, 0.000232424
24, 0.86072, 0.000199509, 3.02807, 0.000231793
28, 0.860718, 0.000200264, 3.18222, 0.000232671
32, 0.860721, 0.000199456, 3.31575, 0.000231731
36, 0.860718, 0.000199754, 3.43353, 0.000232079
40, 0.860738, 0.000200693, 3.53891, 0.000233164
44, 0.86073, 0.000199874, 3.63422, 0.000232214
48, 0.860705, 0.000200326, 3.7212, 0.000232746
52, 0.860725, 0.000199823, 3.80126, 0.000232156
56, 0.86069, 0.000199912, 3.87533, 0.00023227
60, 0.860746, 0.000199589, 3.94439, 0.000231879
64, 0.860694, 0.00020109, 4.00887, 0.000233637

2.16667
4, 0.696258, 0.000390999, 1.02426, 0.000561572
8, 0.68027, 0.000483382, 1.69418, 0.000710574
12, 0.676857, 0.000523419, 2.09461, 0.000773308
16, 0.675549, 0.00054663, 2.38036, 0.000809163
20, 0.675075, 0.000556315, 2.6028, 0.000824079
24, 0.675126, 0.000560349, 2.7852, 0.000829991
28, 0.675101, 0.000562151, 2.93931, 0.000832692
32, 0.675037, 0.000555734, 3.07275, 0.000823264
36, 0.675134, 0.000550948, 3.19067, 0.000816057
40, 0.675305, 0.000548392, 3.29629, 0.000812066
44, 0.675277, 0.000547787, 3.39156, 0.000811203
48, 0.675025, 0.000550885, 3.4782, 0.000816096
52, 0.674962, 0.000555685, 3.55814, 0.000823284
56, 0.674974, 0.000559172, 3.63227, 0.000828435
60, 0.675011, 0.000562616, 3.70132, 0.000833491
64, 0.674999, 0.000564565, 3.76584, 0.000836395

2.38889
4, 0.284814, 0.000609753, 0.130376, 0.00214088
8, 0.152249, 0.000822496, 0.197205, 0.0054023
12, 0.0918149, 0.000931132, 0.0969264, 0.0101414
16, 0.059831, 0.000995521, -0.0436421, 0.0166389
20, 0.0425192, 0.00102822, -0.162068, 0.0241825
24, 0.0312314, 0.00103986, -0.288277, 0.0332952
28, 0.0229767, 0.00103974, -0.44107, 0.0452519
32, 0.0174746, 0.00105733, -0.581272, 0.060507
36, 0.0127958, 0.00107003, -0.775121, 0.0836238
40, 0.00814514, 0.0010973, -1.12145, 0.134718
44, 0.00413833, 0.0011407, -1.70327, 0.275643
48, 0.000554102, 0.00119664, -3.62696, 2.15961
52, -4.36279e-05, 0.00123778, -6.08857, 28.3712
56, 0.000745361, 0.00126437, -3.17629, 1.69631
60, 0.0031229, 0.00131151, -1.67465, 0.419965
64, 0.00430273, 0.00135733, -1.28962, 0.315457

2.61111
4, 0.143502, 0.000458624, -0.555113, 0.00319594
8, 0.0429446, 0.000548275, -1.0684, 0.0127671
12, 0.0158648, 0.000577291, -1.65875, 0.0363882
16, 0.00743223, 0.000586241, -2.12934, 0.0788783
20, 0.00421829, 0.00058239, -2.47259, 0.138063
24, 0.00371506, 0.000586452, -2.41731, 0.157858
28, 0.00348562, 0.000580322, -2.3269, 0.16649
32, 0.00262529, 0.000586916, -2.47683, 0.223562
36, 0.00183015, 0.000585471, -2.71984, 0.319903
40, 0.000945142, 0.000584234, -3.2753, 0.618144
44, 0.00106892, 0.00057717, -3.05692, 0.539955
48, 0.000660669, 0.000588957, -3.45106, 0.891456
52, 0.00110977, 0.000595558, -2.85236, 0.536652
56, 0.00106819, 0.000599345, -2.81644, 0.561085
60, 0.000878101, 0.000623971, -2.9434, 0.710591
64, 0.00110674, 0.00069301, -2.64745, 0.626174

2.83333
4, 0.0798946, 0.000375691, -1.14075, 0.00470233
8, 0.0138459, 0.00040968, -2.20032, 0.0295885
12, 0.00333738, 0.000419181, -3.21766, 0.125602
16, 0.00124849, 0.000417119, -3.91323, 0.3341
20, 0.000442505, 0.000417975, -4.72733, 0.944566
24, 0.000716284, 0.000415569, -4.06338, 0.580173
28, 0.000553638, 0.000411739, -4.1668, 0.743697
32, 0.000210156, 0.000420016, -5.00192, 1.99859
36, 0.000172656, 0.000415339, -5.08069, 2.40558
40, 0.000366821, 0.000415823, -4.22176, 1.13359
44, 0.000507251, 0.000415754, -3.80232, 0.819623
48, 0.00088147, 0.000419748, -3.16272, 0.476191
52, 0.00113813, 0.000416937, -2.82712, 0.366334
56, 0.000463525, 0.000416034, -3.6513, 0.897543
60, 0.00035166, 0.000424074, -3.8585, 1.20592
64, 0.00039563, 0.000499737, -3.67615, 1.26314

3.05556
4, 0.0489229, 0.00032365, -1.63122, 0.00661552
8, 0.00510776, 0.000343141, -3.19755, 0.0671802
12, 0.00109502, 0.000339812, -4.33208, 0.310325
16, 0.00140645, 0.000344494, -3.7941, 0.244939
20, 0.000993042, 0.000345447, -3.91901, 0.347867
24, 0.000468066, 0.000343991, -4.48885, 0.734919
28, 0.000222363, 0.000350965, -5.07899, 1.57834
32, 0.000409985, 0.000342767, -4.33365, 0.836046
36, 0.00045708, 0.00034246, -4.10713, 0.749235
40, 1.53076e-05, 0.000342379, -7.39828, 22.3666
44, -0.000103833, 0.000347701, -5.38854, 3.34866
48, 0.000128003, 0.000348385, -5.09226, 2.7217
52, 0.00040293, 0.000343643, -3.8655, 0.85286
56, 0.000316064, 0.000344922, -4.03421, 1.0913
60, 0.00018916, 0.000352785, -4.47857, 1.86501
64, 0.000519556, 0.000419681, -3.40365, 0.807769

3.27778
4, 0.0315126, 0.00029379, -2.07107, 0.00932293
8, 0.00224268, 0.000303255, -4.02064, 0.13522
12, 0.000315454, 0.00030731, -5.57659, 0.974183
16, 0.000307861, 0.000301177, -5.31327, 0.978288
20, 0.000444043, 0.000303691, -4.72386, 0.683923
24, 0.000508252, 0.000305792, -4.40648, 0.601655
28, 0.000174634, 0.000306294, -5.32061, 1.75392
32, 0.000227979, 0.000302906, -4.92052, 1.32866
36, 0.000366333, 0.000302789, -4.32845, 0.82654
40, 0.000448413, 0.000303071, -4.02092, 0.675876
44, 0.000233057, 0.0003048, -4.58004, 1.30784
48, 0.000285303, 0.000302996, -4.29076, 1.06202
52, 0.000321899, 0.000301476, -4.09003, 0.936555
56, 0.000254614, 0.000302882, -4.25041, 1.18957
60, 0.000201563, 0.000306747, -4.41507, 1.52185
64, 0.000119678, 0.000372176, -4.87182, 3.10981

3.5
4, 0.0213673, 0.000268066, -2.4596, 0.0125456
8, 0.00111438, 0.000273239, -4.72002, 0.245194
12, 0.000284058, 0.000271894, -5.68143, 0.957179
16, 0.000102148, 0.000273272, -6.41649, 2.67524
20, 0.000308813, 0.000273857, -5.08704, 0.886803
24, 0.000271118, 0.000272862, -5.0349, 1.00643
28, 0.000182568, 0.000272988, -5.27618, 1.49527
32, 0.000339551, 0.000274403, -4.52215, 0.808135
36, 0.000451489, 0.000272443, -4.11944, 0.603431
40, 0.000216455, 0.000273523, -4.74925, 1.26365
44, 3.21289e-05, 0.000272926, -6.56156, 8.49472
48, -2.7124e-05, 0.000270362, -6.64389, 9.96761
52, 0.000204785, 0.000274507, -4.54231, 1.34046
56, 0.000200757, 0.000272749, -4.48806, 1.3586
60, 0.00010459, 0.000273327, -5.07112, 2.61332
64, 0.000317847, 0.000341066, -3.89506, 1.07305

