0.9732759129365373 0.02317762506562806 0.43772954456442853
0.9358869019830359 0.05188808772453822 0.5772494634231128
0.860344831968525 0.10540619057822101 0.8171273735031854
0.673362477818094 0.21458224169896886 1.69002306905347
0.013660470780661472 0.6459621652734718 5.41566843930134
0.003136268636103965 0.7464323914035712 2.4099535788034046
0.0017993912728810838 0.7911717236260671 1.6947610960326553
0.0006889903715916087 0.8195244979210177 1.3692863470895342
0.0005134838957385756 0.8437148499563276 1.1698777791068318
0.0004523704338980182 0.861169624904521 1.0388026136774176
