5.63585, 1.93304
5.85009, 4.79873
8.95962, 8.2284
1.74108, 8.58943
5.13535, 3.03995

5.63785, 1.93306
5.85081, 4.79687
8.95845, 8.23002
1.74104, 8.58743
5.13486, 3.03801

5.63985, 1.93308
5.85154, 4.795
8.95727, 8.23163
1.741, 8.58544
5.13437, 3.03606

5.64184, 1.93312
5.85226, 4.79313
8.95609, 8.23325
1.74095, 8.58344
5.13389, 3.03411

5.64383, 1.93316
5.85298, 4.79126
8.95491, 8.23486
1.74091, 8.58144
5.13341, 3.03215

5.64581, 1.93321
5.8537, 4.78939
8.95373, 8.23648
1.74087, 8.57944
5.13294, 3.03018

5.64779, 1.93326
5.85442, 4.78752
8.95255, 8.2381
1.74082, 8.57744
5.13247, 3.0282

5.64977, 1.93333
5.85514, 4.78565
8.95138, 8.23971
1.74078, 8.57544
5.132, 3.02622

5.65174, 1.9334
5.85585, 4.78378
8.9502, 8.24133
1.74074, 8.57344
5.13154, 3.02423

5.65371, 1.93349
5.85657, 4.78191
8.94902, 8.24294
1.74069, 8.57144
5.13108, 3.02223

5.65568, 1.93358
5.85729, 4.78003
8.94784, 8.24456
1.74065, 8.56944
5.13063, 3.02023

5.65764, 1.93368
5.85801, 4.77816
8.94666, 8.24618
1.74061, 8.56744
5.13018, 3.01822

5.6596, 1.93379
5.85873, 4.77628
8.94549, 8.24779
1.74056, 8.56544
5.12974, 3.0162

5.66155, 1.9339
5.85944, 4.7744
8.94431, 8.24941
1.74052, 8.56344
5.1293, 3.01417

5.6635, 1.93403
5.86016, 4.77252
8.94313, 8.25102
1.74048, 8.56144
5.12886, 3.01214

5.66544, 1.93416
5.86087, 4.77064
8.94195, 8.25264
1.74043, 8.55944
5.12843, 3.01009

5.66738, 1.9343
5.86159, 4.76876
8.94078, 8.25426
1.74039, 8.55744
5.128, 3.00805

5.66932, 1.93445
5.86231, 4.76688
8.9396, 8.25587
1.74035, 8.55544
5.12758, 3.00599

5.67126, 1.9346
5.86302, 4.765
8.93842, 8.25749
1.7403, 8.55344
5.12716, 3.00393

5.67318, 1.93477
5.86373, 4.76312
8.93724, 8.2591
1.74026, 8.55144
5.12675, 3.00186

5.67511, 1.93494
5.86445, 4.76123
8.93607, 8.26072
1.74021, 8.54944
5.12634, 2.99978

5.67703, 1.93512
5.86516, 4.75935
8.93489, 8.26234
1.74017, 8.54744
5.12594, 2.9977

5.67895, 1.93531
5.86588, 4.75746
8.93371, 8.26395
1.74013, 8.54544
5.12554, 2.99561

5.68086, 1.9355
5.86659, 4.75557
8.93254, 8.26557
1.74008, 8.54344
5.12514, 2.99351

5.68277, 1.9357
5.8673, 4.75369
8.93136, 8.26718
1.74004, 8.54144
5.12475, 2.99141

5.68467, 1.93591
5.86801, 4.7518
8.93018, 8.2688
1.73999, 8.53944
5.12436, 2.9893

5.68658, 1.93613
5.86873, 4.74991
8.929, 8.27042
1.73995, 8.53744
5.12398, 2.98719

5.68847, 1.93636
5.86944, 4.74802
8.92783, 8.27203
1.73991, 8.53544
5.1236, 2.98506

5.69037, 1.93659
5.87015, 4.74612
8.92665, 8.27365
1.73986, 8.53344
5.12323, 2.98293

5.69225, 1.93683
5.87086, 4.74423
8.92547, 8.27526
1.73982, 8.53144
5.12286, 2.9808

5.69414, 1.93708
5.87157, 4.74234
8.9243, 8.27688
1.73977, 8.52944
5.12249, 2.97865

5.69602, 1.93734
5.87228, 4.74044
8.92312, 8.2785
1.73973, 8.52744
5.12213, 2.9765

5.6979, 1.9376
5.87299, 4.73855
8.92194, 8.28011
1.73968, 8.52545
5.12178, 2.97435

5.69977, 1.93787
5.8737, 4.73665
8.92077, 8.28173
1.73964, 8.52345
5.12142, 2.97219

5.70164, 1.93815
5.87441, 4.73475
8.91959, 8.28334
1.73959, 8.52145
5.12108, 2.97002

5.70351, 1.93843
5.87511, 4.73285
8.91842, 8.28496
1.73955, 8.51945
5.12073, 2.96785

5.70537, 1.93872
5.87582, 4.73095
8.91724, 8.28658
1.7395, 8.51745
5.12039, 2.96567

5.70722, 1.93902
5.87653, 4.72905
8.91606, 8.28819
1.73946, 8.51545
5.12006, 2.96348

5.70908, 1.93933
5.87724, 4.72715
8.91489, 8.28981
1.73941, 8.51345
5.11973, 2.96129

5.71093, 1.93964
5.87794, 4.72525
8.91371, 8.29143
1.73937, 8.51145
5.1194, 2.95909

5.71277, 1.93996
5.87865, 4.72334
8.91254, 8.29304
1.73932, 8.50945
5.11908, 2.95689

5.71461, 1.94028
5.87936, 4.72144
8.91136, 8.29466
1.73928, 8.50745
5.11876, 2.95468

5.71645, 1.94062
5.88006, 4.71953
8.91018, 8.29627
1.73923, 8.50545
5.11845, 2.95246

5.71829, 1.94096
5.88077, 4.71763
8.90901, 8.29789
1.73919, 8.50345
5.11814, 2.95024

5.72012, 1.9413
5.88147, 4.71572
8.90783, 8.29951
1.73914, 8.50145
5.11784, 2.94801

5.72194, 1.94165
5.88218, 4.71381
8.90666, 8.30112
1.73909, 8.49945
5.11753, 2.94578

5.72377, 1.94201
5.88288, 4.7119
8.90548, 8.30274
1.73905, 8.49745
5.11724, 2.94355

5.72559, 1.94237
5.88358, 4.70999
8.90431, 8.30435
1.739, 8.49545
5.11694, 2.9413

5.7274, 1.94274
5.88429, 4.70808
8.90313, 8.30597
1.73896, 8.49345
5.11666, 2.93906

5.72921, 1.94312
5.88499, 4.70617
8.90196, 8.30759
1.73891, 8.49145
5.11637, 2.9368

5.73102, 1.9435
5.88569, 4.70426
8.90078, 8.3092
1.73887, 8.48945
5.11609, 2.93455

5.73283, 1.94389
5.88639, 4.70234
8.8996, 8.31082
1.73882, 8.48745
5.11581, 2.93229

5.73463, 1.94428
5.8871, 4.70043
8.89843, 8.31244
1.73877, 8.48545
5.11554, 2.93002

5.73643, 1.94468
5.8878, 4.69851
8.89725, 8.31405
1.73873, 8.48345
5.11527, 2.92775

5.73822, 1.94509
5.8885, 4.69659
8.89608, 8.31567
1.73868, 8.48145
5.11501, 2.92547

5.74001, 1.9455
5.8892, 4.69468
8.8949, 8.31728
1.73863, 8.47945
5.11474, 2.92319

5.7418, 1.94591
5.8899, 4.69276
8.89373, 8.3189
1.73859, 8.47745
5.11449, 2.92091

5.74358, 1.94633
5.8906, 4.69084
8.89256, 8.32052
1.73854, 8.47545
5.11423, 2.91862

5.74537, 1.94676
5.8913, 4.68892
8.89138, 8.32213
1.7385, 8.47345
5.11398, 2.91632

5.74714, 1.94719
5.892, 4.687
8.89021, 8.32375
1.73845, 8.47145
5.11373, 2.91403

5.74892, 1.94762
5.8927, 4.68508
8.88903, 8.32537
1.7384, 8.46945
5.11349, 2.91173

5.75069, 1.94806
5.8934, 4.68315
8.88786, 8.32698
1.73836, 8.46745
5.11325, 2.90942

5.75246, 1.9485
5.8941, 4.68123
8.88668, 8.3286
1.73831, 8.46545
5.11301, 2.90711

5.75423, 1.94895
5.89479, 4.6793
8.88551, 8.33021
1.73826, 8.46345
5.11278, 2.9048

5.75599, 1.94941
5.89549, 4.67738
8.88433, 8.33183
1.73822, 8.46145
5.11255, 2.90249

5.75775, 1.94986
5.89619, 4.67545
8.88316, 8.33345
1.73817, 8.45945
5.11232, 2.90017

5.75951, 1.95032
5.89688, 4.67352
8.88198, 8.33506
1.73812, 8.45745
5.11209, 2.89785

5.76127, 1.95079
5.89758, 4.6716
8.88081, 8.33668
1.73807, 8.45545
5.11187, 2.89552

5.76302, 1.95126
5.89828, 4.66967
8.87964, 8.3383
1.73803, 8.45345
5.11165, 2.89319

5.76477, 1.95173
5.89897, 4.66774
8.87846, 8.33991
1.73798, 8.45145
5.11144, 2.89086

5.76652, 1.9522
5.89967, 4.6658
8.87729, 8.34153
1.73793, 8.44945
5.11122, 2.88853

5.76826, 1.95268
5.90036, 4.66387
8.87611, 8.34314
1.73789, 8.44745
5.11101, 2.8862

5.77001, 1.95316
5.90106, 4.66194
8.87494, 8.34476
1.73784, 8.44545
5.1108, 2.88386

5.77175, 1.95365
5.90175, 4.66001
8.87377, 8.34638
1.73779, 8.44345
5.1106, 2.88152

5.77349, 1.95414
5.90244, 4.65807
8.87259, 8.34799
1.73774, 8.44145
5.11039, 2.87918

5.77523, 1.95463
5.90314, 4.65614
8.87142, 8.34961
1.7377, 8.43945
5.11019, 2.87684

5.77697, 1.95512
5.90383, 4.6542
8.87025, 8.35123
1.73765, 8.43745
5.10999, 2.87449

5.7787, 1.95561
5.90452, 4.65226
8.86907, 8.35284
1.7376, 8.43545
5.10979, 2.87215

5.78043, 1.95611
5.90522, 4.65032
8.8679, 8.35446
1.73755, 8.43345
5.1096, 2.8698

5.78217, 1.95661
5.90591, 4.64838
8.86672, 8.35607
1.73751, 8.43145
5.1094, 2.86745

5.7839, 1.95711
5.9066, 4.64644
8.86555, 8.35769
1.73746, 8.42945
5.10921, 2.8651

5.78563, 1.95761
5.90729, 4.6445
8.86438, 8.35931
1.73741, 8.42745
5.10902, 2.86275

5.78736, 1.95811
5.90798, 4.64256
8.8632, 8.36092
1.73736, 8.42545
5.10883, 2.8604

5.78909, 1.95862
5.90867, 4.64062
8.86203, 8.36254
1.73731, 8.42345
5.10864, 2.85805

5.79081, 1.95912
5.90936, 4.63868
8.86086, 8.36416
1.73727, 8.42145
5.10845, 2.8557

5.79254, 1.95963
5.91005, 4.63673
8.85968, 8.36577
1.73722, 8.41945
5.10827, 2.85335

5.79427, 1.96014
5.91074, 4.63479
8.85851, 8.36739
1.73717, 8.41745
5.10808, 2.851

5.79599, 1.96065
5.91143, 4.63284
8.85734, 8.369
1.73712, 8.41545
5.1079, 2.84865

5.79772, 1.96115
5.91212, 4.63089
8.85617, 8.37062
1.73707, 8.41345
5.10771, 2.8463

5.79944, 1.96166
5.91281, 4.62895
8.85499, 8.37224
1.73703, 8.41145
5.10753, 2.84395

5.80117, 1.96217
5.9135, 4.627
8.85382, 8.37385
1.73698, 8.40945
5.10734, 2.84161

5.8029, 1.96268
5.91419, 4.62505
8.85265, 8.37547
1.73693, 8.40745
5.10716, 2.83926

5.80463, 1.96318
5.91487, 4.6231
8.85147, 8.37709
1.73688, 8.40545
5.10697, 2.83692

5.80635, 1.96369
5.91556, 4.62115
8.8503, 8.3787
1.73683, 8.40345
5.10679, 2.83457

5.80808, 1.9642
5.91625, 4.61919
8.84913, 8.38032
1.73678, 8.40145
5.1066, 2.83223

5.80981, 1.9647
5.91693, 4.61724
8.84796, 8.38193
1.73674, 8.39945
5.10642, 2.82989

5.81154, 1.9652
5.91762, 4.61529
8.84678, 8.38355
1.73669, 8.39745
5.10623, 2.82755

5.81327, 1.9657
5.91831, 4.61333
8.84561, 8.38517
1.73664, 8.39545
5.10604, 2.82522

5.81501, 1.9662
5.91899, 4.61138
8.84444, 8.38678
1.73659, 8.39345
5.10585, 2.82289

5.81674, 1.9667
5.91968, 4.60942
8.84327, 8.3884
1.73654, 8.39145
5.10566, 2.82056

5.81848, 1.9672
5.92036, 4.60746
8.84209, 8.39002
1.73649, 8.38945
5.10547, 2.81823

5.82022, 1.96769
5.92104, 4.60551
8.84092, 8.39163
1.73644, 8.38745
5.10528, 2.81591

5.82196, 1.96818
5.92173, 4.60355
8.83975, 8.39325
1.73639, 8.38545
5.10508, 2.81359

5.8237, 1.96867
5.92241, 4.60159
8.83858, 8.39487
1.73634, 8.38345
5.10489, 2.81127

5.82545, 1.96916
5.9231, 4.59963
8.83741, 8.39648
1.73629, 8.38145
5.10469, 2.80896

5.8272, 1.96964
5.92378, 4.59766
8.83623, 8.3981
1.73625, 8.37945
5.10449, 2.80665

5.82895, 1.97012
5.92446, 4.5957
8.83506, 8.39971
1.7362, 8.37745
5.10428, 2.80434

5.83071, 1.97059
5.92514, 4.59374
8.83389, 8.40133
1.73615, 8.37545
5.10407, 2.80204

5.83246, 1.97106
5.92583, 4.59177
8.83272, 8.40295
1.7361, 8.37345
5.10386, 2.79974

5.83423, 1.97153
5.92651, 4.58981
8.83155, 8.40456
1.73605, 8.37145
5.10365, 2.79745

5.83599, 1.972
5.92719, 4.58784
8.83038, 8.40618
1.736, 8.36945
5.10343, 2.79517

5.83776, 1.97246
5.92787, 4.58588
8.8292, 8.4078
1.73595, 8.36745
5.10321, 2.79288

5.83953, 1.97291
5.92855, 4.58391
8.82803, 8.40941
1.7359, 8.36545
5.10299, 2.79061

5.84131, 1.97336
5.92923, 4.58194
8.82686, 8.41103
1.73585, 8.36345
5.10276, 2.78834

5.84309, 1.97381
5.92991, 4.57997
8.82569, 8.41264
1.7358, 8.36145
5.10253, 2.78607

5.84488, 1.97425
5.93059, 4.578
8.82452, 8.41426
1.73575, 8.35945
5.1023, 2.78381

5.84667, 1.97469
5.93127, 4.57603
8.82335, 8.41588
1.7357, 8.35745
5.10206, 2.78155

5.84846, 1.97512
5.93195, 4.57406
8.82217, 8.41749
1.73565, 8.35545
5.10181, 2.77931

5.85026, 1.97555
5.93263, 4.57209
8.821, 8.41911
1.7356, 8.35345
5.10156, 2.77706

5.85207, 1.97597
5.93331, 4.57012
8.81983, 8.42073
1.73555, 8.35145
5.10131, 2.77483

5.85388, 1.97638
5.93398, 4.56814
8.81866, 8.42234
1.7355, 8.34945
5.10105, 2.7726

5.8557, 1.97679
5.93466, 4.56617
8.81749, 8.42396
1.73545, 8.34745
5.10079, 2.77037

5.85752, 1.9772
5.93534, 4.56419
8.81632, 8.42557
1.7354, 8.34545
5.10052, 2.76816

5.85935, 1.9776
5.93602, 4.56221
8.81515, 8.42719
1.73535, 8.34345
5.10025, 2.76594

5.86118, 1.97799
5.93669, 4.56024
8.81398, 8.42881
1.7353, 8.34145
5.09997, 2.76374

5.86302, 1.97838
5.93737, 4.55826
8.81281, 8.43042
1.73525, 8.33945
5.09968, 2.76154

5.86486, 1.97876
5.93804, 4.55628
8.81163, 8.43204
1.7352, 8.33745
5.09939, 2.75935

5.86671, 1.97913
5.93872, 4.5543
8.81046, 8.43366
1.73515, 8.33545
5.09909, 2.75717

5.86857, 1.9795
5.9394, 4.55232
8.80929, 8.43527
1.7351, 8.33345
5.09879, 2.75499

5.87044, 1.97986
5.94007, 4.55034
8.80812, 8.43689
1.73505, 8.33145
5.09848, 2.75283

5.87231, 1.98022
5.94075, 4.54836
8.80695, 8.4385
1.735, 8.32945
5.09817, 2.75066

5.87418, 1.98057
5.94142, 4.54637
8.80578, 8.44012
1.73495, 8.32745
5.09785, 2.74851

5.87607, 1.98091
5.94209, 4.54439
8.80461, 8.44174
1.7349, 8.32545
5.09752, 2.74636

5.87796, 1.98125
5.94277, 4.5424
8.80344, 8.44335
1.73485, 8.32345
5.09718, 2.74422

5.87985, 1.98158
5.94344, 4.54042
8.80227, 8.44497
1.7348, 8.32145
5.09684, 2.74209

5.88176, 1.9819
5.94411, 4.53843
8.8011, 8.44659
1.73474, 8.31945
5.0965, 2.73996

5.88367, 1.98222
5.94479, 4.53645
8.79993, 8.4482
1.73469, 8.31745
5.09614, 2.73785

5.88559, 1.98253
5.94546, 4.53446
8.79876, 8.44982
1.73464, 8.31545
5.09578, 2.73573

5.88751, 1.98283
5.94613, 4.53247
8.79759, 8.45143
1.73459, 8.31345
5.09542, 2.73363

5.88944, 1.98313
5.9468, 4.53048
8.79642, 8.45305
1.73454, 8.31145
5.09504, 2.73153

5.89138, 1.98342
5.94747, 4.52849
8.79525, 8.45467
1.73449, 8.30945
5.09466, 2.72945

5.89333, 1.98371
5.94814, 4.5265
8.79408, 8.45628
1.73444, 8.30745
5.09428, 2.72736

5.89528, 1.98399
5.94882, 4.52451
8.79291, 8.4579
1.73439, 8.30545
5.09389, 2.72529

5.89724, 1.98426
5.94949, 4.52251
8.79174, 8.45952
1.73434, 8.30345
5.09349, 2.72322

5.8992, 1.98452
5.95016, 4.52052
8.79057, 8.46113
1.73428, 8.30145
5.09308, 2.72116

5.90118, 1.98478
5.95083, 4.51852
8.7894, 8.46275
1.73423, 8.29945
5.09267, 2.71911

5.90316, 1.98504
5.9515, 4.51653
8.78823, 8.46436
1.73418, 8.29745
5.09225, 2.71706

5.90514, 1.98529
5.95216, 4.51453
8.78706, 8.46598
1.73413, 8.29546
5.09182, 2.71502

5.90714, 1.98553
5.95283, 4.51254
8.78589, 8.4676
1.73408, 8.29346
5.09139, 2.71299

5.90914, 1.98576
5.9535, 4.51054
8.78472, 8.46921
1.73403, 8.29146
5.09095, 2.71096

5.91114, 1.98599
5.95417, 4.50854
8.78355, 8.47083
1.73398, 8.28946
5.09051, 2.70894

5.91316, 1.98622
5.95484, 4.50654
8.78238, 8.47245
1.73392, 8.28746
5.09006, 2.70692

5.91518, 1.98644
5.95551, 4.50454
8.78121, 8.47406
1.73387, 8.28546
5.0896, 2.70492

5.9172, 1.98665
5.95617, 4.50254
8.78004, 8.47568
1.73382, 8.28346
5.08914, 2.70292

5.91923, 1.98686
5.95684, 4.50054
8.77887, 8.47729
1.73377, 8.28146
5.08867, 2.70092

5.92127, 1.98707
5.95751, 4.49853
8.7777, 8.47891
1.73372, 8.27946
5.08819, 2.69893

5.92332, 1.98727
5.95817, 4.49653
8.77653, 8.48053
1.73367, 8.27746
5.08771, 2.69695

5.92537, 1.98746
5.95884, 4.49453
8.77536, 8.48214
1.73361, 8.27546
5.08723, 2.69497

5.92742, 1.98765
5.9595, 4.49252
8.77419, 8.48376
1.73356, 8.27346
5.08674, 2.693

5.92948, 1.98783
5.96017, 4.49052
8.77302, 8.48538
1.73351, 8.27146
5.08624, 2.69103

5.93155, 1.98801
5.96083, 4.48851
8.77186, 8.48699
1.73346, 8.26946
5.08574, 2.68907

5.93362, 1.98819
5.9615, 4.4865
8.77069, 8.48861
1.73341, 8.26746
5.08523, 2.68711

5.9357, 1.98836
5.96216, 4.48449
8.76952, 8.49022
1.73335, 8.26546
5.08472, 2.68516

5.93778, 1.98853
5.96283, 4.48249
8.76835, 8.49184
1.7333, 8.26346
5.08421, 2.68321

5.93987, 1.9887
5.96349, 4.48048
8.76718, 8.49346
1.73325, 8.26146
5.08369, 2.68127

5.94196, 1.98886
5.96415, 4.47846
8.76601, 8.49507
1.7332, 8.25946
5.08316, 2.67933

5.94405, 1.98902
5.96482, 4.47645
8.76484, 8.49669
1.73315, 8.25746
5.08263, 2.67739

5.94615, 1.98917
5.96548, 4.47444
8.76367, 8.4983
1.73309, 8.25546
5.0821, 2.67546

5.94826, 1.98932
5.96614, 4.47243
8.7625, 8.49992
1.73304, 8.25346
5.08156, 2.67353

5.95037, 1.98947
5.96681, 4.47041
8.76134, 8.50154
1.73299, 8.25146
5.08102, 2.67161

5.95248, 1.98962
5.96747, 4.4684
8.76017, 8.50315
1.73294, 8.24946
5.08048, 2.66969

5.95459, 1.98976
5.96813, 4.46638
8.759, 8.50477
1.73288, 8.24746
5.07993, 2.66778

5.95671, 1.9899
5.96879, 4.46437
8.75783, 8.50639
1.73283, 8.24546
5.07938, 2.66586

5.95883, 1.99004
5.96945, 4.46235
8.75666, 8.508
1.73278, 8.24346
5.07883, 2.66395

5.96096, 1.99017
5.97011, 4.46033
8.75549, 8.50962
1.73273, 8.24146
5.07828, 2.66205

5.96309, 1.99031
5.97077, 4.45831
8.75432, 8.51123
1.73267, 8.23946
5.07772, 2.66014

5.96522, 1.99044
5.97143, 4.45629
8.75316, 8.51285
1.73262, 8.23746
5.07716, 2.65824

5.96735, 1.99057
5.97209, 4.45427
8.75199, 8.51447
1.73257, 8.23546
5.0766, 2.65634

5.96948, 1.9907
5.97275, 4.45225
8.75082, 8.51608
1.73251, 8.23346
5.07604, 2.65445

5.97162, 1.99083
5.97341, 4.45023
8.74965, 8.5177
1.73246, 8.23146
5.07547, 2.65255

5.97376, 1.99096
5.97407, 4.44821
8.74848, 8.51931
1.73241, 8.22946
5.0749, 2.65066

5.97589, 1.99109
5.97473, 4.44618
8.74731, 8.52093
1.73236, 8.22746
5.07434, 2.64877

5.97804, 1.99121
5.97538, 4.44416
8.74615, 8.52255
1.7323, 8.22546
5.07377, 2.64688

5.98018, 1.99134
5.97604, 4.44213
8.74498, 8.52416
1.73225, 8.22346
5.0732, 2.64499

5.98232, 1.99146
5.9767, 4.44011
8.74381, 8.52578
1.7322, 8.22146
5.07263, 2.6431

5.98446, 1.99159
5.97736, 4.43808
8.74264, 8.5274
1.73214, 8.21946
5.07206, 2.64121

5.98661, 1.99171
5.97801, 4.43605
8.74147, 8.52901
1.73209, 8.21746
5.07149, 2.63933

5.98875, 1.99184
5.97867, 4.43403
8.7403, 8.53063
1.73204, 8.21546
5.07092, 2.63744

5.99089, 1.99196
5.97933, 4.432
8.73914, 8.53224
1.73198, 8.21346
5.07035, 2.63556

5.99304, 1.99208
5.97998, 4.42997
8.73797, 8.53386
1.73193, 8.21146
5.06978, 2.63368

5.99518, 1.99221
5.98064, 4.42794
8.7368, 8.53548
1.73188, 8.20946
5.06921, 2.63179

5.99732, 1.99234
5.98129, 4.4259
8.73563, 8.53709
1.73183, 8.20746
5.06864, 2.62991

5.99947, 1.99246
5.98195, 4.42387
8.73446, 8.53871
1.73177, 8.20546
5.06808, 2.62803

6.00161, 1.99259
5.9826, 4.42184
8.7333, 8.54032
1.73172, 8.20346
5.06751, 2.62615

6.00375, 1.99272
5.98326, 4.4198
8.73213, 8.54194
1.73167, 8.20146
5.06695, 2.62426

6.00589, 1.99285
5.98391, 4.41777
8.73096, 8.54356
1.73161, 8.19946
5.06638, 2.62238

6.00802, 1.99298
5.98456, 4.41573
8.72979, 8.54517
1.73156, 8.19746
5.06582, 2.6205

6.01016, 1.99311
5.98522, 4.4137
8.72862, 8.54679
1.73151, 8.19546
5.06526, 2.61861

6.01229, 1.99324
5.98587, 4.41166
8.72745, 8.5484
1.73145, 8.19346
5.06471, 2.61673

6.01443, 1.99338
5.98652, 4.40962
8.72629, 8.55002
1.7314, 8.19146
5.06415, 2.61485

6.01656, 1.99351
5.98717, 4.40758
8.72512, 8.55164
1.73135, 8.18947
5.0636, 2.61296

6.01868, 1.99365
5.98783, 4.40554
8.72395, 8.55325
1.73129, 8.18747
5.06305, 2.61107

6.02081, 1.99379
5.98848, 4.4035
8.72278, 8.55487
1.73124, 8.18547
5.06251, 2.60918

6.02293, 1.99393
5.98913, 4.40146
8.72161, 8.55648
1.73119, 8.18347
5.06196, 2.6073

6.02505, 1.99408
5.98978, 4.39942
8.72045, 8.5581
1.73114, 8.18147
5.06142, 2.60541

6.02716, 1.99422
5.99043, 4.39738
8.71928, 8.55972
1.73108, 8.17947
5.06089, 2.60351

6.02928, 1.99437
5.99108, 4.39533
8.71811, 8.56133
1.73103, 8.17747
5.06035, 2.60162

6.03139, 1.99452
5.99173, 4.39329
8.71694, 8.56295
1.73098, 8.17547
5.05982, 2.59973

6.03349, 1.99468
5.99238, 4.39124
8.71577, 8.56457
1.73092, 8.17347
5.0593, 2.59783

6.03559, 1.99483
5.99303, 4.3892
8.7146, 8.56618
1.73087, 8.17147
5.05877, 2.59593

6.03769, 1.99499
5.99368, 4.38715
8.71344, 8.5678
1.73082, 8.16947
5.05826, 2.59403

6.03979, 1.99515
5.99433, 4.3851
8.71227, 8.56941
1.73076, 8.16747
5.05774, 2.59213

6.04188, 1.99531
5.99498, 4.38306
8.7111, 8.57103
1.73071, 8.16547
5.05723, 2.59023

6.04396, 1.99548
5.99563, 4.38101
8.70993, 8.57265
1.73066, 8.16347
5.05673, 2.58832

6.04605, 1.99565
5.99628, 4.37896
8.70876, 8.57426
1.73061, 8.16147
5.05623, 2.58642

6.04812, 1.99582
5.99692, 4.3769
8.7076, 8.57588
1.73055, 8.15947
5.05574, 2.58451

6.0502, 1.996
5.99757, 4.37485
8.70643, 8.57749
1.7305, 8.15747
5.05525, 2.5826

6.05226, 1.99617
5.99822, 4.3728
8.70526, 8.57911
1.73045, 8.15547
5.05476, 2.58068

6.05433, 1.99635
5.99887, 4.37075
8.70409, 8.58073
1.73039, 8.15347
5.05428, 2.57877

6.05639, 1.99654
5.99951, 4.36869
8.70292, 8.58234
1.73034, 8.15147
5.05381, 2.57685

6.05844, 1.99673
6.00016, 4.36664
8.70175, 8.58396
1.73029, 8.14947
5.05334, 2.57493

6.06049, 1.99692
6.0008, 4.36458
8.70059, 8.58557
1.73023, 8.14747
5.05287, 2.573

6.06253, 1.99711
6.00145, 4.36253
8.69942, 8.58719
1.73018, 8.14547
5.05242, 2.57108

6.06457, 1.99731
6.0021, 4.36047
8.69825, 8.58881
1.73013, 8.14347
5.05196, 2.56915

6.0666, 1.99751
6.00274, 4.35841
8.69708, 8.59042
1.73008, 8.14147
5.05152, 2.56722

6.06862, 1.99771
6.00339, 4.35635
8.69591, 8.59204
1.73002, 8.13947
5.05108, 2.56529

6.07064, 1.99792
6.00403, 4.35429
8.69475, 8.59366
1.72997, 8.13747
5.05064, 2.56335

6.07266, 1.99813
6.00467, 4.35223
8.69358, 8.59527
1.72992, 8.13547
5.05022, 2.56141

6.07466, 1.99834
6.00532, 4.35017
8.69241, 8.59689
1.72986, 8.13347
5.04979, 2.55947

6.07667, 1.99856
6.00596, 4.34811
8.69124, 8.5985
1.72981, 8.13147
5.04938, 2.55753

6.07866, 1.99878
6.0066, 4.34604
8.69007, 8.60012
1.72976, 8.12947
5.04897, 2.55558

6.08065, 1.99901
6.00725, 4.34398
8.68891, 8.60174
1.7297, 8.12747
5.04857, 2.55363

6.08264, 1.99924
6.00789, 4.34191
8.68774, 8.60335
1.72965, 8.12547
5.04817, 2.55168

6.08461, 1.99947
6.00853, 4.33985
8.68657, 8.60497
1.7296, 8.12347
5.04778, 2.54972

6.08658, 1.99971
6.00917, 4.33778
8.6854, 8.60658
1.72955, 8.12147
5.0474, 2.54777

6.08855, 1.99995
6.00982, 4.33571
8.68423, 8.6082
1.72949, 8.11947
5.04702, 2.5458

6.0905, 2.00019
6.01046, 4.33365
8.68306, 8.60982
1.72944, 8.11747
5.04666, 2.54384

6.09245, 2.00044
6.0111, 4.33158
8.6819, 8.61143
1.72939, 8.11547
5.0463, 2.54187

6.0944, 2.00069
6.01174, 4.32951
8.68073, 8.61305
1.72933, 8.11347
5.04594, 2.5399

6.09633, 2.00094
6.01238, 4.32744
8.67956, 8.61466
1.72928, 8.11147
5.04559, 2.53793

6.09826, 2.0012
6.01302, 4.32537
8.67839, 8.61628
1.72923, 8.10947
5.04525, 2.53596

6.10019, 2.00146
6.01366, 4.32329
8.67722, 8.6179
1.72917, 8.10747
5.04492, 2.53398

6.1021, 2.00173
6.0143, 4.32122
8.67606, 8.61951
1.72912, 8.10548
5.0446, 2.532

6.10401, 2.002
6.01494, 4.31915
8.67489, 8.62113
1.72907, 8.10348
5.04428, 2.53001

6.10591, 2.00228
6.01558, 4.31707
8.67372, 8.62274
1.72902, 8.10148
5.04397, 2.52802

6.1078, 2.00255
6.01622, 4.315
8.67255, 8.62436
1.72896, 8.09948
5.04367, 2.52603

6.10969, 2.00284
6.01686, 4.31292
8.67138, 8.62598
1.72891, 8.09748
5.04337, 2.52404

6.11157, 2.00312
6.01749, 4.31084
8.67021, 8.62759
1.72886, 8.09548
5.04309, 2.52204

6.11344, 2.00341
6.01813, 4.30877
8.66905, 8.62921
1.7288, 8.09348
5.04281, 2.52004

6.11531, 2.0037
6.01877, 4.30669
8.66788, 8.63083
1.72875, 8.09148
5.04253, 2.51804

6.11716, 2.004
6.01941, 4.30461
8.66671, 8.63244
1.7287, 8.08948
5.04227, 2.51603

6.11901, 2.0043
6.02004, 4.30253
8.66554, 8.63406
1.72864, 8.08748
5.04202, 2.51402

6.12085, 2.00461
6.02068, 4.30044
8.66437, 8.63567
1.72859, 8.08548
5.04177, 2.51201

6.12269, 2.00492
6.02132, 4.29836
8.66321, 8.63729
1.72854, 8.08348
5.04153, 2.51

6.12451, 2.00523
6.02195, 4.29628
8.66204, 8.63891
1.72848, 8.08148
5.0413, 2.50798

6.12633, 2.00555
6.02259, 4.2942
8.66087, 8.64052
1.72843, 8.07948
5.04107, 2.50596

6.12814, 2.00587
6.02322, 4.29211
8.6597, 8.64214
1.72838, 8.07748
5.04086, 2.50393

6.12994, 2.00619
6.02386, 4.29003
8.65853, 8.64375
1.72833, 8.07548
5.04065, 2.5019

6.13174, 2.00652
6.02449, 4.28794
8.65736, 8.64537
1.72827, 8.07348
5.04045, 2.49987

6.13352, 2.00685
6.02513, 4.28585
8.6562, 8.64699
1.72822, 8.07148
5.04026, 2.49784

6.1353, 2.00719
6.02576, 4.28376
8.65503, 8.6486
1.72817, 8.06948
5.04008, 2.4958

6.13707, 2.00753
6.0264, 4.28167
8.65386, 8.65022
1.72811, 8.06748
5.0399, 2.49376

6.13883, 2.00788
6.02703, 4.27958
8.65269, 8.65183
1.72806, 8.06548
5.03974, 2.49172

6.14059, 2.00822
6.02766, 4.27749
8.65152, 8.65345
1.72801, 8.06348
5.03958, 2.48968

6.14233, 2.00858
6.0283, 4.2754
8.65036, 8.65507
1.72795, 8.06148
5.03943, 2.48763

6.14407, 2.00893
6.02893, 4.27331
8.64919, 8.65668
1.7279, 8.05948
5.03929, 2.48557

6.1458, 2.00929
6.02956, 4.27122
8.64802, 8.6583
1.72785, 8.05748
5.03916, 2.48352

6.14752, 2.00965
6.03019, 4.26912
8.64685, 8.65992
1.7278, 8.05548
5.03904, 2.48146

6.14923, 2.01002
6.03083, 4.26703
8.64568, 8.66153
1.72774, 8.05348
5.03892, 2.4794

6.15094, 2.01039
6.03146, 4.26493
8.64451, 8.66315
1.72769, 8.05148
5.03882, 2.47734

6.15263, 2.01077
6.03209, 4.26284
8.64335, 8.66476
1.72764, 8.04948
5.03872, 2.47527

6.15432, 2.01115
6.03272, 4.26074
8.64218, 8.66638
1.72758, 8.04748
5.03863, 2.4732

6.156, 2.01153
6.03335, 4.25864
8.64101, 8.668
1.72753, 8.04548
5.03855, 2.47113

6.15767, 2.01192
6.03398, 4.25654
8.63984, 8.66961
1.72748, 8.04348
5.03848, 2.46905

6.15933, 2.01231
6.03461, 4.25444
8.63867, 8.67123
1.72742, 8.04148
5.03842, 2.46697

6.16099, 2.0127
6.03524, 4.25234
8.63751, 8.67284
1.72737, 8.03948
5.03837, 2.46489

6.16263, 2.0131
6.03587, 4.25024
8.63634, 8.67446
1.72732, 8.03748
5.03832, 2.46281

6.16427, 2.0135
6.0365, 4.24813
8.63517, 8.67608
1.72727, 8.03548
5.03829, 2.46072

6.16589, 2.0139
6.03713, 4.24603
8.634, 8.67769
1.72721, 8.03348
5.03826, 2.45863

6.16751, 2.01431
6.03776, 4.24393
8.63283, 8.67931
1.72716, 8.03148
5.03824, 2.45654

6.16913, 2.01473
6.03839, 4.24182
8.63166, 8.68092
1.72711, 8.02948
5.03823, 2.45444

6.17073, 2.01514
6.03902, 4.23972
8.6305, 8.68254
1.72705, 8.02748
5.03823, 2.45235

6.17232, 2.01556
6.03964, 4.23761
8.62933, 8.68416
1.727, 8.02548
5.03824, 2.45024

6.17391, 2.01599
6.04027, 4.2355
8.62816, 8.68577
1.72695, 8.02348
5.03826, 2.44814

6.17548, 2.01641
6.0409, 4.23339
8.62699, 8.68739
1.72689, 8.02149
5.03828, 2.44603

6.17705, 2.01684
6.04153, 4.23128
8.62582, 8.689
1.72684, 8.01949
5.03832, 2.44392

6.17861, 2.01728
6.04215, 4.22917
8.62466, 8.69062
1.72679, 8.01749
5.03836, 2.44181

6.18016, 2.01772
6.04278, 4.22706
8.62349, 8.69224
1.72674, 8.01549
5.03842, 2.4397

6.1817, 2.01816
6.04341, 4.22495
8.62232, 8.69385
1.72668, 8.01349
5.03848, 2.43758

6.18323, 2.01861
6.04403, 4.22283
8.62115, 8.69547
1.72663, 8.01149
5.03855, 2.43546

6.18475, 2.01905
6.04466, 4.22072
8.61998, 8.69709
1.72658, 8.00949
5.03863, 2.43334

6.18627, 2.01951
6.04528, 4.2186
8.61881, 8.6987
1.72652, 8.00749
5.03872, 2.43121

6.18777, 2.01996
6.04591, 4.21649
8.61765, 8.70032
1.72647, 8.00549
5.03882, 2.42908

6.18927, 2.02042
6.04653, 4.21437
8.61648, 8.70193
1.72642, 8.00349
5.03893, 2.42695

6.19076, 2.02089
6.04716, 4.21225
8.61531, 8.70355
1.72636, 8.00149
5.03905, 2.42482

6.19224, 2.02135
6.04778, 4.21013
8.61414, 8.70517
1.72631, 7.99949
5.03918, 2.42268

6.19371, 2.02182
6.04841, 4.20801
8.61297, 8.70678
1.72626, 7.99749
5.03931, 2.42054

6.19517, 2.0223
6.04903, 4.20589
8.61181, 8.7084
1.72621, 7.99549
5.03946, 2.4184

6.19662, 2.02277
6.04966, 4.20377
8.61064, 8.71001
1.72615, 7.99349
5.03961, 2.41626

6.19807, 2.02325
6.05028, 4.20165
8.60947, 8.71163
1.7261, 7.99149
5.03977, 2.41411

