0.00 10 7152.44 7162.44
0.02 6938.25 190.133 7128.38
0.04 7136.32 -7.72058 7128.6
0.06 7050.11 78.519 7128.63
0.08 6619.05 509.465 7128.51
0.1 7090.65 37.9444 7128.59
0.12 7104.51 24.1284 7128.64
0.14 5292.91 1837.28 7130.2
0.16 7124.47 4.16389 7128.63
0.18 6838.58 289.808 7128.39
0.2 7051.26 77.3522 7128.61
0.22 7003.93 124.495 7128.42
0.24 6532.93 595.825 7128.76
0.26 7084.57 44.0084 7128.58
0.28 6992.3 136.258 7128.56
0.3 7092.8 35.7893 7128.59
0.32 7062.72 65.8881 7128.61
0.34 7075.4 53.2518 7128.65
0.36 6809.79 318.566 7128.36
0.38 7017.55 111.102 7128.65
0.4 7069.56 59.0655 7128.62
0.42 6973.63 155.027 7128.66
0.44 7112.26 16.3264 7128.59
0.46 7096.07 32.5146 7128.59
0.48 6740.75 385.41 7126.16
0.5 7071.25 57.369 7128.62
0.52 6860.24 268.305 7128.54
0.54 7138.92 -10.3205 7128.6
0.56 5880.82 1249.21 7130.04
0.58 7080.03 48.5511 7128.58
0.6 6938.38 190.209 7128.59
0.62 6747.46 381.175 7128.63
0.64 7039.78 88.837 7128.61
0.66 7064.48 64.1044 7128.59
0.68 7105.17 23.4589 7128.63
0.7 7080.5 48.1148 7128.61
0.72 7052.8 75.8053 7128.6
0.74 7045.56 83.0454 7128.6
0.76 7064.98 63.494 7128.47
0.78 7133.22 -4.66201 7128.56
0.8 6938.08 190.479 7128.56
0.82 6615.78 511.555 7127.33
0.84 7130.66 -2.09403 7128.57
0.86 6963.52 165.121 7128.64
0.88 7012.94 115.7 7128.64
0.9 7099.27 29.2784 7128.55
0.92 7134.09 -5.49172 7128.6
0.94 7109.53 19.0625 7128.59
0.96 7048.47 80.1298 7128.6
0.98 6977.92 150.692 7128.61
1 7125.61 2.94642 7128.56
1.02 7075.34 53.1037 7128.45
1.04 6795.71 332.357 7128.06
1.06 6059 1069.74 7128.75
1.08 6636.6 491.791 7128.39
1.1 7132.31 -3.70548 7128.6
1.12 7116.6 12.0214 7128.63
1.14 6890.85 237.58 7128.43
1.16 7137.08 -8.44784 7128.63
1.18 6886.22 242.44 7128.66
1.2 6294.42 833.948 7128.37
1.22 7093.81 34.7565 7128.57
1.24 7112.84 15.6811 7128.52
1.26 7016.5 111.993 7128.49
1.28 6951.13 177.453 7128.58
1.3 7013.93 114.555 7128.49
1.32 7082.89 45.7337 7128.62
1.34 7005.95 122.655 7128.61
1.36 7108.15 20.4874 7128.64
1.38 6962.2 166.332 7128.53
1.4 6920.94 207.544 7128.49
1.42 7134.18 -5.55541 7128.62
1.44 7083.36 45.2605 7128.62
1.46 7088.85 39.7533 7128.61
1.48 7113.27 15.3749 7128.65
1.5 6870.53 257.832 7128.36
1.52 6751.09 377.478 7128.57
1.54 6856.7 271.778 7128.47
1.56 7137.09 -8.44199 7128.65
1.58 7106.45 22.1904 7128.64
1.6 6675.41 453.389 7128.8
1.62 7033.18 95.0282 7128.2
1.64 6970.72 157.801 7128.52
1.66 6321.92 806.634 7128.56
1.68 6986.83 141.663 7128.49
1.7 7087.13 41.4821 7128.61
1.72 7125.54 3.07557 7128.62
1.74 6679.39 449.137 7128.53
1.76 7046.15 82.4233 7128.57
1.78 7006.75 121.627 7128.37
1.8 6865.21 263.246 7128.46
1.82 7117.47 11.1635 7128.64
1.84 7112.91 15.7087 7128.62
1.86 6474.75 653.902 7128.66
1.88 7027.15 101.293 7128.45
1.9 6818.74 309.723 7128.46
1.92 6793.17 335.482 7128.65
1.94 7051.72 76.875 7128.6
1.96 7122.14 6.48239 7128.62
1.98 6787.65 340.692 7128.34
2 7124.22 4.41668 7128.63
2.02 6949.62 178.947 7128.57
2.04 7121.25 7.3684 7128.61
2.06 7062.44 66.0686 7128.51
2.08 7039.45 89.1768 7128.63
2.1 7131.73 -3.10043 7128.63
2.12 7032.73 95.8371 7128.57
2.14 7115.77 12.8233 7128.59
2.16 6671.34 457.399 7128.74
2.18 6886.47 241.974 7128.44
2.2 6956.92 171.662 7128.58
2.22 6869.68 258.785 7128.47
2.24 6956.89 171.44 7128.33
2.26 6946.44 182.004 7128.44
2.28 6950.98 177.484 7128.47
2.3 6937.76 190.787 7128.55
2.32 6897.69 230.906 7128.6
2.34 6955.58 172.996 7128.58
2.36 5698.51 1431.35 7129.86
2.38 5723.21 1405.35 7128.57
2.4 6952.18 176.105 7128.28
2.42 6540.33 588.417 7128.75
2.44 7067.6 60.8399 7128.44
2.46 6917.28 211.207 7128.49
2.48 7101.62 26.9805 7128.61
2.5 6703.59 425.005 7128.59
2.52 6770.72 358.058 7128.78
2.54 7134.01 -5.38519 7128.63
2.56 7080.31 48.2761 7128.58
2.58 6985.78 142.626 7128.41
2.6 7036.02 92.5729 7128.6
2.62 6813.1 315.52 7128.62
2.64 6466.64 661.966 7128.61
2.66 7064.85 63.7278 7128.58
2.68 7131.98 -3.4126 7128.57
2.7 7135.77 -7.18483 7128.59
2.72 6889.09 239.494 7128.59
2.74 7129.22 -0.705765 7128.51
2.76 6945.09 182.938 7128.03
2.78 7051.75 76.6914 7128.44
2.8 6923.92 204.565 7128.49
2.82 7129.12 -0.51451 7128.6
2.84 6899.67 228.778 7128.45
2.86 6671.36 457.26 7128.62
2.88 7086.02 42.5936 7128.61
2.9 6503.71 624.593 7128.3
2.92 6946.53 182.069 7128.6
2.94 7094.85 33.7527 7128.6
2.96 7119.68 8.93868 7128.62
2.98 7121.33 7.30618 7128.64
3 6915.24 213.351 7128.59
3.02 6988.6 139.881 7128.48
3.04 7136.15 -7.51399 7128.64
3.06 6867.26 261.249 7128.51
3.08 7039.57 88.8924 7128.46
3.1 6886.09 242.385 7128.48
3.12 6768.83 359.052 7127.88
3.14 6989.54 138.832 7128.37
3.16 7094.43 34.1155 7128.55
3.18 7098.91 29.6343 7128.54
3.2 7130.15 -1.51397 7128.63
3.22 6959.97 168.718 7128.69
3.24 7077.23 51.4139 7128.64
3.26 7119.66 8.93595 7128.6
3.28 6905.48 223.098 7128.57
3.3 6939.83 188.669 7128.5
3.32 6995.59 132.644 7128.23
3.34 7062.02 66.4884 7128.51
3.36 6976.45 152.186 7128.64
3.38 7042.46 86.1452 7128.61
3.4 7105.47 23.1796 7128.65
3.42 7086.35 42.3001 7128.65
3.44 7130.91 -2.27716 7128.63
3.46 6778.04 350.627 7128.66
3.48 6742.6 385.865 7128.46
3.5 7128.49 0.0636876 7128.55
3.52 6604.7 523.857 7128.55
3.54 7134.38 -5.784 7128.59
3.56 7016.99 111.596 7128.58
3.58 6609.21 519.131 7128.34
3.6 7016.99 111.656 7128.64
3.62 6929.9 198.447 7128.35
3.64 6909.99 218.739 7128.73
3.66 6802.79 325.636 7128.42
3.68 6886.26 242.349 7128.61
3.7 7103.65 24.9537 7128.6
3.72 6478.23 649.208 7127.44
3.74 7035.84 92.7891 7128.63
3.76 7035.48 93.0825 7128.56
3.78 7026.37 102.259 7128.63
3.8 7099.3 29.3329 7128.64
3.82 7110.97 17.6702 7128.64
3.84 6858.72 269.581 7128.3
3.86 7131.15 -2.50792 7128.64
3.88 7116.32 12.3364 7128.65
3.9 7075.69 52.963 7128.65
3.92 7090.41 38.2478 7128.66
3.94 7138.84 -10.2023 7128.63
3.96 7135.83 -7.20204 7128.63
3.98 7044.4 84.2325 7128.64
4 7102.6 25.9844 7128.59
4.02 6706.35 422.201 7128.55
4.04 7081.62 46.9791 7128.6
4.06 6581.68 546.46 7128.14
4.08 7057.94 70.6729 7128.62
4.1 6635.64 493.171 7128.81
4.12 7071.1 57.5281 7128.63
4.14 6838.06 290.532 7128.59
4.16 6796.09 332.506 7128.59
4.18 6802.7 326.007 7128.7
4.2 7085.25 43.1186 7128.37
4.22 6967.29 160.626 7127.91
4.24 6998.15 130.413 7128.56
4.26 6629.69 497.734 7127.43
4.28 6999.49 129.062 7128.56
4.3 7002.51 126.037 7128.55
4.32 7038.08 90.5739 7128.65
4.34 6747.89 380.668 7128.55
4.36 7107.53 21.1132 7128.64
4.38 7113.44 15.1847 7128.62
4.4 6980.24 148.282 7128.52
4.42 6971.65 156.977 7128.63
4.44 7104.98 23.6642 7128.64
4.46 7127.12 1.53693 7128.66
4.48 6819.25 309.252 7128.5
4.5 7109.67 18.8877 7128.56
4.52 6849.43 278.882 7128.31
4.54 6721.28 407.163 7128.44
4.56 7043.46 85.0733 7128.53
4.58 7066.46 62.1468 7128.61
4.6 6806.57 322.066 7128.64
4.62 7061.2 67.3973 7128.6
4.64 6959.51 169.051 7128.56
4.66 7031.26 97.2025 7128.46
4.68 7126.83 1.77709 7128.6
4.7 7016.77 111.846 7128.62
4.72 7050.63 77.972 7128.6
4.74 7054.05 74.6061 7128.66
4.76 7029.71 98.9196 7128.63
4.78 6836.12 292.514 7128.63
4.8 6853.51 275.19 7128.7
4.82 7102.44 26.1542 7128.59
4.84 6877.41 251.077 7128.49
4.86 7097.71 30.8628 7128.57
4.88 7044.7 83.8094 7128.51
4.9 6739.22 387.96 7127.18
4.92 7026.05 102.564 7128.62
4.94 7101.02 27.5984 7128.62
4.96 7050.12 78.2454 7128.37
4.98 6693.15 434.537 7127.69
5 6731.84 395.586 7127.42
5.02 6902.39 226.252 7128.65
5.04 7037.92 90.7084 7128.63
5.06 5689.9 1441.06 7130.97
5.08 6826.17 302.447 7128.62
5.1 6976.64 152.061 7128.7
5.12 7034.94 93.642 7128.58
5.14 7044.9 83.7049 7128.6
5.16 7069.99 58.6751 7128.67
5.18 7081.24 47.4048 7128.64
5.2 6792.28 336.352 7128.63
5.22 6431.11 697.403 7128.51
5.24 7048.22 80.3596 7128.58
5.26 7126.86 1.7878 7128.65
5.28 7092.97 35.681 7128.65
5.3 7131.61 -2.96685 7128.64
5.32 6770.04 358.728 7128.77
5.34 6902.24 226.365 7128.6
5.36 6400.56 728.317 7128.88
5.38 7045.42 83.0032 7128.43
5.4 7003.93 124.534 7128.47
5.42 7119.01 9.61209 7128.62
5.44 7029.3 99.3179 7128.62
5.46 7019.24 109.297 7128.53
5.48 7053.03 75.5884 7128.62
5.5 7136.54 -7.92547 7128.62
5.52 6046.6 1082.31 7128.91
5.54 6368.73 760.384 7129.11
5.56 6918.61 210.049 7128.65
5.58 6945.75 182.853 7128.6
5.6 7047.49 81.1482 7128.64
5.62 6554.3 571.203 7125.5
5.64 7029.25 99.2358 7128.48
5.66 6758.2 369.76 7127.96
5.68 7131.4 -2.75902 7128.64
5.7 7107.54 21.0832 7128.62
5.72 7090.15 38.426 7128.58
5.74 6924.01 204.55 7128.57
5.76 6028.44 1100.54 7128.97
5.78 7137.05 -8.47768 7128.57
5.8 6769.12 359.617 7128.73
5.82 6997.26 131.318 7128.58
5.84 7045.7 82.7998 7128.5
5.86 7101.07 27.545 7128.62
5.88 7069.17 59.4199 7128.59
5.9 7117.62 11.0293 7128.65
5.92 6927.04 201.347 7128.38
5.94 7106.11 22.5157 7128.63
5.96 7071.51 57.1043 7128.61
5.98 7028.72 99.8532 7128.58
6 7114.92 13.7056 7128.63
6.02 7061.07 67.3674 7128.44
6.04 7114.19 14.4095 7128.6
6.06 6011.02 1119.02 7130.04
6.08 7122.52 6.07881 7128.6
6.1 6759.21 369.365 7128.57
6.12 6594.97 532.232 7127.2
6.14 6795.17 333.482 7128.65
6.16 7067.19 61.3856 7128.58
6.18 6852.02 276.226 7128.24
6.2 7092.3 36.2803 7128.58
6.22 7043.05 85.569 7128.62
6.24 5931.92 1198.6 7130.52
6.26 6726.82 400.695 7127.51
6.28 6113.12 1014.72 7127.85
6.3 7134.09 -5.45085 7128.63
6.32 7084.36 44.2569 7128.62
6.34 6485.91 642.774 7128.69
6.36 6553.7 574.773 7128.47
6.38 6955.16 173.474 7128.63
6.4 5975.18 1155.17 7130.35
6.42 7103.19 25.428 7128.61
6.44 7023.97 104.565 7128.54
6.46 6803.04 325.673 7128.72
6.48 6859.52 269.075 7128.6
6.5 7081.78 46.8404 7128.62
6.52 6962.34 166.037 7128.38
6.54 7126.19 2.46675 7128.66
6.56 7133.96 -5.32407 7128.63
6.58 6978.36 150.313 7128.67
6.6 7109.67 18.9792 7128.65
6.62 7102.77 25.8953 7128.67
6.64 7123.6 5.0417 7128.64
6.66 6160.56 967.604 7128.17
6.68 6913.25 214.917 7128.17
6.7 7048.53 80.0654 7128.6
6.72 7127.28 1.35723 7128.63
6.74 7044.95 83.6487 7128.6
6.76 6889.16 239.54 7128.7
6.78 7123.49 5.1254 7128.61
6.8 6369.77 759.08 7128.85
6.82 5673.69 1457.88 7131.57
6.84 6629.32 498.09 7127.41
6.86 6792.66 335.948 7128.6
6.88 7081.46 47.0999 7128.56
6.9 7011.85 116.728 7128.58
6.92 7136.26 -7.63124 7128.63
6.94 7136.89 -8.26335 7128.63
6.96 7049.57 78.9396 7128.51
6.98 5923.79 1195.82 7119.62
7 6799.08 329.536 7128.61
7.02 7105.98 22.6228 7128.61
7.04 7135.67 -7.02129 7128.65
7.06 7135.41 -6.78666 7128.62
7.08 7059.12 69.4997 7128.62
7.1 7035.86 92.7918 7128.65
7.12 7125.89 2.74582 7128.64
7.14 7086.96 41.6554 7128.62
7.16 6933.42 195.269 7128.69
7.18 5800.78 1328.11 7128.89
7.2 7131.97 -3.39442 7128.58
7.22 6896.09 232.504 7128.59
7.24 7004.79 123.821 7128.61
7.26 6536.28 592.482 7128.76
7.28 6484.68 643.534 7128.21
7.3 7097.14 31.4246 7128.56
7.32 7086.32 42.1211 7128.44
7.34 7135.95 -7.35105 7128.6
7.36 6988.39 140.178 7128.57
7.38 6130.65 999.267 7129.92
7.4 6918.47 210.145 7128.61
7.42 7135.8 -7.17029 7128.63
7.44 6751.86 376.661 7128.52
7.46 6912.91 215.707 7128.62
7.48 7008.61 119.985 7128.59
7.5 7090.75 37.775 7128.52
7.52 7095.44 33.1711 7128.61
7.54 7135.25 -6.60179 7128.65
7.56 6955.94 172.73 7128.67
7.58 6937.56 190.95 7128.51
7.6 7089.72 38.8916 7128.61
7.62 7080.79 47.8547 7128.65
7.64 7113.02 15.62 7128.64
7.66 6820.58 307.884 7128.47
7.68 7131.58 -2.94461 7128.63
7.7 6840.28 288.026 7128.31
7.72 6867.86 260.563 7128.42
7.74 7048.13 80.5003 7128.63
7.76 7040.51 88.0448 7128.55
7.78 7089.91 38.6515 7128.56
7.8 7026.94 101.706 7128.65
7.82 7006.28 122.291 7128.57
7.84 7132.77 -4.11897 7128.65
7.86 5883.4 1245.4 7128.8
7.88 7118.97 9.67383 7128.65
7.9 7135 -6.38315 7128.62
7.92 6858.44 269.318 7127.76
7.94 6967.7 160.456 7128.16
7.96 7114.67 13.9528 7128.62
7.98 7004.82 123.669 7128.49
8 7077.66 50.6541 7128.32
8.02 7102.78 25.7688 7128.55
8.04 7076.23 52.3756 7128.61
8.06 6920.27 208.374 7128.65
8.08 7097.99 30.6209 7128.61
8.1 7135.68 -7.03646 7128.64
8.12 7066.54 62.0849 7128.63
8.14 6965.03 163.331 7128.36
8.16 7137.2 -8.59299 7128.61
8.18 7031.6 97.0416 7128.64
8.2 7031.56 97.0011 7128.57
8.22 7132.1 -3.46275 7128.63
8.24 7007.46 121.133 7128.6
8.26 7103.04 25.5467 7128.59
8.28 7037.62 90.986 7128.6
8.3 6973.16 155.454 7128.61
8.32 7026.16 102.471 7128.63
8.34 7076.7 51.8882 7128.59
8.36 7104.87 23.6984 7128.56
8.38 7055.41 73.2051 7128.61
8.4 7128.64 0.00639316 7128.65
8.42 7125.4 3.21313 7128.62
8.44 7116.25 12.375 7128.63
8.46 6908.06 220.313 7128.38
8.48 6979.43 149.092 7128.52
8.5 7097.47 31.0815 7128.56
8.52 7056.92 71.5944 7128.52
8.54 7010.04 118.498 7128.54
8.56 6912.15 216.448 7128.6
8.58 6972.13 156.432 7128.57
8.6 7069.41 59.1606 7128.57
8.62 6972.89 155.622 7128.51
8.64 7016.42 112.173 7128.59
8.66 7105.38 23.2183 7128.6
8.68 7101.25 27.3665 7128.61
8.7 7107.78 20.8282 7128.61
8.72 7042.52 86.031 7128.55
8.74 6779.78 348.66 7128.44
8.76 7127.39 1.21737 7128.61
8.78 6966.83 161.853 7128.68
8.8 7106.48 22.1236 7128.6
8.82 7121.17 7.47862 7128.65
8.84 7131.21 -2.58267 7128.63
8.86 6992.67 135.916 7128.59
8.88 6702.01 425.968 7127.98
8.9 6550.7 577.856 7128.56
8.92 7105.39 23.205 7128.59
8.94 6860.8 266.842 7127.64
8.96 7096.78 31.8248 7128.61
8.98 7092.38 36.2089 7128.59
9 6797.52 331.143 7128.66
9.02 7094.69 33.8998 7128.59
9.04 6797.15 331.309 7128.46
9.06 6359.72 769.126 7128.85
9.08 7058.76 69.7799 7128.54
9.1 7085.06 43.4192 7128.48
9.12 7133.99 -5.37591 7128.61
9.14 7099.48 29.1306 7128.61
9.16 7086.57 42.0612 7128.63
9.18 6226.67 901.977 7128.65
9.2 7136.53 -7.88055 7128.65
9.22 7060.17 68.3052 7128.47
9.24 6924.81 203.683 7128.49
9.26 7115.35 13.264 7128.62
9.28 6960.72 167.087 7127.81
9.3 6704 424.49 7128.49
9.32 6943.01 185.402 7128.41
9.34 7002.3 126.116 7128.41
9.36 6395.69 732.72 7128.41
9.38 7114 14.612 7128.62
9.4 7086.28 42.2532 7128.54
9.42 6226.93 901.059 7127.99
9.44 7105.24 23.4144 7128.65
9.46 7082.05 46.5683 7128.61
9.48 7087.92 40.6954 7128.62
9.5 7105.62 22.8525 7128.47
9.52 7107.36 21.2634 7128.63
9.54 6875.41 253.202 7128.61
9.56 7108.34 20.2706 7128.61
9.58 6847.51 281.186 7128.69
9.6 6929.32 199.27 7128.59
9.62 7140.08 -11.5051 7128.57
9.64 7129.12 -0.511292 7128.61
9.66 7042.04 86.4949 7128.54
9.68 7109.06 19.5067 7128.56
9.7 7003.5 125.018 7128.52
9.72 7078.08 50.5391 7128.62
9.74 7020.33 108.242 7128.57
9.76 6942.48 186.172 7128.65
9.78 7067.33 61.2185 7128.55
9.8 7110.97 17.6409 7128.61
9.82 7095.48 32.9833 7128.46
9.84 7138.53 -9.92082 7128.61
9.86 7076.46 51.9783 7128.43
9.88 7115.39 13.2043 7128.6
9.9 6940.05 188.403 7128.45
9.92 6998.33 130.232 7128.56
9.94 6942.99 185.535 7128.52
9.96 6992.3 136.228 7128.53
9.98 6932.58 195.79 7128.37
10 6835.58 293.066 7128.64
10.02 6932.74 195.655 7128.39
10.04 6987.48 141.13 7128.61
10.06 6709.22 418.786 7128
10.08 7128.52 0.0828488 7128.6
10.1 7115.42 13.1697 7128.59
10.12 6784.91 343.722 7128.63
10.14 7115.59 13.026 7128.62
10.16 7094.57 34.0795 7128.65
10.18 7122.28 6.33726 7128.62
10.2 7023.1 105.526 7128.63
10.22 7032.9 95.7137 7128.61
10.24 7093.27 35.3358 7128.61
10.26 7139.17 -10.5553 7128.61
10.28 7046.37 82.2258 7128.59
10.3 7079.67 48.9346 7128.6
10.32 7012.4 116.206 7128.61
10.34 6964.7 163.878 7128.57
10.36 7004.68 123.753 7128.44
10.38 6865.18 262.862 7128.04
10.4 6772.25 356.171 7128.42
10.42 7125.02 3.60102 7128.62
10.44 5856.51 1273.88 7130.4
10.46 7122.92 5.67725 7128.6
10.48 6979.42 149.239 7128.66
10.5 6960.36 167.79 7128.15
10.52 7001.71 126.89 7128.6
10.54 6989.45 139.048 7128.5
10.56 7114.52 14.1007 7128.62
10.58 6649.24 479.158 7128.39
10.6 7100.85 27.7307 7128.58
10.62 7109.62 18.8972 7128.51
10.64 7004.55 124.051 7128.6
10.66 7032.1 96.4821 7128.58
10.68 7128.15 0.466011 7128.62
10.7 7134.92 -6.28853 7128.63
10.72 7059.41 69.2187 7128.63
10.74 7130.85 -2.27072 7128.58
10.76 7115.13 13.4558 7128.59
10.78 6992.07 136.231 7128.3
10.8 7077.58 50.9533 7128.53
10.82 6726.69 401.306 7128
10.84 7112.71 15.874 7128.58
10.86 7114.62 13.9804 7128.6
10.88 7077.09 51.488 7128.58
10.9 7132.67 -4.08729 7128.58
10.92 7081.51 47.0598 7128.57
10.94 6651.17 477.43 7128.6
10.96 6999.38 129.222 7128.6
10.98 7114.69 13.9082 7128.6
11 7115.89 12.6973 7128.59
11.02 7124.4 4.20138 7128.6
11.04 7129.2 -0.603651 7128.6
11.06 6663.98 464.736 7128.71
11.08 5910.18 1219.33 7129.5
11.1 7086.59 42.0099 7128.6
11.12 7111.5 17.1326 7128.63
11.14 6640.52 488.169 7128.69
11.16 7017.53 110.988 7128.52
11.18 7102.43 26.1328 7128.56
11.2 7129.18 -0.542536 7128.64
11.22 6974.05 154.533 7128.59
11.24 7116.99 11.6108 7128.6
11.26 7123.53 5.06497 7128.6
11.28 7100.83 27.7625 7128.6
11.3 6088.14 1041.56 7129.7
11.32 5940.37 1188.6 7128.96
11.34 6021.62 1106.55 7128.17
11.36 6949.68 178.844 7128.53
11.38 6955.43 172.663 7128.09
11.4 7133.07 -4.43426 7128.64
11.42 7112.35 16.3107 7128.66
11.44 7135.19 -6.52481 7128.66
11.46 7131.33 -2.69235 7128.63
11.48 7124.01 4.60139 7128.61
11.5 7096.06 32.5411 7128.6
11.52 7066.45 62.129 7128.58
11.54 7119.11 9.51474 7128.62
11.56 6906.33 222.357 7128.68
11.58 6469.6 658.683 7128.29
11.6 7129.45 -0.820969 7128.63
11.62 7096.03 32.5892 7128.62
11.64 7125.01 3.60946 7128.62
11.66 7079.37 49.2369 7128.6
11.68 7089.53 39.0708 7128.6
11.7 7078.62 49.9579 7128.57
11.72 7021.04 107.456 7128.5
11.74 7131.38 -2.76775 7128.61
11.76 7127.6 1.02075 7128.62
11.78 6554.15 574.454 7128.61
11.8 7073.76 54.8365 7128.6
11.82 7098.49 30.13 7128.62
11.84 7032.75 95.7378 7128.49
11.86 7060.82 67.7056 7128.53
11.88 5472.16 1660.4 7132.56
11.9 6712.62 415.874 7128.5
11.92 6746.71 381.166 7127.87
11.94 7120.74 7.88757 7128.62
11.96 6877.39 251.233 7128.62
11.98 6940.51 188.041 7128.55
12 7107.14 21.3839 7128.53
12.02 7074.77 53.6779 7128.45
12.04 6960.51 167.9 7128.41
12.06 6967.29 161.21 7128.5
12.08 7033.24 95.2927 7128.54
12.1 7092.22 36.3245 7128.55
12.12 6945.62 182.91 7128.53
12.14 6799.63 328.832 7128.46
12.16 7068.66 59.9272 7128.58
12.18 7029.98 98.6308 7128.61
12.2 6925.99 202.602 7128.6
12.22 7076.82 51.819 7128.64
12.24 7091.61 37.0383 7128.65
12.26 7134.29 -5.66673 7128.63
12.28 6852.66 275.485 7128.15
12.3 6993.72 134.885 7128.61
12.32 6924.94 203.639 7128.58
12.34 6906.11 222.511 7128.62
12.36 6966.43 161.812 7128.24
12.38 7105.74 22.8844 7128.63
12.4 7097.92 30.6407 7128.56
12.42 7086.72 41.9018 7128.62
12.44 6983.22 145.378 7128.59
12.46 6725.83 402.927 7128.75
12.48 7080.78 47.7804 7128.56
12.5 7029.77 98.7438 7128.51
12.52 6404.36 724.341 7128.7
12.54 7070.27 58.2558 7128.53
12.56 6995.2 133.352 7128.55
12.58 7119.36 9.23817 7128.6
12.6 6890.13 238.547 7128.68
12.62 7097.4 31.1931 7128.6
12.64 6877.64 251.022 7128.66
12.66 6653.63 474.323 7127.96
12.68 6065.78 1062.77 7128.56
12.7 7104.17 24.321 7128.49
12.72 6765.16 362.769 7127.93
12.74 6984.51 143.91 7128.42
12.76 7110.54 18.0578 7128.59
12.78 6978.93 149.54 7128.47
12.8 7094.28 34.2903 7128.57
12.82 7132.17 -3.59782 7128.58
12.84 7019.78 108.819 7128.6
12.86 7063.93 64.6281 7128.55
12.88 7058.65 69.9719 7128.62
12.9 6971.12 157.488 7128.61
12.92 7101.95 26.6572 7128.6
12.94 7126.75 1.86969 7128.62
12.96 7004.65 123.934 7128.59
12.98 7129.34 -0.691211 7128.65
13 7134.22 -5.59202 7128.63
13.02 6820.26 308.35 7128.61
13.04 6554.96 572.557 7127.52
13.06 6874.57 253.691 7128.26
13.08 7110.82 17.8184 7128.64
13.1 6950.42 178.022 7128.44
13.12 7057.45 71.1872 7128.64
13.14 7131.91 -3.27547 7128.64
13.16 7104.74 23.861 7128.6
13.18 7081.76 46.8512 7128.61
13.2 6883.08 245.334 7128.42
13.22 6742.74 385.851 7128.59
13.24 7069.26 59.2606 7128.52
13.26 6220.6 908.959 7129.56
13.28 6945.06 183.473 7128.54
13.3 6918.01 210.081 7128.09
13.32 6899.46 229.177 7128.64
13.34 6893.01 235.538 7128.55
13.36 6985.37 143.18 7128.55
13.38 6680.01 449.022 7129.03
13.4 6827.21 301.313 7128.52
13.42 7074.67 53.8797 7128.55
13.44 6845.67 282.738 7128.41
13.46 6293.04 836.026 7129.07
13.48 6590.74 537.792 7128.53
13.5 6950.49 178.008 7128.5
13.52 6825.09 303.582 7128.67
13.54 6736.36 392.005 7128.36
13.56 7047.37 81.0761 7128.45
13.58 6908.9 219.513 7128.41
13.6 6545.37 583.086 7128.45
13.62 6939.49 188.736 7128.22
13.64 7037.65 90.8503 7128.5
13.66 7082.54 45.9964 7128.54
13.68 6895.63 233.058 7128.68
13.7 7089.64 38.9782 7128.62
13.72 6836.36 292.393 7128.75
13.74 6824.29 304.176 7128.47
13.76 7053.02 75.5564 7128.57
13.78 6754.08 374.58 7128.66
13.8 6698.66 429.753 7128.41
13.82 6863.8 264.846 7128.64
13.84 7122.75 5.88025 7128.63
13.86 7087.22 41.4152 7128.64
13.88 7124.9 3.73385 7128.63
13.9 7127.76 0.892783 7128.65
13.92 7121.43 7.21351 7128.64
13.94 7081.63 46.9797 7128.61
13.96 7132.58 -3.94466 7128.63
13.98 6640.7 487.513 7128.22
14 6832.6 295.781 7128.38
14.02 7060.18 68.3921 7128.57
14.04 6539.08 589.297 7128.38
14.06 7040.29 88.2949 7128.59
14.08 7115.46 13.1893 7128.65
14.1 7129.12 -0.50216 7128.62
14.12 7132.85 -4.2147 7128.64
14.14 6993.89 134.636 7128.52
14.16 6715.82 412.808 7128.63
14.18 7014.69 113.854 7128.55
14.2 6564.97 563.243 7128.21
14.22 7057.63 70.8515 7128.48
14.24 7099.65 28.9063 7128.56
14.26 7006.89 121.716 7128.6
14.28 6953.31 175.25 7128.56
14.3 7100.03 28.5639 7128.59
14.32 6732.15 396.416 7128.57
14.34 6815.81 312.675 7128.48
14.36 7137.8 -9.16711 7128.63
14.38 7122.44 6.19919 7128.64
14.4 7075.5 53.1419 7128.64
14.42 7117.66 11.0189 7128.67
14.44 7127.07 1.59371 7128.66
14.46 7138.43 -9.78994 7128.64
14.48 6996.86 131.702 7128.56
14.5 7110.46 18.1347 7128.59
14.52 6707.1 420.203 7127.3
14.54 6404.57 724.36 7128.93
14.56 7129.6 -0.976431 7128.63
14.58 6980.8 147.814 7128.62
14.6 7043.57 85.0885 7128.66
14.62 7050.96 77.6584 7128.62
14.64 6103.15 1025.47 7128.63
14.66 6693.66 434.819 7128.48
14.68 7040.02 88.564 7128.58
14.7 6928.69 199.669 7128.36
14.72 6754.9 373.894 7128.8
14.74 5932.48 1196.46 7128.94
14.76 6886.38 242.252 7128.63
14.78 6923.01 205.237 7128.25
14.8 6878.98 249.48 7128.46
14.82 7055.61 72.9539 7128.57
14.84 7132.99 -4.34221 7128.65
14.86 6949.26 179.342 7128.6
14.88 6809.55 318.995 7128.55
14.9 6518.78 609.438 7128.22
14.92 6958.62 169.327 7127.95
14.94 7127.57 1.06706 7128.64
14.96 7015.13 113.483 7128.61
14.98 6807.59 320.024 7127.62
15 7017.5 111.067 7128.57
15.02 6797.75 331.001 7128.75
15.04 7126.09 2.54091 7128.63
15.06 6972.1 156.413 7128.52
15.08 7036.9 91.6226 7128.52
15.1 6553.34 574.765 7128.1
15.12 6959.9 168.526 7128.43
15.14 6516.82 612.096 7128.92
15.16 7026.51 102.017 7128.53
15.18 7133.44 -4.82112 7128.61
15.2 7058.1 70.475 7128.58
15.22 7068.08 60.5111 7128.59
15.24 7132.79 -4.17542 7128.61
15.26 6989.81 138.823 7128.63
15.28 7091.64 36.9641 7128.6
15.3 6981.04 147.371 7128.41
15.32 7041.68 86.9264 7128.61
15.34 6625.38 502.19 7127.57
15.36 6859.77 268.653 7128.42
15.38 7070.02 58.5382 7128.56
15.4 7026.44 102.124 7128.57
15.42 7034.41 94.2228 7128.63
15.44 7122.22 6.4229 7128.65
15.46 6742 386.331 7128.33
15.48 6930.48 198.163 7128.64
15.5 7063.14 65.3814 7128.53
15.52 7117.31 11.3309 7128.64
15.54 6945.1 183.529 7128.63
15.56 6609.1 519.459 7128.56
15.58 6825.25 303.16 7128.41
15.6 7119.35 9.29363 7128.64
15.62 6423.49 704.965 7128.45
15.64 6656.16 472.283 7128.44
15.66 6373.5 755.692 7129.19
15.68 7136.41 -7.77213 7128.64
15.7 6905.84 222.678 7128.51
15.72 7036.75 91.8604 7128.61
15.74 6779.73 348.898 7128.63
15.76 7118.13 10.4973 7128.63
15.78 6579.29 549.231 7128.52
15.8 6933.54 194.833 7128.38
15.82 6976.1 152.556 7128.65
15.84 7016.57 111.894 7128.47
15.86 6975.92 152.434 7128.36
15.88 6784.11 344.305 7128.41
15.9 7082.69 45.9437 7128.64
15.92 6913.56 214.888 7128.45
15.94 6957.48 170.994 7128.47
15.96 7128.56 0.0818869 7128.64
15.98 6858.49 269.648 7128.14
16 7027.32 101.225 7128.54
16.02 7035.58 93.0181 7128.6
16.04 7087.27 41.2661 7128.53
16.06 7110.52 18.1141 7128.63
16.08 7110.49 18.1335 7128.62
16.1 7118.36 10.27 7128.63
16.12 7099.82 28.7912 7128.61
16.14 6507.25 621.286 7128.54
16.16 7016.66 111.902 7128.57
16.18 7132.08 -3.46649 7128.62
16.2 7107.48 21.1732 7128.65
16.22 6444.64 684.13 7128.77
16.24 6450.38 677.8 7128.18
16.26 7087.47 41.144 7128.62
16.28 7043.9 84.3475 7128.25
16.3 7076.69 51.9156 7128.61
16.32 7062.3 66.2061 7128.51
16.34 6548.99 579.725 7128.71
16.36 6943.57 185.09 7128.66
16.38 7115.31 13.3183 7128.63
16.4 7109.65 18.9802 7128.63
16.42 6813.02 315.317 7128.34
16.44 7019.68 108.846 7128.53
16.46 7040 88.4053 7128.41
16.48 6915.1 213.428 7128.53
16.5 6952.77 175.759 7128.53
16.52 7080.27 48.3136 7128.59
16.54 6898.06 230.657 7128.72
16.56 7124.9 3.71313 7128.62
16.58 6944.95 183.644 7128.6
16.6 6809.04 319.584 7128.63
16.62 7039.54 88.9385 7128.48
16.64 7107.32 21.2669 7128.59
16.66 6936.42 192.24 7128.66
16.68 6717.96 410.499 7128.46
16.7 6969.86 158.763 7128.62
16.72 7094.69 33.9088 7128.6
16.74 7117.25 11.3734 7128.62
16.76 7104.83 23.7502 7128.58
16.78 6992.87 135.584 7128.46
16.8 7077.35 51.2421 7128.6
16.82 7051.93 76.6552 7128.59
16.84 7038.11 90.4507 7128.56
16.86 6750.36 377.032 7127.39
16.88 7128.38 0.247346 7128.62
16.9 7135.27 -6.66862 7128.61
16.92 7129.39 -0.780583 7128.61
16.94 6840.02 288.447 7128.47
16.96 7139.61 -11.0293 7128.58
16.98 7050.15 78.3602 7128.51
17 7038.58 89.9726 7128.56
17.02 7080.92 47.5194 7128.44
17.04 7098.4 30.2227 7128.62
17.06 7025.01 103.554 7128.56
17.08 6478.89 649.977 7128.86
17.1 7084.81 43.7434 7128.56
17.12 6792.81 335.441 7128.25
17.14 5956.22 1172.66 7128.88
17.16 6326.94 801.423 7128.36
17.18 6915.59 212.735 7128.33
17.2 7073.01 55.5855 7128.59
17.22 6575.59 553.204 7128.8
17.24 7129.01 -0.373239 7128.64
17.26 6831.9 296.663 7128.56
17.28 6784.02 343.656 7127.67
17.3 5710.95 1418.22 7129.18
17.32 7080.29 48.1377 7128.43
17.34 6581.22 547.133 7128.35
17.36 7043.53 85.0739 7128.61
17.38 7112.59 16.0233 7128.62
17.4 6605 523.687 7128.69
17.42 7132.61 -3.98033 7128.63
17.44 6904.49 223.954 7128.44
17.46 7075.64 52.9378 7128.57
17.48 7104.54 24.0762 7128.61
17.5 6678.61 449.825 7128.44
17.52 7089.5 39.1179 7128.62
17.54 7046.32 82.2807 7128.6
17.56 7127.53 1.06482 7128.6
17.58 6843.71 284.776 7128.49
17.6 6733.26 394.716 7127.98
17.62 7121.83 6.80593 7128.64
17.64 7128.14 0.470995 7128.61
17.66 7101.32 27.2604 7128.58
17.68 7002.69 125.931 7128.62
17.7 7050.25 78.3195 7128.57
17.72 6790.22 338.361 7128.59
17.74 6983.32 145.15 7128.47
17.76 6968.67 159.885 7128.56
17.78 6584.07 544.245 7128.31
17.8 6871.39 256.873 7128.27
17.82 7014.88 113.296 7128.18
17.84 7098.05 30.5446 7128.59
17.86 6953.55 175.152 7128.7
17.88 7104.42 24.2127 7128.63
17.9 6906.95 221.684 7128.63
17.92 6995.95 132.661 7128.61
17.94 6837.21 291.222 7128.44
17.96 6978.34 150.051 7128.39
17.98 6766.8 361.842 7128.65
18 7100.26 28.321 7128.59
18.02 7067.92 60.6941 7128.61
18.04 7108.06 20.5675 7128.63
18.06 7098.16 30.4665 7128.62
18.08 7101.72 26.8886 7128.61
18.1 7133.3 -4.66012 7128.64
18.12 6984.82 143.776 7128.59
18.14 6979.47 149.09 7128.56
18.16 6717.62 410.853 7128.47
18.18 6791.62 337.059 7128.67
18.2 7137.8 -9.18923 7128.61
18.22 6782.61 346.075 7128.68
18.24 6983.68 144.949 7128.63
18.26 6816.08 312.53 7128.61
18.28 7077.59 50.9305 7128.52
18.3 6895.67 232.872 7128.54
18.32 6968.59 159.906 7128.5
18.34 7066.67 61.9408 7128.61
18.36 7122.29 6.28529 7128.57
18.38 7062.33 66.3182 7128.64
18.4 6769.71 358.941 7128.65
18.42 7125.46 3.19036 7128.65
18.44 7107.59 21.0614 7128.65
18.46 7083.9 44.7606 7128.66
18.48 6994.59 133.949 7128.53
18.5 7114.39 14.1808 7128.57
18.52 6964.1 164.376 7128.47
18.54 7075.27 53.3515 7128.62
18.56 6948.97 179.36 7128.33
18.58 6832.52 296.073 7128.59
18.6 7095.29 33.3221 7128.61
18.62 7081.97 46.6727 7128.64
18.64 6794.39 334.156 7128.54
18.66 7087.27 41.372 7128.65
18.68 6915.54 213.171 7128.71
18.7 7138.19 -9.53846 7128.66
18.72 7078.36 50.2509 7128.61
18.74 6996.27 132.295 7128.57
18.76 7008.96 119.576 7128.54
18.78 7009.27 119.357 7128.62
18.8 7135.93 -7.3121 7128.62
18.82 7054.51 74.1577 7128.67
18.84 7027.44 101.017 7128.46
18.86 7057.76 70.9005 7128.66
18.88 7094.93 33.5889 7128.52
18.9 6895.25 232.853 7128.1
18.92 7121.16 7.45163 7128.61
18.94 6843.97 284.352 7128.32
18.96 6757.43 370.832 7128.26
18.98 7035.95 92.628 7128.57
19 6582.25 545.69 7127.94
19.02 7015.93 112.732 7128.66
19.04 6613.14 515.262 7128.4
19.06 7107.51 21.04 7128.55
19.08 6841.04 287.699 7128.74
19.1 7040.57 88.0076 7128.58
19.12 6999.21 129.456 7128.66
19.14 7092.99 35.6366 7128.63
19.16 6679.54 449.235 7128.77
19.18 7099.22 29.4041 7128.62
19.2 6794.74 333.716 7128.45
19.22 7089.69 38.9205 7128.61
19.24 7077.82 50.8344 7128.66
19.26 6810.02 318.702 7128.72
19.28 6999.95 127.587 7127.54
19.3 7125.01 3.62142 7128.63
19.32 7046.55 82.0025 7128.55
19.34 6884.88 243.794 7128.68
19.36 6918.08 210.441 7128.52
19.38 6860.49 268.123 7128.62
19.4 7053.11 75.4539 7128.57
19.42 6744.28 384.478 7128.76
19.44 7101.34 27.2822 7128.63
19.46 6897.38 231.299 7128.68
19.48 7126.53 2.1197 7128.65
19.5 7131.52 -2.87015 7128.65
19.52 7132.42 -3.79034 7128.63
19.54 6815.46 313.219 7128.68
19.56 7050.24 78.3625 7128.6
19.58 7109.85 18.7693 7128.62
19.6 7108.14 20.4468 7128.59
19.62 7130.5 -1.90759 7128.59
19.64 6909.63 218.926 7128.56
19.66 6338.41 789.247 7127.66
19.68 6433.11 694.934 7128.04
19.7 6941.07 187.469 7128.54
19.72 6634.33 494.438 7128.76
19.74 7084.55 44.0247 7128.57
19.76 6829.82 298.758 7128.57
19.78 7020.49 107.933 7128.42
19.8 7081.58 47.08 7128.66
19.82 7079.91 48.7096 7128.61
19.84 6276.77 852.367 7129.14
19.86 7135.4 -6.79635 7128.6
19.88 7108.17 20.4008 7128.57
19.9 7098.42 30.1341 7128.55
19.92 6592.26 536.311 7128.57
19.94 7100.01 28.4116 7128.42
19.96 6758.82 369.645 7128.47
19.98 6490.04 638.509 7128.55
20 7007.14 121.465 7128.61
20.02 7131.89 -3.26947 7128.63
20.04 6757.5 370.575 7128.07
20.06 6779.67 348.732 7128.4
20.08 7131.93 -3.26228 7128.66
20.1 7125.96 2.69116 7128.65
20.12 7059.62 68.9692 7128.59
20.14 7122.28 6.33424 7128.62
20.16 7104.62 23.967 7128.59
20.18 7115.72 12.9065 7128.63
20.2 7028.64 100.017 7128.66
20.22 7119.18 9.43785 7128.62
20.24 7129.93 -1.31054 7128.62
20.26 6772.85 355.868 7128.72
20.28 6930.2 198.302 7128.5
20.3 7119.38 9.20972 7128.59
20.32 7051.49 76.8603 7128.35
20.34 7133.18 -4.55276 7128.63
20.36 7088.51 40.0999 7128.61
20.38 7094.61 33.9853 7128.59
20.4 6859.71 268.641 7128.35
20.42 7075.9 52.7154 7128.62
20.44 7104.57 24.0478 7128.62
20.46 6968.77 159.697 7128.46
20.48 7088.31 40.3192 7128.63
20.5 7119 9.64421 7128.65
20.52 6996.26 132.166 7128.43
20.54 7078.53 50.1086 7128.64
20.56 7114.22 14.2889 7128.51
20.58 7119.59 9.02125 7128.61
20.6 7116.09 12.502 7128.59
20.62 5848.46 1281.63 7130.08
20.64 6940.44 187.976 7128.41
20.66 7029.5 98.9444 7128.45
20.68 6179.54 949.614 7129.16
20.7 7133.5 -4.84849 7128.65
20.72 6906.6 222.101 7128.7
20.74 7073.03 55.6128 7128.65
20.76 6998.81 129.489 7128.3
20.78 7078.48 50.1565 7128.63
20.8 6986.7 141.882 7128.58
20.82 7131.99 -3.35517 7128.64
20.84 7123.72 4.91146 7128.63
20.86 7123.29 5.35658 7128.64
20.88 7138.76 -10.1112 7128.65
20.9 6288.93 838.998 7127.93
20.92 7124.56 3.99815 7128.55
20.94 6953.5 175.105 7128.6
20.96 6859.18 269.343 7128.52
20.98 7113.9 14.7091 7128.6
21 6811.93 316.727 7128.66
21.02 6646.93 481.902 7128.83
21.04 6966.85 161.71 7128.56
21.06 7138.18 -9.53541 7128.64
21.08 7021.85 106.691 7128.54
21.1 7052.43 76.0492 7128.48
21.12 7044.33 84.2552 7128.59
21.14 7130.78 -2.18151 7128.59
21.16 6906.97 221.429 7128.4
21.18 6981.55 146.63 7128.18
21.2 7126.6 2.01565 7128.61
21.22 7092.94 35.6537 7128.59
21.24 7087.32 41.3044 7128.62
21.26 7128.44 0.18124 7128.62
21.28 7103.68 24.909 7128.59
21.3 7134.56 -5.94004 7128.62
21.32 7132.7 -4.07381 7128.62
21.34 6932.97 195.657 7128.63
21.36 6943.57 185.028 7128.6
21.38 7133.69 -5.04985 7128.64
21.4 6849.24 279.418 7128.66
21.42 6873.31 255.265 7128.58
21.44 7014.02 114.593 7128.61
21.46 7106.53 22.0898 7128.62
21.48 6810.31 318.115 7128.43
21.5 7131.7 -3.10502 7128.6
21.52 6694.75 433.787 7128.54
21.54 7124.74 3.87509 7128.62
21.56 6817.45 311.105 7128.56
21.58 7110.01 18.6191 7128.63
21.6 7053.87 74.6473 7128.52
21.62 6906.54 221.268 7127.81
21.64 7132.36 -3.70506 7128.65
21.66 6930.14 198.412 7128.55
21.68 7042.19 86.3917 7128.59
21.7 6945.16 183.315 7128.48
21.72 6996.82 131.595 7128.42
21.74 7128.3 0.309205 7128.61
21.76 7137.79 -9.16901 7128.62
21.78 7038.37 90.2642 7128.64
21.8 6994.79 133.864 7128.66
21.82 7124.96 3.68178 7128.64
21.84 6928.46 200.059 7128.52
21.86 6846.01 281.484 7127.49
21.88 6873.29 255.13 7128.42
21.9 6886.61 241.954 7128.56
21.92 7135.68 -7.08115 7128.59
21.94 7051.37 77.2272 7128.59
21.96 7129.19 -0.544588 7128.65
21.98 6933.86 194.786 7128.64
22 7042.86 85.7342 7128.6
22.02 7122.5 6.1278 7128.62
22.04 7048.51 80.0015 7128.52
22.06 7131.74 -3.16745 7128.57
22.08 6832.58 295.129 7127.71
22.1 6752.44 376.366 7128.81
22.12 7117.29 11.3487 7128.64
22.14 7001.35 127.08 7128.43
22.16 7056.69 71.962 7128.65
22.18 7045.77 82.7846 7128.55
22.2 7090.1 38.4953 7128.59
22.22 7060.64 67.9958 7128.64
22.24 7088.81 39.7328 7128.54
22.26 6384.85 743.692 7128.54
22.28 6791.13 337.403 7128.54
22.3 6424.36 704.516 7128.88
22.32 7121.36 7.21888 7128.58
22.34 7088.66 39.8575 7128.52
22.36 6483.03 645.629 7128.66
22.38 7123.54 4.98982 7128.53
22.4 7087.86 40.6992 7128.56
22.42 7069.11 59.4278 7128.54
22.44 6961.96 166.46 7128.42
22.46 7098.5 30.0748 7128.58
22.48 6162.58 966.386 7128.97
22.5 7005.36 123.245 7128.61
22.52 7091.56 37.0926 7128.65
22.54 7096.03 32.637 7128.66
22.56 7126.99 1.64203 7128.63
22.58 6978.62 150.037 7128.66
22.6 6230.63 899.048 7129.68
22.62 7028.31 100.29 7128.6
22.64 7133.89 -5.27728 7128.62
22.66 6785.76 343.079 7128.84
22.68 7015.32 113.185 7128.5
22.7 7126.5 2.12267 7128.63
22.72 6330.62 797.98 7128.6
22.74 6464.92 663.866 7128.78
22.76 6948.71 179.721 7128.43
22.78 6670.18 458.567 7128.75
22.8 7094.2 34.4376 7128.64
22.82 7135.59 -6.95565 7128.63
22.84 7061.37 67.279 7128.65
22.86 7074.26 54.3938 7128.65
22.88 6377.42 749.716 7127.13
22.9 7135.2 -6.58954 7128.62
22.92 7085.31 43.2987 7128.61
22.94 7062.59 66.0021 7128.59
22.96 6519.45 609.554 7129
22.98 7085.42 43.2098 7128.63
23 6818.04 310.637 7128.67
23.02 6864.99 263.532 7128.52
23.04 6947.6 180.946 7128.54
23.06 7033.71 94.7274 7128.44
23.08 6529 599.531 7128.53
23.1 6183.2 940.999 7124.2
23.12 7138.57 -9.99259 7128.58
23.14 6767.77 360.75 7128.52
23.16 7115.3 13.3177 7128.62
23.18 7131.91 -3.35186 7128.55
23.2 7125.6 2.91892 7128.52
23.22 7006.06 122.526 7128.58
23.24 7093.64 35.0021 7128.64
23.26 7122.5 6.13616 7128.63
23.28 7096.31 32.3459 7128.65
23.3 6898 230.607 7128.61
23.32 7110.18 18.4376 7128.62
23.34 5896.77 1233.1 7129.87
23.36 6943.38 184.901 7128.28
23.38 6671.34 457.063 7128.4
23.4 6913.93 214.445 7128.38
23.42 6976.66 151.896 7128.56
23.44 6919.78 208.737 7128.52
23.46 7050.06 78.5802 7128.64
23.48 7053.95 74.6862 7128.64
23.5 6994.8 133.808 7128.61
23.52 7133.32 -4.72722 7128.59
23.54 7109.19 19.3878 7128.58
23.56 7068.15 60.4608 7128.61
23.58 7078.85 49.7694 7128.62
23.6 6013.76 1115.85 7129.61
23.62 7136.9 -8.28555 7128.61
23.64 7042.65 85.9812 7128.63
23.66 6983.28 145.269 7128.55
23.68 7072.99 55.4778 7128.47
23.7 7137.48 -8.83042 7128.65
23.72 6561.32 566.952 7128.27
23.74 7125.75 2.89137 7128.64
23.76 6935.98 192.521 7128.51
23.78 7133.19 -4.55095 7128.64
23.8 6742.62 385.929 7128.55
23.82 6961.91 166.714 7128.62
23.84 7085.04 43.4233 7128.47
23.86 6974.49 153.933 7128.42
23.88 7134.61 -5.94716 7128.66
23.9 6810.37 318.053 7128.42
23.92 7127.39 1.26372 7128.65
23.94 7029.84 98.714 7128.56
23.96 6811.49 317.078 7128.57
23.98 7103.37 25.2753 7128.65
24 7121.81 6.83375 7128.65
24.02 7118.61 10.0167 7128.63
24.04 6893.05 235.46 7128.51
24.06 7100.85 27.7609 7128.61
24.08 6907.12 221.342 7128.46
24.1 6922.5 205.428 7127.93
24.12 7083.68 44.9499 7128.63
24.14 7091.09 37.5348 7128.63
24.16 7089.46 39.1025 7128.56
24.18 7086.73 41.8892 7128.62
24.2 6767.63 360.871 7128.51
24.22 7073.6 54.6772 7128.28
24.24 6846.95 280.747 7127.69
24.26 7122.19 6.3925 7128.58
24.28 6208.36 920.678 7129.04
24.3 6427.69 700.814 7128.5
24.32 7127.35 1.23036 7128.58
24.34 7118.07 10.439 7128.51
24.36 6338.96 789.67 7128.63
24.38 7069.08 59.5147 7128.59
24.4 7032.43 96.1461 7128.57
24.42 7129.94 -1.35098 7128.59
24.44 6668.41 460.028 7128.44
24.46 7119.58 9.01062 7128.59
24.48 6867.35 261.296 7128.65
24.5 7114.52 14.1145 7128.63
24.52 7104.73 23.8879 7128.62
24.54 7006.72 121.866 7128.58
24.56 6794.05 334.49 7128.54
24.58 6708.74 420.081 7128.82
24.6 7003.7 124.933 7128.63
24.62 6673.85 454.663 7128.51
24.64 6993.11 135.086 7128.2
24.66 6868.87 259.619 7128.49
24.68 7093.71 34.8994 7128.61
24.7 6810.92 317.316 7128.24
24.72 7100.21 28.3977 7128.61
24.74 6879.81 248.436 7128.25
24.76 6865.97 262.444 7128.42
24.78 7131.93 -3.31727 7128.61
24.8 6243.21 885.725 7128.93
24.82 6863.65 264.921 7128.57
24.84 6470.3 658.581 7128.88
24.86 6878.2 250.356 7128.56
24.88 7026.85 101.69 7128.54
24.9 6947.71 180.856 7128.56
24.92 7045.15 83.3879 7128.54
24.94 6924.57 203.922 7128.49
24.96 6683.5 445.051 7128.55
24.98 7121.16 7.35536 7128.51
25 6577.6 550.493 7128.09
25.02 6991.14 136.893 7128.03
25.04 7086.47 42.125 7128.6
25.06 7137.6 -8.95708 7128.64
25.08 6851.74 276.511 7128.25
25.1 6934.85 193.668 7128.52
25.12 7072.97 55.651 7128.62
25.14 6770.69 357.815 7128.51
25.16 7119.89 8.65196 7128.54
25.18 6983.33 145.116 7128.45
25.2 6415.24 713.261 7128.51
25.22 7129.14 -0.545773 7128.59
25.24 6852.53 275.845 7128.38
25.26 6983.52 144.489 7128.01
25.28 6836.73 291.774 7128.51
25.3 7115.63 12.9743 7128.6
25.32 7110.48 18.0765 7128.56
25.34 7063.72 64.8968 7128.62
25.36 7028.73 99.8062 7128.53
25.38 7061.73 66.9125 7128.64
25.4 7016.95 111.736 7128.68
25.42 7130.67 -2.04962 7128.62
25.44 6720.29 407.549 7127.84
25.46 6800.48 327.799 7128.27
25.48 7135.24 -6.62508 7128.62
25.5 6873.58 254.867 7128.44
25.52 7137.03 -8.38859 7128.64
25.54 7126.43 2.18795 7128.62
25.56 7104 24.5888 7128.59
25.58 7118.05 10.554 7128.6
25.6 7096.47 32.0675 7128.54
25.62 7119.23 9.37869 7128.61
25.64 6958.59 169.88 7128.47
25.66 7019.82 108.643 7128.47
25.68 6606.04 522.538 7128.58
25.7 7033.79 94.4211 7128.21
25.72 6936.13 192.437 7128.57
25.74 6854.89 273.611 7128.5
25.76 7076.88 51.7035 7128.58
25.78 7115.51 13.1073 7128.61
25.8 7135.92 -7.27667 7128.64
25.82 7119 9.6039 7128.6
25.84 6861.25 266.806 7128.06
25.86 7135.68 -7.05154 7128.63
25.88 7114.65 13.9591 7128.61
25.9 7038.46 89.9276 7128.39
25.92 7124.33 4.25827 7128.59
25.94 6421.15 707.934 7129.08
25.96 7138.32 -9.69864 7128.62
25.98 6920 208.536 7128.54
26 7015.92 112.686 7128.61
26.02 6988.93 139.489 7128.42
26.04 7088.85 39.7283 7128.58
26.06 6217.76 910.552 7128.31
26.08 6994.73 133.835 7128.57
26.1 7128.57 0.0894293 7128.65
26.12 7105.68 22.93 7128.61
26.14 7129.06 -0.422158 7128.64
26.16 7034.43 94.0903 7128.52
26.18 7043.67 84.7186 7128.39
26.2 7121.89 6.73771 7128.63
26.22 7065.65 62.9723 7128.63
26.24 6679.1 448.889 7127.99
26.26 7088.22 40.3892 7128.61
26.28 7091.83 36.7299 7128.56
26.3 7107.77 20.8561 7128.63
26.32 7041.24 87.2285 7128.46
26.34 6731.21 397.225 7128.44
26.36 6994.9 133.649 7128.55
26.38 7124.1 4.5202 7128.62
26.4 6909.93 218.771 7128.7
26.42 6528.63 600.033 7128.66
26.44 6979.98 148.606 7128.58
26.46 6904.62 223.036 7127.65
26.48 6128.48 1000.59 7129.07
26.5 6986.72 141.55 7128.27
26.52 7086.42 42.1042 7128.52
26.54 6970.24 158.372 7128.61
26.56 7092.24 36.3707 7128.61
26.58 6908.34 219.817 7128.16
26.6 7035.57 93.0613 7128.63
26.62 7024.11 104.557 7128.67
26.64 6923.85 204.817 7128.67
26.66 6623.92 504.289 7128.21
26.68 7059.11 69.5087 7128.62
26.7 7068.43 60.0972 7128.52
26.72 6761.5 366.898 7128.4
26.74 7046.96 81.6637 7128.63
26.76 7133.26 -4.63346 7128.63
26.78 7090.2 38.3952 7128.6
26.8 7071.6 56.9601 7128.56
26.82 7058.11 70.4311 7128.54
26.84 7056.18 72.3875 7128.57
26.86 6870.94 257.695 7128.64
26.88 6964.47 163.984 7128.45
26.9 6815.28 312.967 7128.24
26.92 7072.82 55.669 7128.49
26.94 7055.6 73.0027 7128.6
26.96 7056.69 71.6558 7128.35
26.98 7102.71 25.9314 7128.64
27 6824.39 302.193 7126.58
27.02 7099.65 28.9547 7128.6
27.04 6732.69 395.843 7128.54
27.06 6965.72 162.878 7128.6
27.08 6540.45 588.272 7128.72
27.1 7104.71 23.9364 7128.64
27.12 7047.33 81.2718 7128.6
27.14 7073.94 54.5412 7128.48
27.16 6896.72 231.919 7128.64
27.18 7122.65 5.97118 7128.62
27.2 6931.74 196.416 7128.15
27.22 7039.65 88.9632 7128.61
27.24 7136.2 -7.533 7128.67
27.26 7099.72 28.8822 7128.61
27.28 7042.45 86.0629 7128.51
27.3 6670.26 458.187 7128.45
27.32 6831.8 295.606 7127.4
27.34 6592.58 533.992 7126.57
27.36 7130.72 -2.08213 7128.64
27.38 7133.67 -5.0362 7128.63
27.4 7073.41 55.2089 7128.62
27.42 6870.01 258.647 7128.66
27.44 7089.72 38.8515 7128.57
27.46 6474.72 652.911 7127.63
27.48 7066.62 61.9838 7128.6
27.5 7100.19 28.4485 7128.63
27.52 7063.08 65.5441 7128.63
27.54 7136.93 -8.26506 7128.66
27.56 6060.42 1068.84 7129.26
27.58 7117.19 11.445 7128.63
27.6 7130.88 -2.26567 7128.62
27.62 6985.53 142.969 7128.5
27.64 6318.61 810.115 7128.73
27.66 7085.95 42.6444 7128.59
27.68 6790.18 338.348 7128.53
27.7 7123.75 4.86034 7128.61
27.72 7105.47 23.1474 7128.62
27.74 7037.58 91.0687 7128.65
27.76 7137.02 -8.3907 7128.63
27.78 6200.19 929.369 7129.56
27.8 6970.46 157.969 7128.43
27.82 7034.49 93.8356 7128.33
27.84 6929.98 198.603 7128.58
27.86 6379.17 748.891 7128.06
27.88 6967.95 160.628 7128.58
27.9 7053.62 74.9964 7128.62
27.92 7092.11 36.5205 7128.63
27.94 7135.46 -6.83408 7128.62
27.96 7045.69 82.9073 7128.6
27.98 7034.3 94.2601 7128.56
28 6670.49 457.367 7127.85
28.02 7050.2 78.4367 7128.64
28.04 6789.95 338.402 7128.35
28.06 6834.75 293.768 7128.52
28.08 7015.66 112.943 7128.6
28.1 7037.9 90.5914 7128.49
28.12 7085.14 43.4699 7128.61
28.14 7075.67 52.8509 7128.52
28.16 6741.1 386.823 7127.93
28.18 7114.59 14.0271 7128.62
28.2 6959.68 168.822 7128.5
28.22 7117.45 11.194 7128.64
28.24 6789.03 339.033 7128.07
28.26 7130.75 -2.11252 7128.64
28.28 6371.36 757.9 7129.26
28.3 7072.56 56.0008 7128.56
28.32 6977.56 151.068 7128.63
28.34 7130.42 -1.79434 7128.62
28.36 6839.86 288.455 7128.32
28.38 6868.42 260.228 7128.65
28.4 7081.12 47.4977 7128.62
28.42 6375.52 753.022 7128.55
28.44 7125.11 3.52505 7128.64
28.46 7115.61 13.0051 7128.62
28.48 6475.13 653.115 7128.24
28.5 7120.03 8.6241 7128.65
28.52 6544.98 583.552 7128.53
28.54 7069.82 58.7584 7128.58
28.56 6902.22 226.195 7128.41
28.58 6844.8 283.657 7128.45
28.6 7126.88 1.76793 7128.64
28.62 6530.64 597.897 7128.54
28.64 7042.01 86.5688 7128.58
28.66 7126.57 2.05738 7128.63
28.68 6777.56 351.129 7128.69
28.7 6639.69 488.157 7127.84
28.72 7069.54 59.0928 7128.63
28.74 6842.39 286.236 7128.62
28.76 7104.19 24.4332 7128.63
28.78 7126.68 1.94464 7128.62
28.8 7001.69 126.964 7128.65
28.82 6755.28 373.352 7128.64
28.84 7042.39 86.2351 7128.63
28.86 7125.76 2.87251 7128.63
28.88 6992.27 136.349 7128.62
28.9 7117.66 10.9633 7128.62
28.92 6811.15 317.348 7128.49
28.94 7101.49 27.1478 7128.63
28.96 6681.29 447.31 7128.6
28.98 6852.75 275.757 7128.51
29 7047.89 80.7521 7128.64
29.02 7114.33 14.31 7128.64
29.04 7033.28 95.3513 7128.63
29.06 7043.45 84.958 7128.41
29.08 7134.46 -5.83821 7128.62
29.1 7048.64 79.9508 7128.6
29.12 6879.63 248.992 7128.62
29.14 7005.26 123.282 7128.55
29.16 7033.24 95.357 7128.59
29.18 6816.29 312.047 7128.34
29.2 6353.37 775.159 7128.53
29.22 7110.61 18.0016 7128.61
29.24 7080.72 47.9141 7128.64
29.26 7102.05 26.5488 7128.6
29.28 7122.04 6.58934 7128.63
29.3 7124.3 4.36257 7128.66
29.32 7010.91 117.739 7128.65
29.34 6883.79 244.952 7128.74
29.36 7133.08 -4.426 7128.65
29.38 6999.08 129.555 7128.64
29.4 6514.65 614.522 7129.17
29.42 7135.06 -6.41825 7128.64
29.44 6864.2 263.904 7128.11
29.46 7013.51 115.131 7128.64
29.48 6723.72 404.625 7128.34
29.5 6851.47 277.011 7128.48
29.52 6831.22 297.405 7128.62
29.54 7061.14 67.46 7128.6
29.56 6992.74 135.927 7128.67
29.58 7107.37 21.2893 7128.66
29.6 6896.7 231.954 7128.65
29.62 7037.43 91.2297 7128.66
29.64 7002.28 126.307 7128.58
29.66 6856.1 271.704 7127.81
29.68 7091.86 36.7117 7128.57
29.7 6676.24 452.059 7128.3
29.72 7066.08 62.3035 7128.38
29.74 7088.06 40.5409 7128.6
29.76 7042.86 85.7171 7128.58
29.78 6825.9 302.016 7127.92
29.8 6806.96 321.7 7128.66
29.82 7125.13 3.48642 7128.61
29.84 7085.26 43.3547 7128.62
29.86 6756.6 371.661 7128.26
29.88 6781.29 347.092 7128.39
29.9 6906.9 221.651 7128.55
29.92 6434.46 694.3 7128.76
29.94 7020.71 107.844 7128.55
29.96 6984.18 144.22 7128.4
29.98 7057.6 70.9574 7128.56
30 6823.68 304.838 7128.52
30.02 7103.21 25.3811 7128.59
30.04 7087.61 41.0276 7128.64
30.06 6751.02 377.737 7128.76
30.08 6875.98 252.411 7128.39
30.1 6998.73 129.9 7128.63
30.12 6713.38 415.41 7128.79
30.14 6568.47 560.467 7128.93
30.16 6737.64 391.123 7128.76
30.18 6604.25 524.342 7128.6
30.2 6987.06 141.543 7128.6
30.22 6369.82 759.578 7129.39
30.24 6307.96 821.504 7129.47
30.26 7113.68 14.9736 7128.65
30.28 6938.53 189.93 7128.46
30.3 6967.02 161.502 7128.52
30.32 6851 277.589 7128.59
30.34 7136.88 -8.27345 7128.6
30.36 6469.08 660.074 7129.15
30.38 7067.92 60.698 7128.62
30.4 7112.67 15.9493 7128.62
30.42 7070.73 57.8938 7128.62
30.44 7098.51 30.0799 7128.59
30.46 6205.35 921.996 7127.35
30.48 7129.69 -1.05032 7128.64
30.5 6664.26 464.45 7128.71
30.52 7012.7 115.885 7128.58
30.54 7129.89 -1.23471 7128.66
30.56 6971.05 157.539 7128.59
30.58 6950.46 178.166 7128.63
30.6 7073.61 54.9602 7128.57
30.62 7140.16 -11.569 7128.59
30.64 7100.42 28.131 7128.55
30.66 6890.69 237.849 7128.54
30.68 6983.05 145.556 7128.61
30.7 7108.64 19.9674 7128.61
30.72 7124.61 3.99474 7128.61
30.74 7106.35 22.2536 7128.6
30.76 7131.11 -2.4528 7128.65
30.78 7035.69 92.7533 7128.44
30.8 6807.8 320.948 7128.75
30.82 7105.39 23.2177 7128.61
30.84 7052.42 76.146 7128.56
30.86 6851.51 276.852 7128.36
30.88 7139.59 -10.9732 7128.61
30.9 7091.37 37.2315 7128.6
30.92 7114.79 13.8326 7128.62
30.94 7067.97 60.6776 7128.65
30.96 7099.62 29 7128.62
30.98 6425.19 703.555 7128.74
31 6619.61 507.87 7127.48
31.02 7126.44 2.2297 7128.67
31.04 7107.86 20.7567 7128.61
31.06 7133.18 -4.55687 7128.63
31.08 6735.73 392.979 7128.71
31.1 6698.61 429.599 7128.21
31.12 6864.63 263.852 7128.49
31.14 7116.84 11.7607 7128.6
31.16 7132.6 -3.96463 7128.63
31.18 6793.2 334.517 7127.72
31.2 7117.2 11.417 7128.61
31.22 6967.13 161.342 7128.47
31.24 6792.81 335.918 7128.73
31.26 7030.64 98.0131 7128.65
31.28 7128.01 0.602109 7128.61
31.3 7134.27 -5.64322 7128.62
31.32 6888.91 239.623 7128.53
31.34 7046.23 82.3853 7128.61
31.36 7095.6 33.0796 7128.68
31.38 6744.46 384.12 7128.58
31.4 6634.96 493.145 7128.1
31.42 7107.8 20.8215 7128.62
31.44 7120.95 7.67531 7128.62
31.46 7127.92 0.683624 7128.6
31.48 6987.27 141.281 7128.55
31.5 7098.69 29.8905 7128.58
31.52 7068.78 59.8414 7128.62
31.54 7070.14 58.5115 7128.65
31.56 7134.47 -5.8113 7128.66
31.58 7102.92 25.7357 7128.65
31.6 7110.03 18.5922 7128.62
31.62 6453.62 675.529 7129.15
31.64 6711.89 416.642 7128.54
31.66 6820.67 307.815 7128.49
31.68 7117.88 10.7231 7128.6
31.7 7101.36 27.2628 7128.62
31.72 6891.92 236.813 7128.73
31.74 7086.29 42.3496 7128.64
31.76 7124.86 3.75155 7128.61
31.78 7088.62 39.9979 7128.62
31.8 7025.99 102.285 7128.28
31.82 6937.67 190.942 7128.62
31.84 7025.95 102.559 7128.51
31.86 6830.95 297.562 7128.51
31.88 6937.84 190.694 7128.53
31.9 7072.65 55.9153 7128.56
31.92 7042.42 86.0267 7128.44
31.94 7038.21 90.4079 7128.62
31.96 6993.37 135.142 7128.51
31.98 7124.63 3.99809 7128.63
32 7134.01 -5.38549 7128.62
32.02 7107.35 21.235 7128.58
32.04 7096.18 32.3956 7128.57
32.06 7073.59 55.037 7128.63
32.08 6959.5 168.865 7128.36
32.1 7068.45 60.1804 7128.63
32.12 7007.83 120.674 7128.51
32.14 7129.84 -1.20691 7128.64
32.16 6831.44 297.232 7128.67
32.18 6878.48 250.139 7128.62
32.2 7133.05 -4.42584 7128.63
32.22 7060.61 68.0057 7128.62
32.24 7062.66 65.9775 7128.64
32.26 6998.39 130.128 7128.51
32.28 6590.89 537.128 7128.01
32.3 6952.36 176.015 7128.38
32.32 7098.62 30.0192 7128.64
32.34 7133.95 -5.27372 7128.67
32.36 6249.11 879.315 7128.42
32.38 7136 -7.36758 7128.63
32.4 6991.74 136.879 7128.62
32.42 6402.14 726.333 7128.48
32.44 7068.93 59.6764 7128.61
32.46 6919.36 209.315 7128.68
32.48 7093.28 35.3 7128.58
32.5 7120.49 8.13054 7128.62
32.52 7122.13 6.48537 7128.62
32.54 6971.74 156.797 7128.54
32.56 7070.05 58.4675 7128.52
32.58 6695.29 432.587 7127.87
32.6 6440.72 688.023 7128.74
32.62 6958.98 169.576 7128.56
32.64 7073.25 55.3445 7128.6
32.66 7069.87 58.572 7128.44
32.68 6932.43 196.129 7128.56
32.7 5529.09 1602.06 7131.15
32.72 7032.89 95.6723 7128.57
32.74 6965.26 163.279 7128.54
32.76 7088.53 40.1212 7128.65
32.78 6933.14 195.489 7128.63
32.8 7135.28 -6.62662 7128.65
32.82 7107.15 21.4553 7128.6
32.84 7125.93 2.66991 7128.6
32.86 7102.37 26.2162 7128.59
32.88 6948.18 180.102 7128.28
32.9 6771.32 356.891 7128.21
32.92 6886.48 242.066 7128.54
32.94 7121.95 6.62196 7128.57
32.96 7007.65 120.52 7128.17
32.98 7061.13 67.3553 7128.48
33 6715.94 412.673 7128.61
33.02 7135.55 -6.89177 7128.65
33.04 7131.85 -3.21482 7128.64
33.06 7122.67 5.97538 7128.65
33.08 7130.86 -2.24266 7128.62
33.1 7119.36 9.28861 7128.65
33.12 7046.63 82.0066 7128.64
33.14 6738.23 390.506 7128.74
33.16 6058.36 1071.77 7130.13
33.18 7102.64 25.91 7128.55
33.2 7056.97 71.4899 7128.46
33.22 6680.55 447.672 7128.22
33.24 7082.73 45.6121 7128.34
33.26 7005.85 122.556 7128.41
33.28 7065.16 63.36 7128.52
33.3 7129.98 -1.43615 7128.54
33.32 6675.67 452.97 7128.64
33.34 6747.53 381.227 7128.76
33.36 7052.5 76.0886 7128.59
33.38 7116.98 11.6357 7128.61
33.4 7019.36 109.305 7128.67
33.42 6800.12 328.377 7128.5
33.44 6990.87 137.415 7128.28
33.46 7108.29 20.3517 7128.64
33.48 7046.44 82.1697 7128.61
33.5 6929.59 198.221 7127.81
33.52 6917.22 211.164 7128.38
33.54 6830.21 298.077 7128.28
33.56 7107.5 21.0897 7128.59
33.58 6942.44 186.05 7128.49
33.6 7061.4 67.2709 7128.67
33.62 6734.84 393.798 7128.64
33.64 7122.89 5.7357 7128.62
33.66 7004.38 124.27 7128.65
33.68 7120.96 7.63699 7128.6
33.7 6877.93 250.735 7128.66
33.72 6894.47 234.222 7128.69
33.74 6856.72 271.841 7128.56
33.76 6991.54 137.039 7128.58
33.78 7063.3 65.329 7128.63
33.8 7129.02 -0.425301 7128.6
33.82 7130.7 -2.0787 7128.62
33.84 7104.6 23.9926 7128.6
33.86 7130.42 -1.79769 7128.62
33.88 7074.01 54.5965 7128.61
33.9 6306.47 822.41 7128.88
33.92 6954.35 173.763 7128.11
33.94 7071.48 57.127 7128.61
33.96 7127.14 1.51956 7128.66
33.98 7133.86 -5.20437 7128.65
34 6946.09 182.31 7128.4
34.02 6784.78 343.436 7128.21
34.04 7060.99 67.621 7128.61
34.06 7130.79 -2.15286 7128.64
34.08 6907.55 220.724 7128.27
34.1 7053.42 75.2146 7128.63
34.12 6522.75 605.934 7128.68
34.14 6932.18 196.366 7128.55
34.16 7118.88 9.73905 7128.62
34.18 7126.31 2.3034 7128.62
34.2 7086.97 41.6201 7128.59
34.22 7072.85 55.7379 7128.59
34.24 6895.5 233.143 7128.64
34.26 7004.16 124.503 7128.66
34.28 7132.71 -4.11186 7128.6
34.3 7127.87 0.752795 7128.63
34.32 7115.1 13.5178 7128.61
34.34 7127.9 0.770563 7128.67
34.36 7048.17 80.4531 7128.63
34.38 6948.05 180.598 7128.65
34.4 6781.03 347.59 7128.62
34.42 6982.51 146.025 7128.54
34.44 6901.99 226.688 7128.67
34.46 6962.09 166.328 7128.42
34.48 7060.97 67.6086 7128.58
34.5 6835.57 292.803 7128.38
34.52 7075.82 52.7578 7128.57
34.54 7137.03 -8.40132 7128.63
34.56 7106.51 22.0673 7128.58
34.58 7032.69 95.952 7128.64
34.6 7020.92 107.716 7128.64
34.62 7030.07 98.5467 7128.62
34.64 7124.04 4.60365 7128.64
34.66 6944.77 183.697 7128.47
34.68 6960.96 167.693 7128.65
34.7 6991.84 136.764 7128.61
34.72 6680.25 447.474 7127.72
34.74 6960.09 168.517 7128.61
34.76 6444.01 684.929 7128.94
34.78 6960.76 167.904 7128.66
34.8 7051.56 77.0541 7128.62
34.82 6977 151.426 7128.43
34.84 7117.57 10.9947 7128.57
34.86 7032.01 96.4482 7128.46
34.88 6803.95 324.354 7128.3
34.9 6952.81 175.45 7128.26
34.92 7106.79 21.7568 7128.55
34.94 7057.21 71.3814 7128.59
34.96 6581.42 547.544 7128.96
34.98 5415.47 1716.29 7131.75
35 7045.31 83.292 7128.6
35.02 6916.32 212.273 7128.59
35.04 6976.8 151.674 7128.47
35.06 7079.3 49.2826 7128.59
35.08 6611.52 515.656 7127.17
35.1 7127.1 1.55612 7128.66
35.12 6625.12 503.66 7128.78
35.14 7117.01 11.568 7128.58
35.16 7100.97 27.6114 7128.58
35.18 7089.07 39.5387 7128.61
35.2 7099.63 29.002 7128.63
35.22 6826.18 302.397 7128.58
35.24 7129.35 -0.681557 7128.67
35.26 6730.07 398.587 7128.65
35.28 6887.27 241.35 7128.62
35.3 7135.12 -6.49745 7128.62
35.32 7136.11 -7.46601 7128.65
35.34 7101.58 27.0025 7128.59
35.36 6742.03 386.583 7128.61
35.38 6917.39 211.012 7128.4
35.4 6995.4 133.175 7128.58
35.42 7119.41 9.20392 7128.61
35.44 6750.3 377.683 7127.98
35.46 6902.56 226.021 7128.59
35.48 7041.04 87.482 7128.52
35.5 7100.05 28.5726 7128.62
35.52 6911.58 216.754 7128.33
35.54 7005.73 122.901 7128.63
35.56 7075.25 53.254 7128.5
35.58 6575.55 552.963 7128.51
35.6 7103.29 25.3815 7128.67
35.62 7103.51 25.1592 7128.67
35.64 7136.51 -7.867 7128.65
35.66 7136.56 -7.91945 7128.64
35.68 7086.46 42.0683 7128.53
35.7 6899.2 229.367 7128.57
35.72 6842.82 285.584 7128.4
35.74 7090.07 38.4985 7128.57
35.76 6581.91 546.58 7128.49
35.78 6988.71 139.893 7128.61
35.8 7039.91 88.6779 7128.59
35.82 7065.63 63.0025 7128.63
35.84 6930.09 198.621 7128.71
35.86 7060.35 68.1049 7128.46
35.88 7097.2 31.4401 7128.64
35.9 6921.82 206.424 7128.25
35.92 6875.9 251.946 7127.85
35.94 7058.28 70.2928 7128.57
35.96 6467.56 661.134 7128.69
35.98 6900.87 227.765 7128.63
36 7129.39 -0.735146 7128.65
36.02 6679.39 449.497 7128.89
36.04 6747.18 381.593 7128.77
36.06 6447.43 681.665 7129.09
36.08 7052 76.524 7128.53
36.1 6948.12 180.487 7128.61
36.12 6914.79 213.831 7128.62
36.14 6606.74 521.581 7128.32
36.16 7054.34 74.0684 7128.41
36.18 7135.99 -7.33281 7128.66
36.2 7114.16 14.4776 7128.64
36.22 7129.22 -0.585934 7128.63
36.24 7112.78 15.8516 7128.63
36.26 7117.46 11.1702 7128.63
36.28 6949.66 178.969 7128.62
36.3 7139.11 -10.491 7128.62
36.32 7136.81 -8.17008 7128.64
36.34 6839.35 288.822 7128.17
36.36 7115.34 13.2444 7128.58
36.38 7044.88 83.7141 7128.6
36.4 6897.17 231.449 7128.61
36.42 6839.12 288.737 7127.85
36.44 7134.14 -5.51829 7128.62
36.46 7111.79 16.8489 7128.64
36.48 6985.32 143.232 7128.56
36.5 6694.9 433.843 7128.74
36.52 7125.8 2.82148 7128.62
36.54 6965.01 163.593 7128.6
36.56 7132.9 -4.29513 7128.6
36.58 7023.21 105.357 7128.57
36.6 6726.45 402.02 7128.47
36.62 7087.15 41.4888 7128.64
36.64 7057.04 71.4796 7128.52
36.66 6943.93 184.658 7128.59
36.68 7002.38 126.162 7128.55
36.7 7092 36.5663 7128.56
36.72 6988.79 139.844 7128.63
36.74 7067.16 61.327 7128.49
36.76 6813.14 315.299 7128.44
36.78 6794.88 333.183 7128.06
36.8 7124.92 3.74034 7128.66
36.82 6856.09 272.593 7128.68
36.84 6552.49 575.567 7128.06
36.86 7129.4 -0.755445 7128.65
36.88 7029.18 99.4166 7128.6
36.9 6525 602.962 7127.96
36.92 6901.94 226.428 7128.37
36.94 7031.81 96.643 7128.45
36.96 6994.37 134.098 7128.47
36.98 7115.71 12.8568 7128.56
37 6856.79 271.682 7128.47
37.02 7130.53 -1.90751 7128.62
37.04 6843.92 284.327 7128.25
37.06 6800.81 327.807 7128.62
37.08 7115.28 13.3506 7128.63
37.1 7059.46 69.0709 7128.53
37.12 7060.88 67.7132 7128.59
37.14 7032.66 95.6969 7128.35
37.16 6891.9 236.536 7128.43
37.18 6802.28 325.169 7127.45
37.2 7133.18 -4.58224 7128.6
37.22 7136.97 -8.3515 7128.62
37.24 6617.84 510.905 7128.75
37.26 7136.23 -7.58848 7128.64
37.28 7128.33 0.273343 7128.6
37.3 6930.61 198.006 7128.61
37.32 7108.96 19.6537 7128.61
37.34 7025.79 102.813 7128.6
37.36 6943.9 184.624 7128.52
37.38 6719.6 408.888 7128.49
37.4 7064.72 63.8867 7128.6
37.42 7137.16 -8.48842 7128.67
37.44 7035.35 93.3342 7128.68
37.46 7135.54 -6.91751 7128.62
37.48 7133.78 -5.19935 7128.58
37.5 6654.05 474.35 7128.4
37.52 7130.63 -2.05849 7128.57
37.54 6585.24 543.295 7128.53
37.56 7068.07 60.415 7128.48
37.58 7032.57 95.9962 7128.57
37.6 6899.67 228.988 7128.66
37.62 7084.99 43.6653 7128.65
37.64 6976.56 151.984 7128.55
37.66 6822.92 305.763 7128.68
37.68 7000.5 128.084 7128.59
37.7 7099.13 29.5136 7128.64
37.72 6720.9 406.43 7127.33
37.74 7130.65 -2.00921 7128.64
37.76 7057.66 70.9519 7128.61
37.78 7096.58 32.0477 7128.63
37.8 6867.94 260.388 7128.33
37.82 6959.68 168.488 7128.17
37.84 6369.31 759.138 7128.45
37.86 7020.22 108.32 7128.54
37.88 7069.28 59.2422 7128.52
37.9 7101.31 27.2802 7128.59
37.92 7105.62 22.9404 7128.56
37.94 6810.89 317.577 7128.47
37.96 6977.24 151.312 7128.55
37.98 7053.26 75.3205 7128.58
38 6658.9 469.348 7128.25
38.02 7008.28 120.362 7128.64
38.04 6454.89 672.881 7127.77
38.06 7120.63 7.9808 7128.61
38.08 6363.98 764.774 7128.76
38.1 7094.57 34.0148 7128.59
38.12 7052.04 76.584 7128.62
38.14 7048.35 79.8388 7128.19
38.16 7090.92 37.6627 7128.58
38.18 7132.4 -3.757 7128.64
38.2 7098.69 29.9321 7128.62
38.22 6777.51 351.189 7128.7
38.24 7132.18 -3.5636 7128.61
38.26 6875.99 252.719 7128.71
38.28 6758.27 370.481 7128.75
38.3 7120.97 7.65236 7128.62
38.32 7135.42 -6.79926 7128.62
38.34 7071.08 57.5529 7128.64
38.36 7100.96 27.6768 7128.63
38.38 7067.36 61.2342 7128.6
38.4 7047.67 80.8269 7128.5
38.42 5764.31 1364.45 7128.76
38.44 7108.76 19.8407 7128.6
38.46 7093.23 35.3953 7128.62
38.48 6831.02 297.337 7128.36
38.5 7134.89 -6.23558 7128.65
38.52 6932.51 196.085 7128.6
38.54 7077.37 51.1345 7128.51
38.56 6823 305.252 7128.25
38.58 6590.84 537.663 7128.5
38.6 7055.78 72.8138 7128.59
38.62 7110.06 18.581 7128.64
38.64 7054.17 74.502 7128.67
38.66 6812.11 316.472 7128.58
38.68 7111.04 17.5372 7128.58
38.7 6953.66 174.757 7128.42
38.72 6898.54 230.093 7128.63
38.74 6907.73 220.907 7128.63
38.76 6942.27 186.326 7128.59
38.78 6355.05 774.341 7129.39
38.8 6964.39 164.136 7128.52
38.82 6992.76 135.827 7128.59
38.84 7129.02 -0.358706 7128.66
38.86 6073.33 1052.84 7126.17
38.88 7125.23 3.4225 7128.65
38.9 7001.1 127.441 7128.54
38.92 6709.03 418.6 7127.63
38.94 7104.68 23.9124 7128.59
38.96 7053.82 74.7688 7128.59
38.98 7092.47 36.1368 7128.61
39 7082.97 45.6068 7128.58
39.02 7109.13 19.4976 7128.63
39.04 5332.08 1800.16 7132.23
39.06 7088.45 40.1034 7128.56
39.08 6990.71 137.933 7128.64
39.1 6996.85 131.721 7128.57
39.12 7014.72 113.916 7128.63
39.14 6723.56 404.634 7128.2
39.16 7094.72 33.9039 7128.62
39.18 7048.69 79.9394 7128.63
39.2 7039.24 89.4139 7128.65
39.22 6659.78 468.879 7128.66
39.24 6909.11 219.613 7128.73
39.26 7010.35 117.961 7128.31
39.28 7137.86 -9.22585 7128.63
39.3 7028.88 99.7032 7128.59
39.32 6659.38 469.158 7128.54
39.34 6416.09 711.827 7127.92
39.36 6672.85 455.299 7128.15
39.38 6148.31 980.124 7128.43
39.4 7083.05 45.2597 7128.31
39.42 7059.23 69.3306 7128.56
39.44 7045.73 82.89 7128.62
39.46 6771.44 356.728 7128.16
39.48 7110.02 18.5888 7128.6
39.5 7010.6 117.876 7128.48
39.52 7112.97 15.6805 7128.65
39.54 7089.49 39.0994 7128.59
39.56 7047.03 81.5467 7128.58
39.58 6628.82 500.07 7128.89
39.6 7046.73 81.8465 7128.58
39.62 6954.95 173.653 7128.6
39.64 6890.45 237.824 7128.28
39.66 7124.76 3.85421 7128.62
39.68 6997.57 131.05 7128.61
39.7 7135.42 -6.7818 7128.64
39.72 7039.05 89.504 7128.55
39.74 6466.45 661.902 7128.36
39.76 7083.88 44.6957 7128.58
39.78 7104.11 24.3931 7128.5
39.8 7126.87 1.75746 7128.63
39.82 6997.18 131.349 7128.53
39.84 6878.63 249.786 7128.42
39.86 7004.14 123.821 7127.97
39.88 6771.94 356.781 7128.72
39.9 7025.99 102.637 7128.62
39.92 6912.63 215.851 7128.48
39.94 7012.51 116.019 7128.53
39.96 7132.07 -3.4691 7128.6
39.98 6965.82 162.615 7128.44
40 6242.86 886.837 7129.69
40.02 7006.11 121.912 7128.02
40.04 6651.75 476.972 7128.72
40.06 7115.95 12.6727 7128.62
40.08 6723.78 404.768 7128.55
40.1 7119 9.60773 7128.61
40.12 7105.24 23.3667 7128.6
40.14 7024.11 104.503 7128.61
40.16 7114.14 14.475 7128.61
40.18 6622.7 505.869 7128.56
40.2 6872.08 256.278 7128.36
40.22 7093.92 34.6419 7128.57
40.24 7129.85 -1.25349 7128.6
40.26 6828.77 299.839 7128.61
40.28 7093.53 35.0655 7128.6
40.3 7019.72 108.848 7128.57
40.32 6726.2 402.436 7128.64
40.34 7082.05 46.5461 7128.6
40.36 6988.52 140.133 7128.65
40.38 6661.69 467.129 7128.82
40.4 6993.26 135.278 7128.54
40.42 7037.35 91.2493 7128.6
40.44 6465.67 662.998 7128.67
40.46 7071.41 57.1818 7128.6
40.48 6923.54 204.902 7128.44
40.5 7054.42 74.1941 7128.61
40.52 6921.16 207.388 7128.55
40.54 6960.48 168.142 7128.62
40.56 7082.11 46.4919 7128.6
40.58 6647.15 481.594 7128.75
40.6 6953.21 175.486 7128.69
40.62 7136.21 -7.59896 7128.61
40.64 7058 70.5468 7128.55
40.66 7138.23 -9.64049 7128.58
40.68 7001.9 126.639 7128.54
40.7 7128.12 0.488738 7128.61
40.72 7110.43 18.1765 7128.61
40.74 7094.98 33.6191 7128.6
40.76 7009.34 119.2 7128.54
40.78 6816.45 312.097 7128.55
40.8 7129.27 -0.704764 7128.56
40.82 7100.25 28.3497 7128.6
40.84 6885.01 243.42 7128.43
40.86 7075.43 53.0953 7128.53
40.88 7089.44 39.2025 7128.64
40.9 6957.72 170.928 7128.65
40.92 6543.41 585.222 7128.63
40.94 6831.43 296.503 7127.93
40.96 6947.9 180.543 7128.44
40.98 6925.66 202.494 7128.15
41 6925.55 202.817 7128.37
41.02 6748.08 380.49 7128.57
41.04 7050.89 77.735 7128.63
41.06 6931.01 197.622 7128.63
41.08 6995.65 132.99 7128.64
41.1 7110.34 18.2684 7128.61
41.12 7082.21 46.3989 7128.61
41.14 7134.21 -5.61535 7128.59
41.16 7028.98 99.6008 7128.58
41.18 6260.28 869.218 7129.5
41.2 6908.52 219.882 7128.4
41.22 6863.83 264.457 7128.29
41.24 6982.18 146.427 7128.61
41.26 7052.28 76.2883 7128.56
41.28 7126.61 1.93269 7128.55
41.3 6527.38 601.591 7128.97
41.32 6966.46 162.119 7128.58
41.34 6944.79 183.839 7128.63
41.36 6625.24 503.485 7128.73
41.38 6941.26 187.281 7128.54
41.4 6872.82 255.134 7127.95
41.42 7130.92 -2.34043 7128.58
41.44 6754.95 373.629 7128.58
41.46 6603.04 525.127 7128.17
41.48 7077.08 51.5039 7128.58
41.5 6985.63 142.953 7128.58
41.52 7076.55 52.0497 7128.6
41.54 6221.49 907.2 7128.69
41.56 7039.6 88.928 7128.53
41.58 7097.53 31.0416 7128.57
41.6 6998.88 129.387 7128.27
41.62 7044.2 84.4527 7128.65
41.64 7062.37 66.203 7128.57
41.66 7113.84 14.7989 7128.64
41.68 6920.33 208.265 7128.59
41.7 7118 10.6268 7128.63
41.72 6803.21 325.242 7128.45
41.74 6114.72 1015.11 7129.83
41.76 7126.73 1.9252 7128.65
41.78 7081.77 46.8599 7128.63
41.8 6981.83 146.762 7128.59
41.82 7065.27 63.2051 7128.48
41.84 6385.36 743.056 7128.42
41.86 6699.64 428.909 7128.55
41.88 7134.46 -5.85652 7128.6
41.9 7127.41 1.24655 7128.65
41.92 7010.22 118.422 7128.65
41.94 7050.42 78.0494 7128.47
41.96 7134.23 -5.58742 7128.64
41.98 6980.64 147.918 7128.56
42 6518.21 609.578 7127.78
42.02 7003.58 125.022 7128.6
42.04 7063.33 65.2964 7128.62
42.06 7113.69 14.8877 7128.58
42.08 7021.03 107.439 7128.47
42.1 7003.99 124.613 7128.6
42.12 7088.68 39.9603 7128.65
42.14 6745.42 383.345 7128.77
42.16 6903.43 225.017 7128.45
42.18 6975.85 152.5 7128.35
42.2 7069.52 58.9358 7128.45
42.22 6923.16 205.423 7128.58
42.24 6815.6 313.027 7128.63
42.26 7054.82 73.7294 7128.55
42.28 7130.65 -2.01741 7128.63
42.3 6635.99 492.725 7128.71
42.32 7092.09 36.5599 7128.65
42.34 7122.55 6.00614 7128.56
42.36 6902.13 226.324 7128.45
42.38 5814.98 1313.6 7128.58
42.4 7112.91 15.6958 7128.61
42.42 7137.64 -9.04587 7128.59
42.44 6527.25 601.123 7128.37
42.46 7124.23 4.35982 7128.59
42.48 7131.72 -3.14788 7128.57
42.5 6842.89 285.466 7128.36
42.52 7085.92 42.6528 7128.58
42.54 6953.7 174.781 7128.48
42.56 6823.91 304.554 7128.46
42.58 6915.28 213.127 7128.41
42.6 7094.17 34.4523 7128.63
42.62 7068.84 59.5346 7128.37
42.64 7081.02 47.4757 7128.5
42.66 6267.41 859.545 7126.96
42.68 7125.19 3.42176 7128.61
42.7 7065.42 63.2052 7128.63
42.72 7031.87 96.734 7128.61
42.74 7133.72 -5.10281 7128.62
42.76 6884.86 243.646 7128.51
42.78 7131.54 -2.92219 7128.62
42.8 7081.61 46.9957 7128.61
42.82 7087.27 41.3138 7128.59
42.84 6398.77 729.705 7128.47
42.86 7132.13 -3.49886 7128.63
42.88 6950.09 178.559 7128.65
42.9 7018.3 110.185 7128.49
42.92 6947.93 180.694 7128.62
42.94 7092.66 35.9439 7128.6
42.96 6850.81 277.74 7128.55
42.98 7130.34 -1.76394 7128.58
43 7139.3 -10.7102 7128.59
43.02 6931.13 197.465 7128.6
43.04 7013.83 114.823 7128.65
43.06 7084.3 44.3306 7128.63
43.08 6246.94 881.884 7128.82
43.1 5867.25 1262.49 7129.74
43.12 7029.83 98.8087 7128.63
43.14 6975.07 153.27 7128.34
43.16 6499.74 628.996 7128.74
43.18 6955.13 173.367 7128.49
43.2 6832.99 294.985 7127.98
43.22 7135.6 -6.95471 7128.65
43.24 7061.81 66.763 7128.57
43.26 7132.28 -3.65288 7128.63
43.28 7079.37 49.237 7128.61
43.3 6380.77 746.047 7126.82
43.32 7132.69 -4.10878 7128.58
43.34 6436.17 692.589 7128.76
43.36 7065.65 62.9458 7128.6
43.38 6945.56 182.963 7128.53
43.4 7053.09 75.5195 7128.61
43.42 7116.25 12.3568 7128.61
43.44 6804.92 323.84 7128.76
43.46 6672.93 455.382 7128.31
43.48 7083.34 45.1763 7128.52
43.5 7042.2 86.4159 7128.61
43.52 7129.86 -1.24185 7128.62
43.54 6991.89 136.707 7128.6
43.56 7021.62 106.102 7127.72
43.58 6730.52 397.91 7128.42
43.6 7062.63 65.885 7128.52
43.62 7076.04 52.5049 7128.55
43.64 6627.7 500.479 7128.18
43.66 7018.09 110.457 7128.55
43.68 7043.76 84.7788 7128.54
43.7 6807.38 320.588 7127.97
43.72 7111.03 17.5195 7128.55
43.74 6638.83 489.993 7128.82
43.76 7069.55 59.019 7128.57
43.78 6734.54 394.102 7128.64
43.8 6924.61 204.013 7128.63
43.82 6586.87 540.369 7127.24
43.84 6996.96 131.631 7128.59
43.86 7039.9 88.688 7128.59
43.88 6880.83 247.786 7128.62
43.9 7096.62 31.994 7128.61
43.92 7020.62 107.96 7128.58
43.94 7065.38 63.1077 7128.49
43.96 7121.78 6.79515 7128.57
43.98 6895.84 232.387 7128.22
44 6892.82 235.849 7128.67
44.02 7107.6 20.9986 7128.6
44.04 6674.74 453.824 7128.56
44.06 7056.73 71.9097 7128.64
44.08 7062.64 65.9411 7128.58
44.1 6567.79 558.793 7126.59
44.12 7133.97 -5.36106 7128.61
44.14 7090.15 38.4801 7128.63
44.16 7003.18 125.246 7128.43
44.18 7128.99 -0.343639 7128.65
44.2 6715.31 413.382 7128.69
44.22 7098.54 30.0775 7128.62
44.24 7112.94 15.6331 7128.57
44.26 6654.1 474.281 7128.38
44.28 7134.57 -5.95101 7128.62
44.3 7137.04 -8.38575 7128.65
44.32 6900.08 228.653 7128.73
44.34 7058.87 69.74 7128.61
44.36 6974.01 154.637 7128.65
44.38 6987.2 141.469 7128.67
44.4 7115.48 13.1514 7128.63
44.42 7115.55 13.1006 7128.65
44.44 6684.06 444.476 7128.53
44.46 6299.62 829.75 7129.37
44.48 7126.15 2.49221 7128.64
44.5 7112.43 16.1971 7128.62
44.52 7054.93 73.6234 7128.55
44.54 7073.26 55.1754 7128.44
44.56 7119.93 8.66536 7128.6
44.58 7132.37 -3.74967 7128.62
44.6 6310.39 818.668 7129.06
44.62 7068.63 59.9408 7128.57
44.64 6936.08 192.11 7128.19
44.66 6703.98 424.685 7128.67
44.68 7106.39 22.2256 7128.62
44.7 6894.34 234.187 7128.52
44.72 7124.48 4.1382 7128.61
44.74 7056.66 71.8904 7128.55
44.76 7031.3 97.2219 7128.52
44.78 6588.48 539.935 7128.42
44.8 6732.01 396.764 7128.78
44.82 6993.75 134.787 7128.54
44.84 6457.88 669.416 7127.3
44.86 6828.4 300.243 7128.65
44.88 6918.82 209.792 7128.61
44.9 6482.42 646.04 7128.46
44.92 6979.57 148.933 7128.5
44.94 6227.75 901.171 7128.92
44.96 7133.3 -4.66621 7128.63
44.98 7127.93 0.662606 7128.6
45 7082.04 46.5467 7128.58
45.02 6864.9 263.732 7128.63
45.04 7001.56 126.994 7128.56
45.06 6817.25 311.146 7128.4
45.08 7061.47 67.0399 7128.51
45.1 7115 13.5308 7128.53
45.12 6190.52 938.401 7128.92
45.14 7104.46 23.9902 7128.45
45.16 7107.19 21.401 7128.59
45.18 6330.76 795.588 7126.35
45.2 7024.85 103.761 7128.61
45.22 7069.31 59.1318 7128.44
45.24 7119.66 8.98839 7128.65
45.26 7073.7 54.9526 7128.65
45.28 6974.3 154.172 7128.47
45.3 7104.64 23.9926 7128.63
45.32 6549.18 579.505 7128.69
45.34 6902.45 224.957 7127.41
45.36 7066.02 62.6127 7128.63
45.38 6900.98 227.441 7128.43
45.4 7076.1 52.4756 7128.57
45.42 7057.02 71.5255 7128.54
45.44 7089.82 38.749 7128.57
45.46 6941.31 187.106 7128.42
45.48 7074.55 54.0918 7128.64
45.5 7099.42 29.1343 7128.56
45.52 6816.5 312.229 7128.73
45.54 7124.21 4.43276 7128.64
45.56 7129.19 -0.566833 7128.63
45.58 7106.6 22.0399 7128.64
45.6 6559.65 568.77 7128.42
45.62 7120.63 7.95338 7128.58
45.64 6566.66 562.037 7128.69
45.66 6842.61 286.038 7128.64
45.68 6964 164.464 7128.46
45.7 7077.05 51.5129 7128.56
45.72 7080.6 48.0365 7128.63
45.74 6981.81 146.832 7128.64
45.76 6990.37 138.276 7128.65
45.78 6883.09 245.112 7128.2
45.8 6487.61 641.509 7129.12
45.82 7022.75 105.777 7128.53
45.84 7106.42 22.1209 7128.54
45.86 6805.04 323.428 7128.47
45.88 6503.46 625.179 7128.64
45.9 6960.28 168.057 7128.33
45.92 6913.96 214.578 7128.53
45.94 7022.46 106.109 7128.57
45.96 7115.06 13.5495 7128.61
45.98 7038.23 90.2841 7128.52
46 6819.94 308.703 7128.64
46.02 7050.4 78.1044 7128.5
46.04 6694.24 433.68 7127.92
46.06 7063.61 64.9885 7128.6
46.08 6939.31 189.158 7128.47
46.1 7105.71 22.8394 7128.55
46.12 6985.15 143.355 7128.51
46.14 7111.5 17.076 7128.57
46.16 7135.72 -7.08999 7128.63
46.18 7109.03 19.6244 7128.65
46.2 7114.55 14.0665 7128.62
46.22 7121.73 6.81798 7128.55
46.24 6558.16 569.178 7127.33
46.26 6941.1 187.382 7128.48
46.28 7126.91 1.66593 7128.58
46.3 6492.99 636.044 7129.03
46.32 6844.51 284.139 7128.64
46.34 7019.29 109.316 7128.61
46.36 7115.36 13.2759 7128.63
46.38 6975.49 153.011 7128.5
46.4 6750.41 377.663 7128.07
46.42 6749.3 378.724 7128.03
46.44 7057.19 71.3507 7128.54
46.46 6380.91 748.267 7129.18
46.48 7008.43 120.045 7128.47
46.5 7056.79 71.7865 7128.58
46.52 6825.35 303.309 7128.66
46.54 7091.47 37.1145 7128.59
46.56 7129.27 -0.662751 7128.61
46.58 7132.51 -3.87727 7128.63
46.6 7041.86 86.7766 7128.64
46.62 7138.19 -9.53045 7128.66
46.64 7063.95 64.7095 7128.66
46.66 6913.66 214.605 7128.27
46.68 7075.64 52.9937 7128.63
46.7 7048.68 79.832 7128.51
46.72 7109.28 19.3437 7128.62
46.74 7046.7 81.9334 7128.63
46.76 7111.18 17.4271 7128.61
46.78 7000.79 127.761 7128.55
46.8 7126.72 1.89724 7128.62
46.82 6781.28 347.265 7128.55
46.84 7115.97 12.6902 7128.66
46.86 6922.87 205.616 7128.49
46.88 7021.99 106.656 7128.65
46.9 6972.46 156.116 7128.58
46.92 6940.03 188.478 7128.51
46.94 7130.4 -1.78863 7128.61
46.96 7085.39 43.2441 7128.64
46.98 6794 334.197 7128.2
47 7121.99 6.62195 7128.61
47.02 6874.55 253.972 7128.52
47.04 7080.79 47.7206 7128.51
47.06 7077.92 50.6651 7128.58
47.08 7108.92 19.7066 7128.63
47.1 7079.16 49.4432 7128.6
47.12 7073.69 54.9467 7128.64
47.14 7092.42 36.2155 7128.63
47.16 6779.8 348.586 7128.38
47.18 6828.94 299.602 7128.55
47.2 7057.57 71.0542 7128.63
47.22 6068.93 1059.28 7128.21
47.24 7067.07 61.5216 7128.59
47.26 7090.35 38.2275 7128.58
47.28 7030.86 97.7565 7128.61
47.3 7073.39 55.2329 7128.63
47.32 6925.09 203.56 7128.65
47.34 6870.43 257.432 7127.86
47.36 7037.99 90.5909 7128.59
47.38 7133.43 -4.81488 7128.61
47.4 6867.79 260.723 7128.51
47.42 6933.5 194.955 7128.45
47.44 7082.63 45.934 7128.56
47.46 7127.62 0.963467 7128.58
47.48 7102.96 25.6271 7128.58
47.5 6744.18 383.794 7127.98
47.52 7138.86 -10.2571 7128.6
47.54 6985.5 143.073 7128.57
47.56 6664.55 464.204 7128.76
47.58 6981.84 146.729 7128.57
47.6 6961.04 167.526 7128.57
47.62 7110.79 17.8337 7128.63
47.64 7107.64 20.9616 7128.6
47.66 7110.08 18.5459 7128.63
47.68 7137.48 -8.84388 7128.64
47.7 7078.67 49.948 7128.62
47.72 7102.7 25.9146 7128.61
47.74 6991.95 136.715 7128.67
47.76 6913.03 214.896 7127.92
47.78 6944.88 183.576 7128.45
47.8 7115.35 13.2532 7128.6
47.82 7107.42 21.221 7128.64
47.84 6859.67 268.752 7128.42
47.86 6933.45 195.164 7128.62
47.88 6945.43 183.204 7128.64
47.9 7136.7 -8.08784 7128.61
47.92 7102.12 26.4742 7128.6
47.94 6813.08 315.473 7128.55
47.96 7049.87 78.6178 7128.48
47.98 6589.94 538.644 7128.59
48 6953.89 174.31 7128.19
48.02 6622.99 505.805 7128.79
48.04 7118.45 10.2112 7128.67
48.06 6800.71 327.798 7128.51
48.08 7134.22 -5.56416 7128.65
48.1 7113.82 14.7898 7128.61
48.12 7104.63 23.9896 7128.62
48.14 7080.61 48.0322 7128.64
48.16 6370.45 758.804 7129.25
48.18 7104.78 23.8003 7128.58
48.2 6969.12 159.353 7128.47
48.22 6816.58 311.689 7128.27
48.24 6998.58 129.974 7128.56
48.26 6957.51 171.127 7128.63
48.28 7136.63 -7.98151 7128.65
48.3 6896.25 232.216 7128.46
48.32 7126.79 1.85813 7128.65
48.34 7112.13 16.5173 7128.65
48.36 6967.8 160.831 7128.63
48.38 6625.77 502.909 7128.68
48.4 7137.74 -9.10969 7128.63
48.42 7107.83 20.7339 7128.56
48.44 6927.54 201.037 7128.58
48.46 7086.3 42.3245 7128.63
48.48 6796.69 331.907 7128.6
48.5 7134.44 -5.83604 7128.61
48.52 6599.99 528.87 7128.87
48.54 7040.7 87.7167 7128.42
48.56 7065.66 62.9454 7128.6
48.58 7076.76 51.8884 7128.65
48.6 7125.88 2.7651 7128.65
48.62 6996.09 132.523 7128.61
48.64 6842.12 286.27 7128.39
48.66 6683.23 445.401 7128.63
48.68 7120.5 8.10629 7128.61
48.7 6531.25 596.158 7127.4
48.72 6872.2 256.371 7128.57
48.74 6840.19 288.331 7128.52
48.76 7045.84 82.7003 7128.54
48.78 7044.33 84.3292 7128.66
48.8 6925.4 203.04 7128.44
48.82 7040.57 88.0589 7128.63
48.84 7125.98 2.66342 7128.64
48.86 7029.76 98.8677 7128.62
48.88 6846.66 281.455 7128.11
48.9 6898.49 230.109 7128.6
48.92 7068.28 60.3692 7128.65
48.94 7053.23 75.3877 7128.62
48.96 6747.06 381.66 7128.72
48.98 7133.32 -4.66306 7128.65
49 6491.76 637.432 7129.19
49.02 7109.03 19.6238 7128.65
49.04 6967 161.595 7128.59
49.06 7102.1 26.4662 7128.57
49.08 7041.52 87.0151 7128.54
49.1 7112.21 16.392 7128.6
49.12 6844.38 284.286 7128.67
49.14 7050.23 78.204 7128.43
49.16 6807.08 320.521 7127.6
49.18 6633.65 494.899 7128.55
49.2 7091.42 37.1904 7128.61
49.22 6871.95 256.729 7128.68
49.24 7126.36 2.24983 7128.61
49.26 6867.05 261.62 7128.67
49.28 5980.77 1146.36 7127.13
49.3 6930.21 198.293 7128.5
49.32 6964.16 164.413 7128.58
49.34 7045.3 83.2371 7128.53
49.36 7083.28 45.3111 7128.59
49.38 7103.5 25.1387 7128.64
49.4 7085.34 43.2802 7128.62
49.42 7076.84 51.7518 7128.6
49.44 7004.47 124.125 7128.59
49.46 7035.57 92.8157 7128.39
49.48 6873.32 255.24 7128.56
49.5 7061.24 67.2532 7128.49
49.52 6991.99 136.485 7128.48
49.54 7118.25 10.3351 7128.58
49.56 7077.37 51.2685 7128.64
49.58 6976.21 152.443 7128.66
49.6 7136.81 -8.1679 7128.65
49.62 6756.13 372.395 7128.53
49.64 6865.74 262.198 7127.94
49.66 7055.31 73.2339 7128.55
49.68 6972.5 156.016 7128.51
49.7 6654.72 473.599 7128.32
49.72 6683.68 445.183 7128.86
49.74 6999.71 128.785 7128.49
49.76 7131.8 -3.20817 7128.6
49.78 7068.57 60.0281 7128.6
49.8 7126.3 2.35072 7128.65
49.82 6990.8 137.735 7128.54
49.84 7119.93 8.69425 7128.63
49.86 6877.38 251.253 7128.63
49.88 6732.24 396.127 7128.36
49.9 7089.96 38.6502 7128.61
49.92 7067.07 61.4895 7128.56
49.94 6393.26 735.143 7128.4
49.96 7010.31 118.116 7128.43
49.98 6715.05 412.983 7128.03
50 7104.06 24.5082 7128.56
