9.586169 3.5517441 -0.32844589 0.94452279
0.364391 5.0862148 -0.97939462 -0.20195587
7.9973754 5.1896725 -0.66059886 0.75073907
5.2391125 5.5790887 -0.39281343 -0.91961818
0.23560289 3.2007813 -0.73452829 -0.67857806
8.1670583 1.9272439 -0.88132595 -0.4725088
4.4499039 7.8930021 0.80943382 -0.58721112
5.5879391 2.1118809 -0.72719938 0.68642629
4.4801172 8.7908567 0.92402164 0.38234016
5.1991333 5.4042177 0.78868778 0.61479393
1.9171728 0.4565569 -0.94457001 -0.32831005
4.173101 3.9237648 -0.15493335 0.98792493
1.9342631 7.2945341 0.86770631 0.49707722
3.8941618 6.2019715 0.16921918 -0.98557844
5.2656636 7.7315592 0.1639251 0.98647279
9.7100742 4.7642445 -0.87069293 -0.49182703
9.5028535 5.7652516 0.85929344 0.51148293
2.5690481 4.6168401 -0.60449627 -0.79660797
6.6444899 6.5462203 -0.011552888 -0.99993326
7.6387829 4.8521378 0.119702 -0.99280987
