0.00 40 -10.612 29.388
0.02 40.2926 -10.8991 29.3935
0.04 40.1451 -10.757 29.388
0.06 39.7869 -10.3934 29.3935
0.08 39.5218 -10.1338 29.388
0.1 39.122 -9.72846 29.3935
0.12 38.1908 -8.79727 29.3935
0.14 38.931 -9.54839 29.3826
0.16 41.3433 -11.9772 29.3661
0.18 42.7582 -13.3976 29.3606
0.2 42.8125 -13.4574 29.3552
0.22 41.5274 -12.1777 29.3497
0.24 39.8987 -10.5544 29.3442
0.26 40.2446 -10.9004 29.3442
0.28 40.9687 -11.6245 29.3442
0.3 39.477 -10.1328 29.3442
0.32 37.6577 -8.30801 29.3497
0.34 39.9416 -10.5864 29.3552
0.36 42.6146 -13.2595 29.3552
0.38 43.5144 -14.1593 29.3552
0.4 43.5742 -14.2245 29.3497
0.42 43.7003 -14.3397 29.3606
0.44 43.8323 -14.4717 29.3606
0.46 43.6979 -14.3427 29.3552
0.48 43.7329 -14.3723 29.3607
0.5 44.2933 -14.9436 29.3497
0.52 44.951 -15.5903 29.3606
0.54 45.1777 -15.8116 29.3661
0.56 44.6942 -15.3226 29.3716
0.58 43.5405 -14.1853 29.3552
0.6 42.6398 -13.2846 29.3552
0.62 42.757 -13.4018 29.3552
0.64 43.3573 -14.0021 29.3552
0.66 43.7948 -14.4397 29.3552
0.68 43.7676 -14.407 29.3606
0.7 41.8845 -12.5238 29.3606
0.72 39.2177 -9.857 29.3607
0.74 41.5625 -12.2128 29.3497
0.76 43.7804 -14.4253 29.3552
0.78 44.4444 -15.0892 29.3552
0.8 43.7483 -14.3877 29.3606
0.82 41.4646 -12.1095 29.3552
0.84 40.3705 -11.0153 29.3552
0.86 41.073 -11.7233 29.3497
0.88 41.3695 -12.0253 29.3442
0.9 42.4455 -13.1013 29.3442
0.92 44.0361 -14.6919 29.3442
0.94 44.9618 -15.6176 29.3442
0.96 45.1614 -15.8172 29.3442
0.98 44.5308 -15.1865 29.3442
1 42.3696 -13.0145 29.3552
1.02 37.8082 -8.45306 29.3552
1.04 36.7194 -7.37518 29.3442
1.06 41.3794 -12.0297 29.3497
1.08 42.7311 -13.3814 29.3497
1.1 42.0636 -12.7084 29.3552
1.12 41.5465 -12.1914 29.3552
1.14 42.0859 -12.7198 29.3661
1.16 42.5969 -13.2307 29.3661
1.18 42.192 -12.8368 29.3552
1.2 41.3516 -12.0019 29.3497
1.22 41.2639 -11.9197 29.3442
1.24 41.8599 -12.5102 29.3497
1.26 42.2945 -12.9503 29.3442
1.28 42.4696 -13.1254 29.3442
1.3 42.5558 -13.2116 29.3442
1.32 42.3807 -13.0365 29.3442
1.34 41.1184 -11.7797 29.3387
1.36 38.8014 -9.46813 29.3333
1.38 39.5519 -10.2241 29.3278
1.4 41.9276 -12.5888 29.3387
1.42 43.1265 -13.7823 29.3442
1.44 43.1794 -13.8242 29.3552
1.46 39.947 -10.5973 29.3497
1.48 33.7893 -4.43414 29.3552
1.5 34.4957 -5.1405 29.3552
1.52 39.4077 -10.0471 29.3606
1.54 43.1249 -13.7642 29.3606
1.56 43.9571 -14.5964 29.3606
1.58 43.0589 -13.7147 29.3442
1.6 41.2873 -11.943 29.3442
1.62 38.87 -9.52031 29.3497
1.64 35.7575 -6.40776 29.3497
1.66 36.0877 -6.74348 29.3442
1.68 40.0121 -10.6679 29.3442
1.7 41.9229 -12.5787 29.3442
1.72 42.1822 -12.827 29.3552
1.74 41.8799 -12.5357 29.3442
1.76 41.5619 -12.2122 29.3497
1.78 41.4119 -12.0622 29.3497
1.8 41.1793 -11.8296 29.3497
1.82 40.2318 -10.8821 29.3497
1.84 38.5054 -9.15575 29.3497
1.86 38.0296 -8.67995 29.3497
1.88 39.6051 -10.2554 29.3497
1.9 40.907 -11.5573 29.3497
1.92 40.8134 -11.4418 29.3716
1.94 39.4064 -10.0238 29.3826
1.96 38.0355 -8.64743 29.3881
1.98 38.5857 -9.19762 29.388
2 39.7403 -10.3577 29.3826
2.02 40.3626 -10.98 29.3826
2.04 40.4669 -11.0953 29.3716
2.06 39.8003 -10.4177 29.3826
2.08 38.4001 -9.01757 29.3826
2.1 38.3198 -8.93723 29.3826
2.12 39.6959 -10.3134 29.3826
2.14 40.4248 -11.0313 29.3935
2.16 40.7904 -11.3969 29.3935
2.18 40.9652 -11.5717 29.3935
2.2 40.3372 -10.9437 29.3935
2.22 38.9452 -9.54615 29.399
2.24 37.56 -8.15002 29.41
2.26 37.387 -7.97701 29.41
2.28 38.4047 -8.99474 29.41
2.3 39.334 -9.93501 29.399
2.32 39.7142 -10.3152 29.399
2.34 39.7777 -10.3787 29.399
2.36 39.8881 -10.4946 29.3935
2.38 40.0202 -10.6322 29.3881
2.4 40.0191 -10.6365 29.3826
2.42 39.9006 -10.518 29.3826
2.44 39.7441 -10.3615 29.3826
2.46 39.5985 -10.2159 29.3826
2.48 39.4873 -10.1102 29.3771
2.5 39.4254 -10.0483 29.3771
2.52 39.4143 -10.0372 29.3771
2.54 39.4282 -10.0566 29.3716
2.56 39.39 -10.0184 29.3716
2.58 39.1743 -9.80273 29.3716
2.6 38.7683 -9.39671 29.3716
2.62 38.5899 -9.21279 29.3771
2.64 38.8237 -9.45209 29.3716
2.66 37.8406 -8.46896 29.3716
2.68 34.6826 -5.31646 29.3661
2.7 36.3914 -7.02531 29.3661
2.72 39.4901 -10.1294 29.3606
2.74 40.1807 -10.8201 29.3607
2.76 40.0882 -10.7111 29.3771
2.78 39.7249 -10.3478 29.3771
2.8 38.5619 -9.18483 29.3771
2.82 37.3238 -7.95218 29.3716
2.84 38.3198 -8.9427 29.3771
2.86 39.165 -9.78243 29.3826
2.88 39.0742 -9.68612 29.3881
2.9 39.8488 -10.4607 29.3881
2.92 40.718 -11.3245 29.3935
2.94 40.8065 -11.4075 29.399
2.96 39.1255 -9.72653 29.399
2.98 33.4248 -4.03674 29.3881
3 35.6104 -6.22235 29.388
3.02 39.3651 -9.97154 29.3935
3.04 40.0614 -10.6678 29.3935
3.06 40.4682 -11.0747 29.3935
3.08 40.7771 -11.3891 29.3881
3.1 40.7734 -11.3853 29.3881
3.12 40.5576 -11.175 29.3826
3.14 40.3319 -10.9548 29.3771
3.16 39.8559 -10.4678 29.388
3.18 38.3632 -8.96968 29.3935
3.2 37.2189 -7.82532 29.3935
3.22 38.9802 -9.58671 29.3935
3.24 40.4595 -11.0605 29.399
3.26 40.5058 -11.0958 29.41
3.28 39.6873 -10.2774 29.41
3.3 38.3402 -8.93572 29.4045
3.32 37.2819 -7.88286 29.399
3.34 37.3054 -7.90638 29.399
3.36 37.5867 -8.18773 29.399
3.38 37.3781 -7.97906 29.399
3.4 37.2106 -7.81703 29.3935
3.42 37.6377 -8.24413 29.3935
3.44 38.2215 -8.82793 29.3935
3.46 38.5476 -9.15405 29.3935
3.48 38.6589 -9.27087 29.388
3.5 38.6993 -9.31127 29.388
3.52 38.7546 -9.35555 29.399
3.54 38.8496 -9.44507 29.4045
3.56 38.94 -9.53547 29.4045
3.58 38.8292 -9.42473 29.4045
3.6 37.9286 -8.52959 29.399
3.62 35.3212 -5.92217 29.399
3.64 33.2056 -3.81757 29.388
3.66 35.628 -6.22898 29.399
3.68 38.1983 -8.79927 29.399
3.7 39.1194 -9.71492 29.4045
3.72 39.1921 -9.78762 29.4045
3.74 38.9115 -9.50705 29.4045
3.76 38.4176 -9.00762 29.41
3.78 37.7596 -8.35514 29.4045
3.8 37.1317 -7.72175 29.41
3.82 36.8639 -7.45399 29.41
3.84 37.021 -7.60004 29.4209
3.86 37.3427 -7.91629 29.4264
3.88 37.6094 -8.18299 29.4264
3.9 37.7168 -8.29036 29.4264
3.92 37.592 -8.16557 29.4264
3.94 37.248 -7.82159 29.4264
3.96 36.9385 -7.50112 29.4374
3.98 36.9746 -7.54273 29.4319
4 37.2257 -7.79379 29.4319
4.02 37.3822 -7.96672 29.4154
4.04 37.4617 -8.04628 29.4154
4.06 37.5455 -8.14106 29.4045
4.08 37.3829 -7.97843 29.4045
4.1 36.9035 -7.5045 29.399
4.12 37.0335 -7.6345 29.399
4.14 38.0402 -8.64121 29.399
4.16 38.4683 -9.07483 29.3935
4.18 37.2278 -7.83423 29.3935
4.2 36.1828 -6.78924 29.3935
4.22 38.1011 -8.70761 29.3935
4.24 39.5335 -10.14 29.3935
4.26 39.0822 -9.69414 29.388
4.28 37.6068 -8.21876 29.388
4.3 36.9138 -7.52578 29.3881
4.32 37.8762 -8.48812 29.388
4.34 38.9964 -9.60292 29.3935
4.36 39.1552 -9.76719 29.388
4.38 38.4917 -9.10362 29.388
4.4 38.2209 -8.83286 29.388
4.42 39.03 -9.64198 29.388
4.44 39.9437 -10.5502 29.3935
4.46 40.347 -10.9645 29.3826
4.48 40.0551 -10.6671 29.388
4.5 38.5774 -9.1894 29.388
4.52 36.0798 -6.69179 29.388
4.54 35.1426 -5.74905 29.3935
4.56 36.2013 -6.80782 29.3935
4.58 37.5054 -8.11187 29.3935
4.6 38.2974 -8.90387 29.3935
4.62 38.3968 -9.00878 29.388
4.64 38.0998 -8.71176 29.388
4.66 38.0666 -8.684 29.3826
4.68 38.4015 -9.02441 29.3771
4.7 38.2531 -8.87604 29.3771
4.72 37.1728 -7.79027 29.3826
4.74 36.4428 -7.06027 29.3826
4.76 36.9905 -7.60794 29.3826
4.78 36.9473 -7.56475 29.3826
4.8 36.0719 -6.68937 29.3826
4.82 36.4818 -7.11016 29.3716
4.84 37.7374 -8.36035 29.3771
4.86 38.1048 -8.73321 29.3716
4.88 37.3451 -7.96258 29.3826
4.9 36.066 -6.67797 29.388
4.92 35.6374 -6.26028 29.3771
4.94 36.5417 -7.15913 29.3826
4.96 36.9958 -7.61326 29.3826
4.98 36.1689 -6.78635 29.3826
5 36.9588 -7.57622 29.3826
5.02 38.4806 -9.10349 29.3771
5.04 38.7653 -9.39369 29.3716
5.06 38.5837 -9.20661 29.3771
5.08 38.1478 -8.76519 29.3826
5.1 37.3413 -7.95329 29.3881
5.12 37.1074 -7.7248 29.3826
5.14 37.5082 -8.12566 29.3826
5.16 37.0929 -7.71583 29.3771
5.18 36.8596 -7.48246 29.3771
5.2 38.7783 -9.39024 29.388
5.22 40.5036 -11.1101 29.3935
5.24 39.7422 -10.3487 29.3935
5.26 37.6587 -8.25417 29.4045
5.28 37.852 -8.44751 29.4045
5.3 37.8189 -8.41994 29.399
5.32 36.0243 -6.61985 29.4045
5.34 36.0389 -6.6344 29.4045
5.36 37.4263 -8.01635 29.41
5.38 38.6945 -9.29006 29.4045
5.4 39.1765 -9.77199 29.4045
5.42 39.0572 -9.65271 29.4045
5.44 38.7605 -9.34508 29.4155
5.46 38.4825 -9.06708 29.4155
5.48 38.2544 -8.84447 29.41
5.5 38.0442 -8.62879 29.4155
5.52 37.8115 -8.40152 29.41
5.54 37.5613 -8.16228 29.399
5.56 37.3724 -7.97339 29.399
5.58 37.2606 -7.86707 29.3935
5.6 36.6583 -7.26481 29.3935
5.62 34.6235 -5.22451 29.399
5.64 34.0894 -4.68492 29.4045
5.66 36.135 -6.73599 29.399
5.68 36.4874 -7.08296 29.4045
5.7 36.1127 -6.70816 29.4045
5.72 36.1806 -6.77064 29.41
5.74 36.3494 -6.93942 29.41
5.76 36.7066 -7.29112 29.4155
5.78 37.1582 -7.74274 29.4155
5.8 37.4028 -7.98187 29.4209
5.82 37.4313 -8.00494 29.4264
5.84 37.3554 -7.92348 29.4319
5.86 37.225 -7.78213 29.4428
5.88 37.0182 -7.57533 29.4428
5.9 36.7171 -7.26878 29.4483
5.92 36.3933 -6.95041 29.4428
5.94 36.1289 -6.68608 29.4428
5.96 35.8525 -6.40963 29.4428
5.98 35.6299 -6.1925 29.4374
6 35.8432 -6.4113 29.4319
6.02 36.3993 -6.95648 29.4428
6.04 36.8408 -7.39794 29.4428
6.06 37.0846 -7.64725 29.4374
6.08 37.205 -7.76216 29.4428
6.1 37.0305 -7.59318 29.4374
6.12 36.1542 -6.71131 29.4428
6.14 34.7404 -5.28664 29.4538
6.16 34.4894 -5.03562 29.4538
6.18 35.7579 -6.31509 29.4428
6.2 36.8782 -7.43533 29.4428
6.22 37.3647 -7.93282 29.4319
6.24 37.5117 -8.08528 29.4264
6.26 37.5829 -8.15107 29.4319
6.28 37.6862 -8.25434 29.4319
6.3 37.7211 -8.28378 29.4374
6.32 36.8613 -7.42391 29.4374
6.34 32.1238 -2.69198 29.4319
6.36 29.0583 0.368119 29.4264
6.38 34.736 -5.30964 29.4264
6.4 36.7382 -7.31183 29.4264
6.42 37.3422 -7.92671 29.4154
6.44 37.668 -8.24709 29.4209
6.46 37.6446 -8.22368 29.4209
6.48 37.2585 -7.83207 29.4264
6.5 36.2512 -6.82478 29.4264
6.52 34.2359 -4.81499 29.4209
6.54 32.762 -3.34657 29.4154
6.56 35.0084 -5.59294 29.4154
6.58 37.9785 -8.55759 29.4209
6.6 39.0056 -9.57924 29.4264
6.62 39.0747 -9.64835 29.4264
6.64 38.855 -9.43407 29.4209
6.66 38.4435 -9.02254 29.4209
6.68 37.779 -8.36356 29.4154
6.7 37.1058 -7.69037 29.4154
6.72 37.1767 -7.76126 29.4154
6.74 38.1859 -8.77043 29.4154
6.76 39.2437 -9.83925 29.4045
6.78 39.0467 -9.64772 29.399
6.8 35.4538 -6.05484 29.399
6.82 33.2728 -3.87924 29.3935
6.84 37.1503 -7.76232 29.388
6.86 34.7976 -5.40953 29.388
6.88 35.4387 -6.05617 29.3826
6.9 38.4908 -9.10276 29.388
6.92 31.8723 -2.48428 29.388
6.94 29.6013 -0.218724 29.3826
6.96 36.8691 -7.48105 29.388
6.98 38.6575 -9.26948 29.3881
7 39.0138 -9.6257 29.3881
7.02 39.2002 -9.81759 29.3826
7.04 39.2837 -9.89565 29.3881
7.06 39.1431 -9.74958 29.3935
7.08 38.6311 -9.22111 29.41
7.1 37.6627 -8.25271 29.41
7.12 36.7625 -7.34707 29.4155
7.14 36.7073 -7.30285 29.4045
7.16 36.7018 -7.29732 29.4045
7.18 36.5944 -7.18994 29.4045
7.2 37.3851 -7.9861 29.399
7.22 37.4542 -8.05516 29.399
7.24 34.5398 -5.12984 29.41
7.26 33.3002 -3.88473 29.4155
7.28 36.6485 -7.22214 29.4264
7.3 37.861 -8.43457 29.4264
7.32 37.5333 -8.10143 29.4319
7.34 36.762 -7.33563 29.4264
7.36 36.1658 -6.74483 29.4209
7.38 36.3136 -6.89266 29.4209
7.4 37.0034 -7.58796 29.4155
7.42 37.4701 -8.05468 29.4154
7.44 36.5619 -7.14641 29.4154
7.46 31.7849 -2.36949 29.4154
7.48 29.7421 -0.321125 29.4209
7.5 35.6654 -6.23897 29.4264
7.52 37.3263 -7.88895 29.4374
7.54 35.7572 -6.31986 29.4374
7.56 34.3214 -4.89496 29.4264
7.58 35.9534 -6.52695 29.4264
7.6 37.245 -7.81314 29.4319
7.62 36.4599 -7.0335 29.4264
7.64 34.0476 -4.6212 29.4264
7.66 34.1843 -4.76333 29.4209
7.68 36.4993 -7.07292 29.4264
7.7 37.4959 -8.06945 29.4264
7.72 37.6339 -8.20752 29.4264
7.74 37.5711 -8.13916 29.4319
7.76 37.4888 -8.05687 29.4319
7.78 37.3885 -7.95663 29.4319
7.8 37.2547 -7.82286 29.4319
7.82 37.1745 -7.73711 29.4374
7.84 37.3217 -7.88979 29.4319
7.86 37.6861 -8.25973 29.4264
7.88 38.0001 -8.56816 29.4319
7.9 37.9885 -8.5511 29.4374
7.92 37.4528 -8.01547 29.4374
7.94 36.4395 -7.00759 29.4319
7.96 35.7815 -6.34965 29.4319
7.98 36.2642 -6.83781 29.4264
8 37.1322 -7.70029 29.4319
8.02 37.6444 -8.21797 29.4264
8.04 37.8164 -8.39002 29.4264
8.06 37.8362 -8.40429 29.4319
8.08 37.8272 -8.39532 29.4319
8.1 37.8506 -8.42414 29.4264
8.12 37.9353 -8.50885 29.4264
8.14 38.0954 -8.658 29.4374
8.16 38.3234 -8.88053 29.4429
8.18 38.544 -9.10112 29.4429
8.2 38.4836 -9.04076 29.4428
8.22 37.5365 -8.08266 29.4538
8.24 35.8692 -6.41535 29.4538
8.26 35.9047 -6.45092 29.4538
8.28 36.1781 -6.7298 29.4483
8.3 34.3074 -4.85359 29.4538
8.32 33.1094 -3.65557 29.4538
8.34 34.8215 -5.36769 29.4538
8.36 36.7374 -7.28903 29.4483
8.38 37.445 -7.99666 29.4483
8.4 37.3888 -7.94048 29.4483
8.42 37.061 -7.61815 29.4428
8.44 36.7022 -7.2594 29.4428
8.46 36.4138 -6.98743 29.4264
8.48 36.2361 -6.8097 29.4264
8.5 36.1818 -6.75542 29.4264
8.52 36.2318 -6.81635 29.4154
8.54 36.2498 -6.83431 29.4154
8.56 35.689 -6.27352 29.4154
8.58 33.4587 -4.04875 29.41
8.6 31.9147 -2.50472 29.41
8.62 34.721 -5.31106 29.41
8.64 36.7785 -7.37401 29.4045
8.66 37.3756 -7.97107 29.4045
8.68 37.4632 -8.06419 29.399
8.7 37.2048 -7.79481 29.41
8.72 36.3888 -6.97881 29.41
8.74 35.3599 -5.94989 29.41
8.76 35.3503 -5.94582 29.4045
8.78 35.7916 -6.3926 29.399
8.8 35.3308 -5.93726 29.3935
8.82 34.6362 -5.2536 29.3826
8.84 35.1773 -5.78924 29.3881
8.86 36.4448 -7.05678 29.3881
8.88 37.3418 -7.97016 29.3716
8.9 37.7879 -8.4108 29.3771
8.92 38.032 -8.65491 29.3771
8.94 38.2281 -8.85646 29.3716
8.96 38.4244 -9.04731 29.3771
8.98 38.6085 -9.22589 29.3826
9 38.7295 -9.35236 29.3771
9.02 38.7099 -9.33276 29.3771
9.04 38.4569 -9.08528 29.3716
9.06 38.0112 -8.6396 29.3716
9.08 38.0059 -8.63426 29.3716
9.1 38.9844 -9.61282 29.3716
9.12 39.9815 -10.6099 29.3716
9.14 40.2608 -10.8892 29.3716
9.16 40.3569 -10.9907 29.3661
9.18 40.8849 -11.5187 29.3661
9.2 41.6667 -12.3005 29.3661
9.22 42.4127 -13.0576 29.3552
9.24 42.6177 -13.2625 29.3552
9.26 40.6684 -11.3022 29.3661
9.28 33.3945 -4.03389 29.3607
9.3 31.73 -2.36384 29.3661
9.32 30.9532 -1.59258 29.3606
9.34 28.1977 1.16296 29.3607
9.36 33.0782 -3.71204 29.3661
9.38 38.6861 -9.31451 29.3716
9.4 38.914 -9.53143 29.3826
9.42 37.5111 -8.12848 29.3826
9.44 41.0563 -11.6738 29.3826
9.46 42.9289 -13.5463 29.3826
9.48 43.0241 -13.6416 29.3826
9.5 42.6617 -13.2956 29.3661
9.52 42.3203 -12.9597 29.3607
9.54 42.1401 -12.774 29.3661
9.56 42.153 -12.7814 29.3716
9.58 42.3258 -12.9542 29.3716
9.6 42.4788 -13.1072 29.3716
9.62 41.9444 -12.5728 29.3716
9.64 39.4329 -10.0558 29.3771
9.66 37.9467 -8.56956 29.3771
9.68 41.0737 -11.6966 29.3771
9.7 43.0659 -13.6888 29.3771
9.72 43.3912 -14.0087 29.3826
9.74 41.7207 -12.3381 29.3826
9.76 39.2068 -9.8242 29.3826
9.78 40.2225 -10.8344 29.388
9.8 40.3634 -10.9754 29.388
9.82 41.2384 -11.8613 29.3771
9.84 43.2008 -13.8182 29.3826
9.86 44.2256 -14.8431 29.3826
9.88 44.2537 -14.8711 29.3826
9.9 43.4087 -14.0262 29.3826
9.92 42.1579 -12.7698 29.388
9.94 41.8672 -12.4791 29.388
9.96 42.5916 -13.2146 29.3771
9.98 43.2402 -13.8686 29.3716
10 43.4025 -14.0364 29.3661
10.02 43.2299 -13.8638 29.3661
10.04 42.8669 -13.5007 29.3661
10.06 42.3202 -12.9541 29.3661
10.08 41.5462 -12.18 29.3661
10.1 40.7656 -11.3995 29.3661
10.12 40.5653 -11.1992 29.3661
10.14 41.0691 -11.703 29.3661
10.16 41.7655 -12.4103 29.3552
10.18 42.3369 -12.9872 29.3497
10.2 42.7255 -13.3813 29.3442
10.22 42.8034 -13.4647 29.3387
10.24 42.2272 -12.8829 29.3442
10.26 41.1538 -11.8151 29.3387
10.28 41.4709 -12.1322 29.3387
10.3 43.0602 -13.7215 29.3387
10.32 43.7623 -14.4236 29.3387
10.34 43.4949 -14.1453 29.3497
10.36 43.0987 -13.7435 29.3552
10.38 42.6949 -13.3342 29.3606
10.4 43.2605 -13.8944 29.3661
10.42 43.6464 -14.2748 29.3716
10.44 42.065 -12.6989 29.3661
10.46 41.7707 -12.4046 29.3661
10.48 41.016 -11.6499 29.3661
10.5 38.5255 -9.16483 29.3607
10.52 40.2778 -10.9171 29.3606
10.54 44.3474 -14.9868 29.3606
10.56 45.9947 -16.634 29.3606
10.58 45.3376 -15.9934 29.3442
10.6 43.7264 -14.3822 29.3442
10.62 42.5326 -13.1884 29.3442
10.64 42.498 -13.1538 29.3442
10.66 43.1894 -13.8452 29.3442
10.68 43.568 -14.2183 29.3497
10.7 43.2616 -13.9119 29.3497
10.72 42.487 -13.1318 29.3552
10.74 41.4618 -12.1121 29.3497
10.76 39.8105 -10.4608 29.3497
10.78 38.1691 -8.81942 29.3497
10.8 39.1266 -9.77144 29.3552
10.82 40.6573 -11.3022 29.3552
10.84 40.728 -11.3838 29.3442
10.86 39.2807 -9.93647 29.3442
10.88 37.8765 -8.52137 29.3552
10.9 38.8106 -9.45539 29.3552
10.92 39.7631 -10.4134 29.3497
10.94 39.076 -9.72627 29.3497
10.96 37.0554 -7.7112 29.3442
10.98 36.087 -6.75375 29.3333
11 37.6329 -8.29963 29.3332
11.02 38.8252 -9.48649 29.3387
11.04 38.6227 -9.2785 29.3442
11.06 37.3438 -7.99406 29.3497
11.08 36.2102 -6.85504 29.3552
11.1 36.7765 -7.42679 29.3497
11.12 37.9536 -8.59842 29.3552
11.14 38.5525 -9.19187 29.3606
11.16 38.6229 -9.26221 29.3606
11.18 38.4105 -9.04433 29.3661
11.2 37.9975 -8.62592 29.3716
11.22 36.5653 -7.18823 29.3771
11.24 33.1344 -3.75732 29.3771
11.26 34.6032 -5.23164 29.3716
11.28 38.0781 -8.70101 29.3771
11.3 38.908 -9.52541 29.3826
11.32 38.7817 -9.40464 29.3771
11.34 38.4699 -9.09282 29.3771
11.36 38.1362 -8.75363 29.3826
11.38 37.9163 -8.53923 29.3771
11.4 37.9974 -8.6148 29.3826
11.42 38.3113 -8.92871 29.3826
11.44 38.2953 -8.91824 29.3771
11.46 36.9287 -7.55165 29.3771
11.48 34.7158 -5.34424 29.3716
11.5 35.8252 -6.46458 29.3606
11.52 37.9029 -8.54776 29.3552
11.54 38.6515 -9.29634 29.3552
11.56 38.9534 -9.58722 29.3661
11.58 39.2936 -9.92744 29.3661
11.6 39.7148 -10.3542 29.3607
11.62 40.1793 -10.8187 29.3607
11.64 40.6348 -11.2796 29.3552
11.66 40.9218 -11.5611 29.3606
11.68 40.6201 -11.2595 29.3606
11.7 39.0516 -9.68551 29.3661
11.72 35.4058 -6.04515 29.3606
11.74 32.832 -3.47138 29.3607
11.76 35.0455 -5.69037 29.3552
11.78 35.7862 -6.42006 29.3661
11.8 33.2397 -3.86259 29.3771
11.82 34.5339 -5.1623 29.3716
11.84 38.3032 -8.92617 29.3771
11.86 38.7921 -9.40949 29.3826
11.88 38.6129 -9.23035 29.3826
11.9 39.8208 -10.4383 29.3826
11.92 40.7249 -11.3423 29.3826
11.94 40.8118 -11.4402 29.3716
11.96 40.3967 -11.0251 29.3716
11.98 39.2889 -9.91179 29.3771
12 37.44 -8.06294 29.3771
12.02 36.5024 -7.12528 29.3771
12.04 36.9026 -7.52548 29.3771
12.06 37.0096 -7.6325 29.3771
12.08 36.9469 -7.56438 29.3826
12.1 37.1802 -7.8086 29.3716
12.12 37.5282 -8.15662 29.3716
12.14 37.7566 -8.38502 29.3716
12.16 37.8125 -8.43538 29.3771
12.18 37.7418 -8.35372 29.388
12.2 37.6182 -8.23565 29.3826
12.22 37.5018 -8.10823 29.3935
12.24 37.431 -8.04293 29.388
12.26 37.4268 -8.03879 29.388
12.28 37.4999 -8.11738 29.3826
12.3 37.6522 -8.26967 29.3826
12.32 37.8736 -8.49101 29.3826
12.34 38.1268 -8.73325 29.3935
12.36 38.3145 -8.91003 29.4045
12.38 38.2127 -8.8027 29.41
12.4 37.4803 -8.06489 29.4154
12.42 36.3237 -6.91373 29.41
12.44 36.305 -6.89504 29.41
12.46 37.5719 -8.16198 29.41
12.48 38.576 -9.16608 29.41
12.5 38.9796 -9.56414 29.4154
12.52 39.0985 -9.67753 29.4209
12.54 39.2493 -9.83385 29.4154
12.56 39.5841 -10.1686 29.4154
12.58 40.0053 -10.5898 29.4154
12.6 40.2417 -10.8262 29.4154
12.62 39.9123 -10.5023 29.41
12.64 38.7753 -9.36533 29.41
12.66 37.887 -8.47155 29.4154
12.68 38.5043 -9.0998 29.4045
12.7 39.3286 -9.91316 29.4154
12.72 39.6498 -10.2343 29.4154
12.74 39.7614 -10.3459 29.4154
12.76 39.7992 -10.3838 29.4154
12.78 39.7488 -10.3388 29.41
12.8 39.6069 -10.1969 29.41
12.82 39.4047 -9.98929 29.4154
12.84 39.1881 -9.77263 29.4154
12.86 38.9999 -9.59543 29.4045
12.88 38.869 -9.46446 29.4045
12.9 38.7966 -9.3866 29.41
12.92 38.7479 -9.33791 29.41
12.94 38.6409 -9.23097 29.41
12.96 38.3523 -8.94234 29.41
12.98 37.7963 -8.38634 29.41
13 37.1554 -7.73998 29.4155
13.02 36.9358 -7.5203 29.4155
13.04 37.3115 -7.89603 29.4155
13.06 37.8231 -8.40769 29.4155
13.08 37.9945 -8.58454 29.41
13.1 37.6501 -8.23468 29.4155
13.12 36.9797 -7.56971 29.41
13.14 36.6486 -7.24406 29.4045
13.16 37.094 -7.684 29.41
13.18 37.7644 -8.35445 29.41
13.2 38.1078 -8.68685 29.4209
13.22 38.1401 -8.71912 29.4209
13.24 38.1009 -8.69094 29.41
13.26 38.127 -8.71704 29.41
13.28 38.0815 -8.666 29.4155
13.3 37.625 -8.21502 29.41
13.32 36.5947 -7.18472 29.41
13.34 35.6692 -6.25926 29.41
13.36 35.8919 -6.48197 29.41
13.38 36.8985 -7.494 29.4045
13.4 37.7135 -8.30352 29.41
13.42 38.0609 -8.64543 29.4155
13.44 38.104 -8.68303 29.4209
13.46 38.0273 -8.60638 29.4209
13.48 37.9341 -8.51313 29.4209
13.5 37.8651 -8.44418 29.4209
13.52 37.8274 -8.40643 29.4209
13.54 37.8135 -8.39802 29.4155
13.56 37.8174 -8.4074 29.41
13.58 37.8569 -8.44143 29.4155
13.6 37.9872 -8.57173 29.4155
13.62 38.2927 -8.88818 29.4045
13.64 38.818 -9.41349 29.4045
13.66 39.4709 -10.0719 29.399
13.68 39.9223 -10.5178 29.4045
13.7 39.3913 -9.97583 29.4154
13.72 36.94 -7.51908 29.4209
13.74 34.569 -5.15352 29.4155
13.76 35.3583 -5.94831 29.41
13.78 38.496 -9.09148 29.4045
13.8 40.6527 -11.2537 29.399
13.82 41.1696 -11.7705 29.399
13.84 40.988 -11.589 29.399
13.86 40.6261 -11.2216 29.4045
13.88 40.2964 -10.8919 29.4045
13.9 40.1034 -10.6934 29.41
13.92 40.0865 -10.6765 29.41
13.94 40.2154 -10.8109 29.4045
13.96 40.4163 -11.0172 29.399
13.98 40.6205 -11.227 29.3935
14 40.7747 -11.3812 29.3935
14.02 40.8341 -11.4461 29.3881
14.04 40.7881 -11.4 29.3881
14.06 40.7225 -11.3399 29.3826
14.08 40.7845 -11.4019 29.3826
14.1 40.989 -11.6064 29.3826
14.12 41.18 -11.7919 29.3881
14.14 41.1463 -11.7583 29.3881
14.16 40.4254 -11.0373 29.3881
14.18 38.8373 -9.4492 29.3881
14.2 38.9311 -9.54309 29.3881
14.22 39.8364 -10.4374 29.399
14.24 37.5475 -8.14851 29.399
14.26 37.5672 -8.15718 29.41
14.28 40.4546 -11.0391 29.4154
14.3 39.2897 -9.8743 29.4154
14.32 34.0784 -4.6629 29.4155
14.34 33.7675 -4.35749 29.41
14.36 38.8407 -9.43072 29.41
14.38 41.0304 -11.6149 29.4154
14.4 41.2186 -11.8031 29.4154
14.42 40.9302 -11.5093 29.4209
14.44 40.6479 -11.227 29.4209
14.46 40.4662 -11.0343 29.4319
14.48 40.3523 -10.9149 29.4374
14.5 40.1869 -10.766 29.4209
14.52 39.7608 -10.3453 29.4154
14.54 39.018 -9.60259 29.4154
14.56 38.6277 -9.2122 29.4154
14.58 39.1929 -9.77746 29.4154
14.6 39.9903 -10.5694 29.4209
14.62 40.5183 -11.0918 29.4264
14.64 40.9302 -11.5038 29.4264
14.66 41.2824 -11.867 29.4154
14.68 41.4039 -11.9884 29.4154
14.7 41.1255 -11.7101 29.4154
14.72 40.5717 -11.1508 29.4209
14.74 40.335 -10.9086 29.4264
14.76 40.7477 -11.3213 29.4264
14.78 41.3365 -11.9046 29.4319
14.8 41.6512 -12.2139 29.4374
14.82 41.5925 -12.1606 29.4319
14.84 41.2071 -11.7752 29.4319
14.86 40.6104 -11.173 29.4374
14.88 39.9262 -10.4943 29.4319
14.9 39.2187 -9.77587 29.4428
14.92 38.7648 -9.32193 29.4428
14.94 38.8425 -9.3997 29.4428
14.96 38.8104 -9.36758 29.4428
14.98 38.524 -9.08112 29.4428
15 39.1343 -9.69693 29.4374
15.02 40.1646 -10.7273 29.4374
15.04 40.5924 -11.1605 29.4319
15.06 40.4957 -11.0747 29.4209
15.08 40.2016 -10.7916 29.41
15.1 39.9074 -10.5029 29.4045
15.12 39.7062 -10.3072 29.399
15.14 39.6129 -10.2139 29.399
15.16 39.5695 -10.1705 29.399
15.18 39.4528 -10.0538 29.399
15.2 39.0862 -9.69816 29.388
15.22 38.2995 -8.90047 29.399
15.24 37.1915 -7.78701 29.4045
15.26 36.4775 -7.07305 29.4045
15.28 36.835 -7.4415 29.3935
15.3 37.7918 -8.40378 29.388
15.32 38.573 -9.185 29.388
15.34 38.9725 -9.58447 29.388
15.36 39.0935 -9.71098 29.3826
15.38 39.0637 -9.67564 29.388
15.4 38.9678 -9.56878 29.399
15.42 38.8689 -9.46989 29.399
15.44 38.8319 -9.42197 29.41
15.46 38.9249 -9.50947 29.4154
15.48 39.1849 -9.76397 29.4209
15.5 39.5975 -10.1875 29.41
15.52 40.1143 -10.6988 29.4154
15.54 40.6682 -11.2637 29.4045
15.56 41.1089 -11.7044 29.4045
15.58 41.024 -11.625 29.399
15.6 39.6527 -10.2537 29.399
15.62 37.6049 -8.21135 29.3935
15.64 38.1937 -8.80567 29.388
15.66 39.9312 -10.5432 29.388
15.68 40.364 -10.9705 29.3935
15.7 40.2167 -10.8232 29.3935
15.72 40.5305 -11.1424 29.388
15.74 41.208 -11.8254 29.3826
15.76 41.6953 -12.3183 29.3771
15.78 41.5444 -12.1673 29.3771
15.8 39.9852 -10.6026 29.3826
15.82 37.9988 -8.62175 29.3771
15.84 39.5697 -10.1927 29.3771
15.86 41.9162 -12.5391 29.3771
15.88 42.6934 -13.3054 29.388
15.9 42.4305 -13.0424 29.388
15.92 41.3626 -11.98 29.3826
15.94 39.4452 -10.0626 29.3826
15.96 37.1602 -7.78314 29.3771
15.98 35.7077 -6.33061 29.3771
16 35.7015 -6.32441 29.3771
16.02 38.7739 -9.39133 29.3826
16.04 41.2675 -11.8849 29.3826
16.06 41.849 -12.4609 29.388
16.08 41.5376 -12.1495 29.388
16.1 40.625 -11.2315 29.3935
16.12 39.2255 -9.83202 29.3935
16.14 38.656 -9.26245 29.3935
16.16 39.4231 -10.0241 29.399
16.18 39.5018 -10.1083 29.3935
16.2 38.4415 -9.04245 29.399
16.22 38.4585 -9.05945 29.399
16.24 39.4574 -10.0639 29.3935
16.26 39.4963 -10.1082 29.388
16.28 39.4596 -10.066 29.3935
16.3 40.1069 -10.7189 29.388
16.32 40.5229 -11.1349 29.388
16.34 40.182 -10.7885 29.3935
16.36 37.6409 -8.24188 29.399
16.38 35.1678 -5.77424 29.3935
16.4 36.8177 -7.41866 29.399
16.42 37.4499 -8.03443 29.4154
16.44 38.746 -9.33609 29.41
16.46 40.0546 -10.6447 29.41
16.48 40.4495 -11.0505 29.399
16.5 40.4102 -11.0112 29.399
16.52 40.255 -10.8615 29.3935
16.54 39.858 -10.459 29.399
16.56 38.9814 -9.58235 29.399
16.58 37.8553 -8.45628 29.399
16.6 37.6199 -8.23733 29.3826
16.62 38.3822 -8.98871 29.3935
16.64 38.944 -9.55053 29.3935
16.66 38.8116 -9.41261 29.399
16.68 37.8475 -8.44852 29.399
16.7 36.3562 -6.95722 29.399
16.72 35.9881 -6.58912 29.399
16.74 36.7997 -7.40618 29.3935
16.76 37.0946 -7.69562 29.399
16.78 36.0715 -6.66706 29.4045
16.8 31.3266 -1.91668 29.41
16.82 30.5186 -1.10317 29.4154
16.84 36.2742 -6.86429 29.41
16.86 37.6352 -8.23069 29.4045
16.88 37.4015 -7.98604 29.4154
16.9 36.8715 -7.45601 29.4154
16.92 36.4012 -6.98579 29.4154
16.94 36.3593 -6.94389 29.4154
16.96 36.859 -7.44351 29.4154
16.98 37.5581 -8.14265 29.4154
17 38.1113 -8.6959 29.4154
17.02 38.2966 -8.88112 29.4154
17.04 37.895 -8.49056 29.4045
17.06 36.767 -7.34609 29.4209
17.08 34.1308 -4.7099 29.4209
17.1 33.537 -4.11605 29.4209
17.12 37.3354 -7.91445 29.4209
17.14 39.1013 -9.66939 29.4319
17.16 39.7112 -10.2849 29.4264
17.18 39.1211 -9.70014 29.4209
17.2 37.6977 -8.27674 29.4209
17.22 37.4108 -7.9954 29.4154
17.24 38.3798 -8.95884 29.4209
17.26 39.2294 -9.80845 29.4209
17.28 39.7331 -10.3177 29.4154
17.3 40.1179 -10.7025 29.4154
17.32 40.5107 -11.0898 29.4209
17.34 39.707 -10.2806 29.4264
17.36 36.1294 -6.69755 29.4319
17.38 34.2553 -4.82345 29.4319
17.4 38.766 -9.32866 29.4374
17.42 41.3116 -11.8743 29.4374
17.44 40.5091 -11.0772 29.4319
17.46 39.0739 -9.64198 29.4319
17.48 38.2151 -8.78874 29.4264
17.5 38.0338 -8.60193 29.4319
17.52 38.621 -9.19461 29.4264
17.54 40.1137 -10.6873 29.4264
17.56 41.5608 -12.1344 29.4264
17.58 42.0408 -12.6198 29.4209
17.6 41.8567 -12.4357 29.4209
17.62 41.3998 -11.9843 29.4154
17.64 40.8222 -11.4122 29.41
17.66 40.161 -10.7565 29.4045
17.68 39.5456 -10.1356 29.41
17.7 39.2958 -9.88583 29.41
17.72 39.4272 -10.0173 29.41
17.74 38.9131 -9.50313 29.4099
17.76 36.2157 -6.80574 29.41
17.78 34.8288 -5.42434 29.4045
17.8 37.4775 -8.07304 29.4045
17.82 39.063 -9.65851 29.4045
17.84 39.5363 -10.1318 29.4045
17.86 39.4251 -10.0151 29.41
17.88 38.8523 -9.43684 29.4154
17.9 38.0803 -8.66482 29.4154
17.92 37.7073 -8.28636 29.4209
17.94 38.0058 -8.58486 29.4209
17.96 38.507 -9.08611 29.4209
17.98 38.8435 -9.42255 29.4209
18 39.0076 -9.5757 29.4319
18.02 39.0539 -9.62749 29.4264
18.04 38.9458 -9.52486 29.4209
18.06 38.5514 -9.13598 29.4154
18.08 37.7962 -8.38626 29.41
18.1 37.0552 -7.63981 29.4154
18.12 37.1445 -7.72911 29.4154
18.14 38.1566 -8.74113 29.4154
18.16 39.2669 -9.85145 29.4154
18.18 39.9323 -10.5223 29.41
18.2 40.0292 -10.6192 29.41
18.22 39.459 -10.0491 29.4099
18.24 38.2007 -8.79626 29.4045
18.26 37.2401 -7.84111 29.399
18.28 34.9815 -5.58258 29.399
18.3 25.7176 3.6869 29.4045
18.32 36.4545 -7.04457 29.4099
18.34 39.0093 -9.59935 29.4099
18.36 38.1763 -8.74442 29.4319
18.38 37.3252 -7.90431 29.4209
18.4 37.451 -8.02458 29.4264
18.42 38.2491 -8.82268 29.4264
18.44 38.7838 -9.36294 29.4209
18.46 38.8666 -9.4402 29.4264
18.48 38.7244 -9.30902 29.4154
18.5 38.5463 -9.1309 29.4154
18.52 38.4146 -8.99369 29.4209
18.54 38.3341 -8.91867 29.4154
18.56 38.231 -8.81556 29.4154
18.58 37.9343 -8.52431 29.4099
18.6 37.1998 -7.78436 29.4154
18.62 35.9005 -6.47959 29.4209
18.64 34.508 -5.0816 29.4264
18.66 34.8249 -5.39853 29.4264
18.68 36.8627 -7.44177 29.4209
18.7 38.292 -8.87108 29.4209
18.72 38.812 -9.38009 29.4319
18.74 38.751 -9.31913 29.4319
18.76 37.8913 -8.45943 29.4319
18.78 36.1748 -6.74292 29.4319
18.8 35.9055 -6.47913 29.4264
18.82 37.4087 -7.9823 29.4264
18.84 37.8754 -8.44898 29.4264
18.86 37.064 -7.64853 29.4154
18.88 36.1695 -6.7486 29.4209
18.9 36.4482 -7.0437 29.4045
18.92 37.5049 -8.09499 29.4099
18.94 38.3349 -8.91948 29.4154
18.96 38.7682 -9.3528 29.4154
18.98 38.9457 -9.52475 29.4209
19 38.6634 -9.24253 29.4209
19.02 36.8669 -7.446 29.4209
19.04 34.0373 -4.61636 29.4209
19.06 35.8062 -6.38533 29.4209
19.08 38.0521 -8.63124 29.4209
19.1 37.9271 -8.51717 29.4099
19.12 36.6409 -7.24187 29.399
19.14 35.3884 -5.99487 29.3935
19.16 34.89 -5.50198 29.388
19.18 35.3757 -5.9822 29.3935
19.2 36.4658 -7.06681 29.399
19.22 37.4382 -8.0337 29.4045
19.24 37.9929 -8.58291 29.4099
19.26 38.1666 -8.75117 29.4154
19.28 38.092 -8.67661 29.4154
19.3 37.8216 -8.40621 29.4154
19.32 37.2734 -7.85802 29.4154
19.34 36.4252 -7.02621 29.399
19.36 35.8705 -6.47153 29.399
19.38 36.3668 -6.96778 29.399
19.4 37.3033 -7.90427 29.399
19.42 37.6082 -8.21467 29.3935
19.44 35.9165 -6.52305 29.3935
19.46 30.6006 -1.20162 29.399
19.48 30.6925 -1.28805 29.4045
19.5 35.7302 -6.32021 29.4099
19.52 37.7213 -8.32776 29.3935
19.54 38.1888 -8.8008 29.388
19.56 38.302 -8.91395 29.388
19.58 38.3322 -8.93871 29.3935
19.6 37.9988 -8.59981 29.399
19.62 36.4187 -7.01969 29.399
19.64 33.283 -3.88404 29.399
19.66 32.1626 -2.76358 29.399
19.68 34.9107 -5.51167 29.399
19.7 37.3255 -7.92648 29.399
19.72 37.2176 -7.82405 29.3935
19.74 32.7795 -3.38056 29.399
19.76 31.3366 -1.93763 29.399
19.78 36.0005 -6.607 29.3935
19.8 36.7454 -7.35193 29.3935
19.82 36.4301 -7.03656 29.3935
19.84 36.6954 -7.30739 29.388
19.86 37.1583 -7.7593 29.399
19.88 37.3597 -7.96617 29.3935
19.9 37.3138 -7.92028 29.3935
19.92 37.1542 -7.76612 29.388
19.94 36.9872 -7.61009 29.3771
19.96 36.8926 -7.51005 29.3826
19.98 36.918 -7.52995 29.388
20 37.0683 -7.66928 29.399
20.02 37.3257 -7.92666 29.399
20.04 37.6723 -8.27326 29.399
20.06 38.0949 -8.69591 29.399
20.08 38.5523 -9.1588 29.3935
20.1 38.871 -9.47745 29.3935
20.12 38.4763 -9.07728 29.399
20.14 36.558 -7.159 29.399
20.16 35.4294 -6.03044 29.399
20.18 37.1132 -7.71971 29.3935
20.2 38.2596 -8.87151 29.388
20.22 39.3489 -9.9609 29.388
20.24 40.4995 -11.1169 29.3826
20.26 41.0677 -11.6907 29.3771
20.28 40.9327 -11.5557 29.3771
20.3 40.2968 -10.9307 29.3661
20.32 40.1106 -10.7444 29.3661
20.34 40.9826 -11.6164 29.3661
20.36 41.9253 -12.5646 29.3606
20.38 41.5321 -12.177 29.3552
20.4 39.572 -10.2223 29.3497
20.42 39.7666 -10.4169 29.3497
20.44 39.1317 -9.77657 29.3552
20.46 38.6014 -9.24627 29.3552
20.48 39.9864 -10.6258 29.3606
20.5 40.5498 -11.1891 29.3606
20.52 41.5154 -12.1547 29.3606
20.54 42.1969 -12.8362 29.3606
20.56 41.6292 -12.263 29.3661
20.58 40.8342 -11.4681 29.3661
20.6 39.0625 -9.69639 29.3661
20.62 38.9987 -9.63255 29.3661
20.64 41.6332 -12.2671 29.3661
20.66 43.1648 -13.7932 29.3716
20.68 42.9663 -13.6002 29.3661
20.7 41.3786 -12.0124 29.3661
20.72 38.9472 -9.58108 29.3661
20.74 37.7794 -8.41326 29.3661
20.76 38.0482 -8.68753 29.3606
20.78 38.6099 -9.24374 29.3661
20.8 39.5936 -10.233 29.3606
20.82 40.4793 -11.1077 29.3716
20.84 40.868 -11.491 29.3771
20.86 40.9326 -11.5501 29.3826
20.88 40.859 -11.4709 29.388
20.9 40.2312 -10.8377 29.3935
20.92 38.662 -9.27942 29.3826
20.94 37.5745 -8.19738 29.3771
20.96 38.674 -9.30238 29.3716
20.98 40.1094 -10.7378 29.3716
21 40.6879 -11.3163 29.3716
21.02 40.733 -11.3505 29.3826
21.04 40.4935 -11.111 29.3826
21.06 39.7371 -10.3546 29.3826
21.08 38.0438 -8.66671 29.3771
21.1 36.8758 -7.49872 29.3771
21.12 38.0151 -8.63259 29.3826
21.14 38.9701 -9.58753 29.3826
21.16 38.8953 -9.51275 29.3826
21.18 38.6965 -9.31944 29.3771
21.2 38.8916 -9.51449 29.3771
21.22 39.1388 -9.7672 29.3716
21.24 38.9099 -9.53283 29.3771
21.26 37.8896 -8.50701 29.3826
21.28 36.2605 -6.87249 29.388
21.3 35.4905 -6.10245 29.388
21.32 36.5121 -7.11858 29.3935
21.34 37.9345 -8.54094 29.3935
21.36 38.9081 -9.51459 29.3935
21.38 39.4995 -10.1115 29.388
21.4 39.8249 -10.4314 29.3935
21.42 39.658 -10.2645 29.3935
21.44 37.9552 -8.56167 29.3935
21.46 33.494 -4.09497 29.399
21.48 31.1049 -1.70045 29.4045
21.5 33.783 -4.3785 29.4045
21.52 37.0199 -7.62637 29.3935
21.54 38.6888 -9.28976 29.399
21.56 39.0241 -9.61414 29.41
21.58 38.8452 -9.43528 29.41
21.6 38.4979 -9.08795 29.41
21.62 37.9732 -8.57966 29.3935
21.64 37.2016 -7.81356 29.388
21.66 36.4552 -7.06715 29.388
21.68 36.203 -6.82047 29.3826
21.7 36.2483 -6.86576 29.3826
21.72 36.3798 -7.00276 29.3771
21.74 36.8338 -7.4567 29.3771
21.76 37.4118 -8.0402 29.3716
21.78 37.5566 -8.17951 29.3771
21.8 36.4148 -7.03227 29.3825
21.82 33.6105 -4.22244 29.388
21.84 33.7875 -4.40491 29.3826
21.86 36.4894 -7.10686 29.3825
21.88 37.6028 -8.2148 29.388
21.9 37.7364 -8.3429 29.3935
21.92 37.2366 -7.84856 29.388
21.94 35.3023 -5.90882 29.3935
21.96 32.2772 -2.87823 29.399
21.98 32.2625 -2.85807 29.4045
22 34.1601 -4.76108 29.399
22.02 35.9698 -6.57629 29.3935
22.04 36.8953 -7.49628 29.399
22.06 37.1419 -7.7484 29.3935
22.08 37.179 -7.78006 29.399
22.1 37.2284 -7.82937 29.399
22.12 37.3286 -7.92957 29.399
22.14 37.4041 -7.99965 29.4045
22.16 37.2664 -7.85101 29.4154
22.18 36.6401 -7.23561 29.4045
22.2 35.5246 -6.11465 29.4099
22.22 35.172 -5.76208 29.4099
22.24 36.4236 -7.0137 29.4099
22.26 37.6191 -8.20364 29.4154
22.28 37.9764 -8.56095 29.4154
22.3 36.7363 -7.32633 29.4099
22.32 31.6295 -2.21405 29.4154
22.34 32.6353 -3.21988 29.4154
22.36 37.3552 -7.94525 29.4099
22.38 38.2633 -8.85883 29.4045
22.4 38.1401 -8.74112 29.399
22.42 37.9793 -8.5858 29.3935
22.44 37.9311 -8.52664 29.4045
22.46 37.9728 -8.56836 29.4045
22.48 38.0187 -8.61975 29.399
22.5 37.9031 -8.50955 29.3935
22.52 37.336 -7.94249 29.3935
22.54 36.101 -6.70745 29.3935
22.56 34.9696 -5.57606 29.3935
22.58 35.3252 -5.93716 29.388
22.6 36.4721 -7.08411 29.388
22.62 37.3908 -8.00274 29.388
22.64 38.0609 -8.67292 29.388
22.66 38.5836 -9.19557 29.388
22.68 38.9639 -9.58138 29.3825
22.7 39.2035 -9.82099 29.3825
22.72 39.289 -9.90093 29.388
22.74 39.133 -9.73405 29.399
22.76 38.5836 -9.18465 29.399
22.78 37.6262 -8.21628 29.4099
22.8 36.7656 -7.35561 29.4099
22.82 36.8483 -7.43839 29.4099
22.84 37.9048 -8.49489 29.4099
22.86 38.9459 -9.53051 29.4154
22.88 39.0062 -9.59074 29.4154
22.9 37.2295 -7.81404 29.4154
22.92 34.3746 -4.95918 29.4154
22.94 35.8842 -6.46877 29.4154
22.96 38.8304 -9.41499 29.4154
22.98 39.5665 -10.1511 29.4154
23 39.0392 -9.6238 29.4154
23.02 37.924 -8.50854 29.4154
23.04 36.7096 -7.28865 29.4209
23.06 36.2374 -6.81652 29.4209
23.08 36.8305 -7.40959 29.4209
23.1 37.633 -8.21755 29.4154
23.12 37.9277 -8.52323 29.4045
23.14 37.5297 -8.11432 29.4154
23.16 36.5451 -7.1242 29.4209
23.18 35.8371 -6.41622 29.4209
23.2 36.1192 -6.69827 29.4209
23.22 36.5645 -7.14361 29.4209
23.24 36.7641 -7.34865 29.4154
23.26 37.034 -7.61856 29.4154
23.28 37.3926 -7.97715 29.4154
23.3 37.637 -8.22702 29.4099
23.32 37.6829 -8.27293 29.4099
23.34 37.5383 -8.12838 29.4099
23.36 37.2471 -7.83166 29.4154
23.38 36.9516 -7.53615 29.4154
23.4 36.864 -7.45409 29.4099
23.42 36.9797 -7.55884 29.4209
23.44 37.0208 -7.59986 29.4209
23.46 36.8454 -7.41353 29.4319
23.48 36.7117 -7.29082 29.4209
23.5 36.9623 -7.54137 29.4209
23.52 37.496 -8.07512 29.4209
23.54 37.9423 -8.5214 29.4209
23.56 38.0689 -8.65345 29.4154
23.58 37.5739 -8.15299 29.4209
23.6 34.5778 -5.15689 29.4209
23.62 28.2808 1.14013 29.4209
23.64 32.2043 -2.77793 29.4264
23.66 37.2936 -7.85626 29.4373
23.68 38.1392 -8.71286 29.4264
23.7 37.7165 -8.27914 29.4373
23.72 37.7124 -8.28059 29.4319
23.74 37.3811 -7.95469 29.4264
23.76 35.8032 -6.38227 29.4209
23.78 35.6728 -6.25185 29.4209
23.8 37.6882 -8.26725 29.4209
23.82 38.8415 -9.42061 29.4209
23.84 39.0552 -9.63977 29.4154
23.86 38.8489 -9.43897 29.4099
23.88 38.2897 -8.87978 29.4099
23.9 37.2293 -7.81936 29.4099
23.92 35.8452 -6.43524 29.4099
23.94 35.321 -5.90561 29.4154
23.96 36.0687 -6.65325 29.4154
23.98 36.9824 -7.56154 29.4209
24 37.6505 -8.22416 29.4264
24.02 37.9067 -8.48033 29.4264
24.04 37.3772 -7.95629 29.4209
24.06 35.6441 -6.23414 29.4099
24.08 34.3697 -4.96526 29.4045
24.1 35.763 -6.35306 29.4099
24.12 37.1609 -7.74547 29.4154
24.14 37.5946 -8.17913 29.4154
24.16 37.6706 -8.24966 29.4209
24.18 37.7267 -8.30036 29.4264
24.2 37.8237 -8.39736 29.4264
24.22 37.8731 -8.45215 29.4209
24.24 37.7072 -8.28633 29.4209
24.26 37.3294 -7.91945 29.4099
24.28 37.2422 -7.83228 29.4099
24.3 37.7332 -8.31779 29.4154
24.32 38.2513 -8.83039 29.4209
24.34 38.3623 -8.94136 29.4209
24.36 37.8586 -8.43765 29.4209
24.38 37.2646 -7.83817 29.4264
24.4 37.9819 -8.56102 29.4209
24.42 38.3924 -8.977 29.4154
24.44 37.237 -7.82153 29.4154
24.46 37.3031 -7.8877 29.4154
24.48 35.7249 -6.31496 29.4099
24.5 31.9381 -2.52809 29.41
24.52 35.6872 -6.27723 29.4099
24.54 39.4211 -10.0111 29.4099
24.56 39.9702 -10.5657 29.4045
24.58 39.5156 -10.1112 29.4045
24.6 39.0123 -9.59689 29.4154
24.62 38.7254 -9.30998 29.4154
24.64 38.5731 -9.1522 29.4209
24.66 37.9771 -8.56164 29.4154
24.68 35.911 -6.49558 29.4154
24.7 34.2684 -4.85293 29.4154
24.72 36.0177 -6.60227 29.4154
24.74 37.2867 -7.88223 29.4045
24.76 37.5172 -8.10176 29.4154
24.78 37.5478 -8.13241 29.4154
24.8 37.5773 -8.16733 29.4099
24.82 37.6136 -8.20913 29.4045
24.84 37.6471 -8.24259 29.4045
24.86 37.6893 -8.2848 29.4045
24.88 37.7485 -8.33853 29.4099
24.9 37.7686 -8.35866 29.4099
24.92 37.5657 -8.1612 29.4045
24.94 36.7939 -7.39494 29.399
24.96 35.0343 -5.6298 29.4045
24.98 32.5687 -3.16426 29.4045
25 32.224 -2.81409 29.4099
25.02 34.924 -5.51951 29.4045
25.04 37.1207 -7.72172 29.399
25.06 37.8448 -8.43486 29.4099
25.08 37.8749 -8.4704 29.4045
25.1 37.7444 -8.33443 29.4099
25.12 37.6592 -8.24921 29.4099
25.14 37.6847 -8.2693 29.4154
25.16 37.826 -8.40511 29.4209
25.18 37.9872 -8.56628 29.4209
25.2 37.7902 -8.37481 29.4154
25.22 36.2473 -6.82635 29.4209
25.24 32.7784 -3.35753 29.4209
25.26 31.7851 -2.3587 29.4264
25.28 34.0945 -4.66814 29.4264
25.3 35.4376 -6.00577 29.4319
25.32 35.8357 -6.40388 29.4319
25.34 36.4856 -7.04827 29.4373
25.36 37.2455 -7.80817 29.4373
25.38 37.61 -8.17263 29.4373
25.4 37.617 -8.17965 29.4373
25.42 37.0412 -7.6039 29.4373
25.44 35.456 -6.01861 29.4373
25.46 34.557 -5.11967 29.4373
25.48 36.0525 -6.61514 29.4373
25.5 37.3573 -7.92546 29.4319
25.52 37.6941 -8.26773 29.4264
25.54 37.6049 -8.18397 29.4209
25.56 37.3779 -7.95697 29.4209
25.58 37.0756 -7.66018 29.4154
25.6 36.6977 -7.28224 29.4154
25.62 36.275 -6.85956 29.4154
25.64 35.9189 -6.50344 29.4154
25.66 35.8196 -6.41514 29.4045
25.68 36.101 -6.69651 29.4045
25.7 36.6144 -7.20442 29.4099
25.72 36.9667 -7.55674 29.4099
25.74 36.6454 -7.23002 29.4154
25.76 35.4291 -6.00819 29.4209
25.78 34.9834 -5.56253 29.4209
25.8 36.4938 -7.07285 29.4209
25.82 37.8937 -8.47279 29.4209
25.84 38.566 -9.15061 29.4154
25.86 38.9254 -9.49897 29.4264
25.88 39.1398 -9.7025 29.4373
25.9 38.9997 -9.56234 29.4373
25.92 38.0987 -8.67229 29.4264
25.94 37.0108 -7.58443 29.4264
25.96 36.8581 -7.43177 29.4264
25.98 35.6 -6.17912 29.4209
26 33.1451 -3.72419 29.4209
26.02 33.5861 -4.18158 29.4045
26.04 36.6216 -7.21709 29.4045
26.06 38.982 -9.57754 29.4045
26.08 39.8885 -10.4841 29.4045
26.1 39.9406 -10.5251 29.4154
26.12 39.6891 -10.2737 29.4154
26.14 39.3823 -9.96687 29.4154
26.16 39.0797 -9.66977 29.4099
26.18 38.7756 -9.36561 29.4099
26.2 38.5157 -9.10574 29.4099
26.22 38.4217 -9.02267 29.399
26.24 38.4683 -9.06927 29.399
26.26 38.2948 -8.88482 29.4099
26.28 37.5785 -8.16853 29.4099
26.3 36.7379 -7.32252 29.4154
26.32 36.0082 -6.59275 29.4154
26.34 35.5579 -6.15338 29.4045
26.36 37.1077 -7.69223 29.4154
26.38 38.4761 -9.0607 29.4154
26.4 37.7415 -8.33704 29.4045
26.42 33.6242 -4.22522 29.399
26.44 34.8151 -5.41617 29.399
26.46 37.2243 -7.82535 29.399
26.48 36.1735 -6.78543 29.388
26.5 36.8953 -7.50726 29.388
26.52 38.066 -8.67798 29.388
26.54 38.5986 -9.1996 29.399
26.56 38.6331 -9.23961 29.3935
26.58 38.4728 -9.07927 29.3935
26.6 38.3314 -8.9324 29.399
26.62 38.3077 -8.91419 29.3935
26.64 38.4157 -9.02766 29.388
26.66 38.5691 -9.19756 29.3716
26.68 38.4544 -9.08827 29.3661
26.7 37.4483 -8.08216 29.3661
26.72 35.9429 -6.56586 29.3771
26.74 36.4672 -7.0956 29.3716
26.76 37.9848 -8.61321 29.3716
26.78 39.1466 -9.78593 29.3606
26.8 40.0064 -10.6403 29.3661
26.82 39.8746 -10.514 29.3606
26.84 38.7924 -9.42085 29.3716
26.86 37.9598 -8.59364 29.3661
26.88 37.7023 -8.33622 29.3661
26.9 39.2717 -9.90563 29.3661
26.92 40.9549 -11.5888 29.3661
26.94 40.8412 -11.4806 29.3606
26.96 39.4947 -10.1341 29.3606
26.98 38.5352 -9.18552 29.3497
27 39.1909 -9.83577 29.3552
27.02 40.5342 -11.1791 29.3551
27.04 41.4836 -12.1284 29.3551
27.06 41.9289 -12.5737 29.3551
27.08 41.9503 -12.5842 29.3661
27.1 41.4712 -12.1051 29.3661
27.12 40.6857 -11.3196 29.3661
27.14 40.3895 -11.0179 29.3716
27.16 40.5391 -11.173 29.3661
27.18 40.4051 -11.039 29.3661
27.2 40.3749 -11.0088 29.3661
27.22 41.0602 -11.6996 29.3606
27.24 42.0291 -12.6685 29.3606
27.26 42.5418 -13.1867 29.3551
27.28 41.5303 -12.1696 29.3606
27.3 37.1503 -7.78963 29.3606
27.32 36.7419 -7.38672 29.3551
27.34 40.449 -11.0884 29.3606
27.36 40.808 -11.4528 29.3551
27.38 39.7538 -10.3987 29.3551
27.4 38.2814 -8.93177 29.3497
27.42 38.338 -8.9938 29.3442
27.44 40.1172 -10.7621 29.3551
27.46 40.9754 -11.6202 29.3551
27.48 40.5466 -11.1859 29.3606
27.5 39.4041 -10.038 29.3661
27.52 38.4398 -9.06818 29.3716
27.54 38.5164 -9.14484 29.3716
27.56 39.219 -9.85293 29.3661
27.58 39.6121 -10.2514 29.3606
27.6 39.3521 -9.9805 29.3716
27.62 38.4748 -9.09777 29.3771
27.64 37.4841 -8.10701 29.3771
27.66 37.2669 -7.88432 29.3825
27.68 37.6575 -8.275 29.3825
27.7 37.87 -8.49297 29.3771
27.72 37.7789 -8.39633 29.3825
27.74 37.627 -8.24451 29.3825
27.76 37.6389 -8.25639 29.3825
27.78 37.8958 -8.51869 29.3771
27.8 38.3028 -8.92578 29.3771
27.82 38.6804 -9.29785 29.3825
27.84 38.9084 -9.52042 29.388
27.86 38.9993 -9.61124 29.388
27.88 39.0556 -9.67302 29.3825
27.9 39.1437 -9.76663 29.3771
27.92 39.2188 -9.84176 29.3771
27.94 39.1946 -9.81754 29.3771
27.96 39 -9.62296 29.3771
27.98 38.5887 -9.2116 29.3771
28 38.0137 -8.63116 29.3825
28.02 37.5725 -8.20089 29.3716
28.04 37.5325 -8.15541 29.3771
28.06 37.4488 -8.07721 29.3716
28.08 36.923 -7.54598 29.3771
28.1 36.9675 -7.58495 29.3825
28.12 37.5883 -8.20033 29.388
28.14 37.2802 -7.89763 29.3825
28.16 36.7474 -7.35391 29.3935
28.18 37.5548 -8.16132 29.3935
28.2 38.5927 -9.19377 29.399
28.22 38.9601 -9.56664 29.3935
28.24 38.8909 -9.50285 29.388
28.26 38.7086 -9.31512 29.3935
28.28 38.6358 -9.23681 29.399
28.3 38.7759 -9.37692 29.399
28.32 39.0262 -9.6217 29.4045
28.34 39.1427 -9.73279 29.4099
28.36 38.9959 -9.58047 29.4154
28.38 38.7826 -9.37263 29.4099
28.4 38.87 -9.46005 29.4099
28.42 39.3989 -9.98347 29.4154
28.44 40.0123 -10.5914 29.4209
28.46 40.0766 -10.6557 29.4209
28.48 39.5637 -10.1373 29.4264
28.5 39.4441 -10.0123 29.4319
28.52 40.0084 -10.5875 29.4209
28.54 40.363 -10.9531 29.4099
28.56 40.0627 -10.6583 29.4045
28.58 39.3825 -9.97801 29.4045
28.6 39.0788 -9.66887 29.4099
28.62 39.4116 -10.0072 29.4045
28.64 39.8536 -10.4492 29.4045
28.66 40.0332 -10.6288 29.4045
28.68 39.8903 -10.4913 29.399
28.7 39.4507 -10.0518 29.399
28.72 38.8359 -9.43689 29.399
28.74 38.324 -8.92503 29.399
28.76 38.0656 -8.66118 29.4045
28.78 37.9015 -8.508 29.3935
28.8 37.8115 -8.41797 29.3935
28.82 37.9259 -8.53236 29.3935
28.84 38.1107 -8.71174 29.399
28.86 38.1156 -8.72209 29.3935
28.88 37.8492 -8.46114 29.388
28.9 37.383 -7.98955 29.3935
28.92 36.9366 -7.55402 29.3825
28.94 36.7493 -7.37229 29.3771
28.96 36.8071 -7.4246 29.3825
28.98 36.879 -7.49645 29.3825
29 36.8089 -7.42639 29.3825
29.02 36.6114 -7.22889 29.3825
29.04 36.4259 -7.03792 29.388
29.06 36.417 -7.0399 29.3771
29.08 36.6159 -7.24435 29.3716
29.1 36.9141 -7.54803 29.3661
29.12 37.2072 -7.84109 29.3661
29.14 37.47 -8.10389 29.3661
29.16 37.7282 -8.35659 29.3716
29.18 38.0186 -8.65801 29.3606
29.2 38.3735 -9.00737 29.3661
29.22 38.7999 -9.43933 29.3606
29.24 39.2251 -9.86447 29.3606
29.26 39.3101 -9.93857 29.3716
29.28 38.0303 -8.65872 29.3716
29.3 33.4332 -4.06167 29.3716
29.32 28.1682 1.19786 29.3661
29.34 32.9284 -3.56775 29.3606
29.36 38.0653 -8.70473 29.3606
29.38 39.9662 -10.6111 29.3551
29.4 40.2197 -10.8591 29.3606
29.42 39.9597 -10.5991 29.3606
29.44 39.5932 -10.2326 29.3606
29.46 39.3058 -9.94516 29.3606
29.48 39.3286 -9.96803 29.3606
29.5 39.7083 -10.3422 29.3661
29.52 39.7957 -10.4296 29.3661
29.54 37.8396 -8.47356 29.3661
29.56 35.0792 -5.71859 29.3606
29.58 38.3287 -8.97353 29.3551
29.6 40.8125 -11.4574 29.3551
29.62 41.1033 -11.7537 29.3497
29.64 40.6869 -11.3427 29.3442
29.66 40.0661 -10.7219 29.3442
29.68 39.6046 -10.2659 29.3387
29.7 38.8252 -9.49199 29.3332
29.72 38.3422 -9.01994 29.3223
29.74 39.7872 -10.4595 29.3277
29.76 41.2117 -11.884 29.3277
29.78 41.3622 -12.0345 29.3277
29.8 39.7835 -10.4558 29.3277
29.82 36.8708 -7.54861 29.3222
29.84 30.6641 -1.34186 29.3223
29.86 39.948 -10.6203 29.3277
29.88 44.1743 -14.8466 29.3277
29.9 42.381 -13.0423 29.3387
29.92 36.5786 -7.23443 29.3442
29.94 38.3326 -8.99389 29.3387
29.96 42.1434 -12.7992 29.3442
29.98 41.8853 -12.5466 29.3387
30 39.6379 -10.2883 29.3496
30.02 37.635 -8.28532 29.3497
30.04 38.9918 -9.63666 29.3551
30.06 40.7824 -11.4272 29.3551
30.08 41.5753 -12.2202 29.3551
30.1 41.8681 -12.513 29.3551
30.12 41.9353 -12.5801 29.3551
30.14 41.8464 -12.4913 29.3551
30.16 41.5169 -12.1563 29.3606
30.18 40.7974 -11.4149 29.3825
30.2 39.8146 -10.432 29.3825
30.22 39.2104 -9.82784 29.3825
30.24 39.2942 -9.91163 29.3825
30.26 39.8654 -10.4774 29.388
30.28 40.6821 -11.2941 29.388
30.3 41.3511 -11.9631 29.388
30.32 41.7152 -12.3163 29.399
30.34 41.8385 -12.445 29.3935
30.36 41.771 -12.3775 29.3935
30.38 41.4135 -12.0201 29.3935
30.4 40.0993 -10.7058 29.3935
30.42 36.4245 -7.03104 29.3935
30.44 35.0559 -5.66242 29.3935
30.46 38.7311 -9.33212 29.399
30.48 40.3618 -10.9629 29.399
30.5 40.6448 -11.2458 29.399
30.52 40.6168 -11.2178 29.399
30.54 40.462 -11.0686 29.3935
30.56 40.2178 -10.8353 29.3825
30.58 39.9288 -10.5463 29.3825
30.6 39.6263 -10.2383 29.388
30.62 39.3109 -9.92834 29.3825
30.64 38.9588 -9.57079 29.388
30.66 38.5488 -9.17176 29.377
30.68 38.1261 -8.74909 29.3771
30.7 37.8436 -8.46652 29.3771
30.72 37.8331 -8.45609 29.3771
30.74 38.0268 -8.64429 29.3825
30.76 38.2546 -8.86656 29.388
30.78 38.4298 -9.03632 29.3935
30.8 38.5603 -9.16681 29.3935
30.82 38.6837 -9.28474 29.399
30.84 38.8314 -9.44891 29.3825
30.86 39.0213 -9.63873 29.3825
30.88 39.2565 -9.87397 29.3825
30.9 39.5294 -10.1414 29.388
30.92 39.8271 -10.4446 29.3825
30.94 40.1497 -10.7727 29.3771
30.96 40.5262 -11.1601 29.3661
30.98 40.9637 -11.5921 29.3716
31 41.2665 -11.8949 29.3716
31.02 40.9117 -11.5292 29.3825
31.04 39.5586 -10.1652 29.3935
31.06 38.3954 -9.00187 29.3935
31.08 38.2106 -8.82263 29.388
31.1 38.8504 -9.46791 29.3825
31.12 41.4793 -12.0913 29.388
31.14 42.4854 -13.0974 29.388
31.16 41.7883 -12.4003 29.388
31.18 40.2571 -10.8746 29.3825
31.2 38.3101 -8.92213 29.388
31.22 37.5026 -8.10361 29.399
31.24 38.6347 -9.24666 29.388
31.26 40.0063 -10.6183 29.388
31.28 40.6194 -11.2314 29.388
31.3 40.6183 -11.2303 29.388
31.32 40.3148 -10.9322 29.3825
31.34 39.8972 -10.5146 29.3825
31.36 39.4561 -10.0735 29.3825
31.38 39.033 -9.65045 29.3825
31.4 38.6459 -9.26881 29.3771
31.42 38.3033 -8.93168 29.3716
31.44 38.0087 -8.63165 29.3771
31.46 37.7617 -8.38463 29.3771
31.48 37.5548 -8.17226 29.3825
31.5 37.3749 -7.98145 29.3935
31.52 37.2006 -7.80711 29.3935
31.54 37.0135 -7.62551 29.388
31.56 36.823 -7.43503 29.388
31.58 36.6936 -7.3001 29.3935
31.6 36.7184 -7.33035 29.388
31.62 36.9288 -7.54631 29.3825
31.64 37.2591 -7.88204 29.3771
31.66 37.6275 -8.26139 29.3661
31.68 38.0025 -8.64188 29.3606
31.7 38.3973 -9.02575 29.3716
31.72 38.8364 -9.47034 29.3661
31.74 39.3308 -9.97015 29.3606
31.76 39.8476 -10.487 29.3606
31.78 40.2205 -10.8599 29.3606
31.8 39.9156 -10.5604 29.3551
31.82 38.2051 -8.83356 29.3716
31.84 37.5743 -8.20822 29.3661
31.86 40.2686 -10.9026 29.3661
31.88 41.9752 -12.6036 29.3716
31.9 41.8245 -12.4584 29.3661
31.92 40.3282 -10.9731 29.3551
31.94 38.215 -8.86532 29.3497
31.96 37.456 -8.11729 29.3387
31.98 38.6084 -9.26975 29.3387
32 39.5758 -10.2426 29.3332
32.02 39.7809 -10.4587 29.3223
32.04 40.4981 -11.1814 29.3168
32.06 42.3925 -13.0703 29.3223
32.08 43.2759 -13.9591 29.3168
32.1 42.0151 -12.6928 29.3223
32.12 39.6059 -10.2782 29.3277
32.14 38.1484 -8.82611 29.3223
32.16 38.4251 -9.09736 29.3277
32.18 40.3845 -11.0568 29.3277
32.2 42.7073 -13.3796 29.3277
32.22 43.8847 -14.5679 29.3168
32.24 44.1798 -14.863 29.3168
32.26 43.586 -14.2692 29.3168
32.28 41.7174 -12.4115 29.3058
32.3 40.2003 -10.8945 29.3058
32.32 40.8726 -11.5722 29.3003
32.34 41.3426 -12.0368 29.3058
32.36 41.2022 -11.8854 29.3168
32.38 42.7058 -13.389 29.3168
32.4 43.6815 -14.3647 29.3168
32.42 42.9978 -13.6756 29.3223
32.44 42.1064 -12.7842 29.3223
32.46 42.4608 -13.1385 29.3223
32.48 43.3418 -14.0141 29.3277
32.5 43.2289 -13.9012 29.3277
32.52 40.9757 -11.648 29.3277
32.54 37.8753 -8.53657 29.3387
32.56 40.1842 -10.8401 29.3442
32.58 42.5343 -13.1902 29.3442
32.6 42.4985 -13.1543 29.3442
32.62 40.403 -11.0534 29.3497
32.64 36.8119 -7.46769 29.3442
32.66 37.3483 -7.99861 29.3497
32.68 39.3541 -10.0045 29.3496
32.7 38.7961 -9.45194 29.3442
32.72 37.7253 -8.37567 29.3497
32.74 38.1409 -8.79125 29.3497
32.76 38.8579 -9.50824 29.3497
32.78 39.1548 -9.80514 29.3497
32.8 39.8127 -10.4521 29.3606
32.82 40.6477 -11.2871 29.3606
32.84 41.1464 -11.7803 29.3661
32.86 41.293 -11.9269 29.3661
32.88 41.1898 -11.8292 29.3606
32.9 40.7894 -11.4233 29.3661
32.92 39.8248 -10.4477 29.377
32.94 38.1141 -8.737 29.3771
32.96 36.6147 -7.23765 29.3771
32.98 36.4095 -7.02696 29.3825
33 37.19 -7.80199 29.388
33.02 38.5062 -9.12372 29.3825
33.04 39.496 -10.1135 29.3825
33.06 39.8409 -10.4529 29.388
33.08 39.8087 -10.4207 29.388
33.1 39.6692 -10.2757 29.3935
33.12 39.5595 -10.166 29.3935
33.14 39.5162 -10.1227 29.3935
33.16 39.4584 -10.0649 29.3935
33.18 39.0311 -9.63757 29.3935
33.2 37.5678 -8.17433 29.3935
33.22 36.1361 -6.74256 29.3935
33.24 37.6073 -8.20832 29.399
33.26 39.3683 -9.96388 29.4044
33.28 39.8127 -10.4192 29.3935
33.3 39.6919 -10.2984 29.3935
33.32 39.492 -10.0985 29.3935
33.34 38.9687 -9.57523 29.3935
33.36 37.4734 -8.07439 29.399
33.38 36.2991 -6.90016 29.399
33.4 37.7999 -8.40095 29.399
33.42 35.9961 -6.59168 29.4044
33.44 32.9625 -3.55258 29.4099
33.46 36.7731 -7.36868 29.4044
33.48 37.3574 -7.95292 29.4044
33.5 35.7147 -6.31021 29.4044
33.52 34.0712 -4.67227 29.399
33.54 36.1289 -6.72441 29.4044
33.56 38.9238 -9.53027 29.3935
33.58 39.7685 -10.3805 29.388
33.6 39.7513 -10.3687 29.3825
33.62 39.5997 -10.2117 29.388
33.64 39.2439 -9.85586 29.388
33.66 37.6044 -8.22184 29.3825
33.68 34.3603 -4.97778 29.3825
33.7 35.4141 -6.03702 29.3771
33.72 37.7147 -8.33214 29.3825
33.74 38.0452 -8.66265 29.3825
33.76 37.7988 -8.41628 29.3825
33.78 37.219 -7.83096 29.388
33.8 36.4058 -7.01781 29.388
33.82 36.0333 -6.63979 29.3935
33.84 36.22 -6.82101 29.399
33.86 36.6506 -7.25167 29.399
33.88 37.44 -8.04103 29.399
33.9 38.2344 -8.82447 29.4099
33.92 38.6329 -9.21204 29.4209
33.94 38.69 -9.2636 29.4264
33.96 38.5644 -9.13799 29.4264
33.98 38.334 -8.91856 29.4154
34 38.0271 -8.62815 29.399
34.02 37.7092 -8.30471 29.4044
34.04 37.4963 -8.09736 29.399
34.06 37.4351 -8.03609 29.399
34.08 37.5786 -8.18512 29.3935
34.1 38.0485 -8.64405 29.4044
34.12 38.7215 -9.32255 29.399
34.14 39.3223 -9.91783 29.4044
34.16 39.7347 -10.3413 29.3935
34.18 39.8554 -10.4619 29.3935
34.2 38.8745 -9.48101 29.3935
34.22 34.461 -5.06752 29.3935
34.24 33.4002 -4.00126 29.399
34.26 38.3212 -8.92227 29.399
34.28 39.6826 -10.2781 29.4044
34.3 39.5341 -10.1297 29.4044
34.32 39.1162 -9.70628 29.4099
34.34 38.6338 -9.23481 29.399
34.36 38.0728 -8.66833 29.4044
34.38 37.4784 -8.07397 29.4044
34.4 37.0648 -7.66584 29.399
34.42 36.9647 -7.56575 29.399
34.44 36.9701 -7.56018 29.4099
34.46 36.9133 -7.50882 29.4044
34.48 36.9494 -7.54491 29.4044
34.5 37.202 -7.79202 29.4099
34.52 37.509 -8.09356 29.4154
34.54 37.6691 -8.26465 29.4044
34.56 37.5959 -8.18602 29.4099
34.58 37.2256 -7.81567 29.4099
34.6 36.3712 -6.96129 29.4099
34.62 34.9284 -5.51847 29.4099
34.64 34.3389 -4.92895 29.4099
34.66 35.7825 -6.37809 29.4044
34.68 37.1525 -7.75352 29.399
34.7 37.578 -8.19 29.388
34.72 37.0218 -7.6228 29.399
34.74 33.6015 -4.1971 29.4044
34.76 28.4511 0.953349 29.4045
34.78 33.7589 -4.35452 29.4044
34.8 36.6683 -7.26382 29.4044
34.82 36.7869 -7.38795 29.399
34.84 36.4586 -7.05961 29.399
34.86 36.35 -6.94011 29.4099
34.88 36.5547 -7.14477 29.4099
34.9 36.8981 -7.48822 29.4099
34.92 37.1843 -7.79078 29.3935
34.94 37.1845 -7.79099 29.3935
34.96 36.4209 -7.03292 29.388
34.98 34.7399 -5.35186 29.388
35 34.3314 -4.94344 29.388
35.02 35.3845 -5.991 29.3935
35.04 35.2437 -5.84478 29.399
35.06 34.8616 -5.45713 29.4044
35.08 35.6006 -6.19069 29.4099
35.1 36.365 -6.94956 29.4154
35.12 36.5963 -7.18095 29.4154
35.14 36.5692 -7.14832 29.4209
35.16 36.5129 -7.08659 29.4264
35.18 36.4878 -7.07242 29.4154
35.2 36.397 -6.98164 29.4154
35.22 35.876 -6.46606 29.4099
35.24 34.3332 -4.91786 29.4154
35.26 32.8886 -3.47319 29.4154
35.28 34.1919 -4.77101 29.4209
35.3 35.9549 -6.53401 29.4209
35.32 36.7198 -7.3044 29.4154
35.34 37.0464 -7.63103 29.4154
35.36 37.2933 -7.87787 29.4154
35.38 37.3362 -7.91532 29.4209
35.4 36.3916 -6.97077 29.4209
35.42 34.2375 -4.81662 29.4209
35.44 35.1287 -5.71333 29.4154
35.46 37.8662 -8.45084 29.4154
35.48 38.8755 -9.46556 29.4099
35.5 38.5257 -9.11583 29.4099
35.52 36.2084 -6.80942 29.3989
35.54 31.279 -1.88009 29.399
35.56 31.7674 -2.36842 29.3989
35.58 34.2582 -4.85922 29.3989
35.6 36.6771 -7.27268 29.4044
35.62 38.9483 -9.5439 29.4044
35.64 40.2124 -10.808 29.4044
35.66 40.5995 -11.1951 29.4044
35.68 39.8107 -10.4008 29.4099
35.7 37.6521 -8.23125 29.4209
35.72 36.2455 -6.82466 29.4209
35.74 35.9813 -6.55496 29.4263
35.76 35.0361 -5.62068 29.4154
35.78 34.9241 -5.5087 29.4154
35.8 36.8342 -7.41885 29.4154
35.82 38.3306 -8.92066 29.4099
35.84 37.8207 -8.40535 29.4154
35.86 36.809 -7.40455 29.4044
35.88 37.57 -8.16555 29.4044
35.9 38.7336 -9.3346 29.399
35.92 39.0875 -9.68854 29.399
35.94 38.8936 -9.50557 29.388
35.96 38.4688 -9.08078 29.388
35.98 38.0108 -8.62829 29.3825
36 37.7407 -8.35271 29.388
36.02 37.8014 -8.41336 29.388
36.04 38.044 -8.65051 29.3935
36.06 38.1088 -8.72077 29.388
36.08 37.4765 -8.08849 29.388
36.1 35.1506 -5.76257 29.388
36.12 32.278 -2.88996 29.388
36.14 34.8244 -5.4309 29.3935
36.16 37.6882 -8.28374 29.4044
36.18 38.4107 -9.00628 29.4044
36.2 37.9579 -8.54796 29.4099
36.22 35.6488 -6.23341 29.4154
36.24 33.5005 -4.08511 29.4154
36.26 36.7681 -7.34726 29.4209
36.28 38.9174 -9.49104 29.4263
36.3 37.3179 -7.88604 29.4318
36.32 33.5758 -4.14396 29.4318
36.34 36.8461 -7.41426 29.4318
36.36 39.9354 -10.4981 29.4373
36.38 40.2442 -10.8179 29.4263
36.4 39.0815 -9.66062 29.4209
36.42 36.5964 -7.1755 29.4209
36.44 35.1117 -5.69088 29.4209
36.46 36.0759 -6.66053 29.4154
36.48 37.1608 -7.73449 29.4263
36.5 37.9661 -8.53423 29.4318
36.52 38.7621 -9.32478 29.4373
36.54 39.6636 -10.2263 29.4373
36.56 40.1986 -10.7613 29.4373
36.58 40.2567 -10.8248 29.4318
36.6 40.094 -10.6567 29.4373
36.62 39.8562 -10.4189 29.4373
36.64 39.1174 -9.68006 29.4373
36.66 37.4891 -8.04632 29.4428
36.68 37.3952 -7.95791 29.4373
36.7 39.3915 -9.95971 29.4318
36.72 40.5659 -11.1396 29.4263
36.74 40.7947 -11.3629 29.4318
36.76 40.581 -11.1437 29.4373
36.78 39.8693 -10.4375 29.4318
36.8 38.2035 -8.77166 29.4318
36.82 36.1218 -6.68993 29.4318
36.84 34.9926 -5.56079 29.4318
36.86 34.0586 -4.62125 29.4373
36.88 35.4369 -5.99965 29.4373
36.9 37.6864 -8.2491 29.4373
36.92 38.7086 -9.27673 29.4318
36.94 38.8687 -9.44784 29.4209
36.96 38.8026 -9.38719 29.4154
36.98 38.9559 -9.53499 29.4209
37 39.2532 -9.83784 29.4154
37.02 39.0366 -9.62125 29.4154
37.04 37.4277 -8.02326 29.4044
37.06 35.0625 -5.65262 29.4099
37.08 35.5244 -6.12 29.4044
37.1 37.7078 -8.30884 29.3989
37.12 38.8847 -9.49121 29.3935
37.14 39.1675 -9.77399 29.3935
37.16 39.1175 -9.73503 29.3825
37.18 39.011 -9.62851 29.3825
37.2 38.8835 -9.50104 29.3825
37.22 38.503 -9.12051 29.3825
37.24 37.2988 -7.91628 29.3825
37.26 35.6335 -6.25095 29.3825
37.28 36.3797 -6.99171 29.388
37.3 38.4659 -9.07788 29.388
37.32 39.5317 -10.1437 29.388
37.34 39.6072 -10.2138 29.3935
37.36 38.5656 -9.18313 29.3825
37.38 36.1177 -6.74068 29.377
37.4 34.0365 -4.65948 29.377
37.42 34.8269 -5.44987 29.377
37.44 36.9628 -7.59677 29.3661
37.46 38.5376 -9.17148 29.3661
37.48 39.089 -9.72296 29.3661
37.5 38.923 -9.5569 29.3661
37.52 38.3338 -8.97869 29.3551
37.54 37.624 -8.27439 29.3496
37.56 37.564 -8.20893 29.3551
37.58 38.3293 -8.97965 29.3496
37.6 39.1474 -9.79773 29.3496
37.62 39.6632 -10.308 29.3551
37.64 39.93 -10.5639 29.3661
37.66 39.9918 -10.6148 29.377
37.68 39.8287 -10.4517 29.377
37.7 39.4621 -10.0851 29.377
37.72 39.0997 -9.71719 29.3825
37.74 38.9029 -9.52036 29.3825
37.76 37.884 -8.51242 29.3715
37.78 35.4273 -6.04481 29.3825
37.8 37.6578 -8.28624 29.3715
37.82 40.9514 -11.5799 29.3715
37.84 42.0166 -12.645 29.3716
37.86 42.3422 -12.9706 29.3716
37.88 42.3566 -12.9851 29.3715
37.9 41.1698 -11.7982 29.3715
37.92 36.6245 -7.25297 29.3715
37.94 33.8728 -4.51223 29.3606
37.96 39.4834 -10.1228 29.3606
37.98 42.542 -13.1869 29.3551
38 43.1244 -13.7692 29.3551
38.02 43.1619 -13.8013 29.3606
38.04 42.9831 -13.617 29.3661
38.06 41.7264 -12.3603 29.3661
38.08 37.5709 -8.20481 29.3661
38.1 33.6588 -4.29268 29.3661
38.12 36.0034 -6.64284 29.3606
38.14 39.2299 -9.86387 29.3661
38.16 40.7524 -11.3808 29.3715
38.18 41.4555 -12.0785 29.377
38.2 41.7922 -12.4097 29.3825
38.22 41.8477 -12.4597 29.388
38.24 41.7226 -12.3346 29.388
38.26 41.5378 -12.1553 29.3825
38.28 41.3832 -12.0007 29.3825
38.3 41.3125 -11.9409 29.3716
38.32 41.3157 -11.9442 29.3716
38.34 41.1729 -11.7904 29.3825
38.36 40.1567 -10.7687 29.388
38.38 37.1497 -7.76167 29.388
38.4 33.1895 -3.80151 29.388
38.42 32.6672 -3.28473 29.3825
38.44 36.3049 -6.92238 29.3825
38.46 39.4262 -10.0437 29.3825
38.48 40.0825 -10.6891 29.3935
38.5 39.7201 -10.3156 29.4044
38.52 39.2198 -9.82088 29.3989
38.54 38.824 -9.43056 29.3935
38.56 38.5468 -9.14782 29.3989
38.58 38.364 -8.96503 29.3989
38.6 38.2755 -8.88753 29.388
38.62 38.2896 -8.90704 29.3825
38.64 38.3948 -9.01778 29.377
38.66 38.5608 -9.18378 29.377
38.68 38.7628 -9.38576 29.377
38.7 38.9927 -9.62112 29.3716
38.72 39.2498 -9.8783 29.3716
38.74 39.5193 -10.1532 29.3661
38.76 39.7397 -10.3627 29.377
38.78 39.7615 -10.3844 29.377
38.8 39.4291 -10.0521 29.377
38.82 39.0591 -9.68757 29.3716
38.84 39.3328 -9.96122 29.3715
38.86 39.392 -10.0259 29.3661
38.88 37.7259 -8.35435 29.3715
38.9 36.2928 -6.92671 29.3661
38.92 37.7796 -8.40808 29.3715
38.94 40.0704 -10.7043 29.3661
38.96 40.9186 -11.5416 29.377
38.98 40.3817 -10.9992 29.3825
39 39.485 -10.1134 29.3715
39.02 38.7148 -9.34327 29.3716
39.04 39.6317 -10.2656 29.3661
39.06 41.4511 -12.0851 29.3661
39.08 42.216 -12.8444 29.3715
39.1 42.2192 -12.8476 29.3715
39.12 41.9522 -12.5697 29.3825
39.14 41.5817 -12.1992 29.3825
39.16 41.1885 -11.8059 29.3825
39.18 40.9362 -11.5646 29.3715
39.2 40.9612 -11.5896 29.3715
39.22 40.972 -11.6004 29.3715
39.24 40.2261 -10.8546 29.3715
39.26 39.0607 -9.68914 29.3716
39.28 39.6536 -10.282 29.3715
39.3 41.4949 -12.1179 29.377
39.32 42.7916 -13.4091 29.3825
39.34 43.1905 -13.8244 29.3661
39.36 42.7032 -13.3372 29.3661
39.38 41.4101 -12.0496 29.3606
39.4 40.5204 -11.1599 29.3606
39.42 40.887 -11.5154 29.3715
39.44 41.415 -12.038 29.377
39.46 41.8769 -12.4999 29.377
39.48 42.2464 -12.8748 29.3715
39.5 42.2492 -12.8886 29.3606
39.52 41.6991 -12.333 29.3661
39.54 40.2575 -10.8915 29.3661
39.56 38.5678 -9.20721 29.3606
39.58 38.9933 -9.63272 29.3606
39.6 39.4903 -10.1297 29.3606
39.62 38.5172 -9.16207 29.3551
39.64 38.3776 -9.02249 29.3551
39.66 39.8641 -10.509 29.3551
39.68 41.1994 -11.8388 29.3606
39.7 41.8003 -12.4397 29.3606
39.72 41.7004 -12.3399 29.3606
39.74 40.5525 -11.1864 29.3661
39.76 38.2592 -8.88763 29.3715
39.78 37.2046 -7.83307 29.3715
39.8 38.7229 -9.35684 29.3661
39.82 40.0605 -10.6889 29.3715
39.84 40.4741 -11.1136 29.3606
39.86 40.3042 -10.9436 29.3606
39.88 39.7815 -10.4209 29.3606
39.9 39.1102 -9.7441 29.3661
39.92 38.6059 -9.23434 29.3715
39.94 38.4817 -9.10472 29.377
39.96 38.4889 -9.10636 29.3825
39.98 38.1098 -8.72185 29.388
40 37.1229 -7.74036 29.3825
40.02 36.5011 -7.11861 29.3825
40.04 37.272 -7.87849 29.3935
40.06 38.3029 -8.90939 29.3935
40.08 38.8028 -9.40936 29.3935
40.1 38.9553 -9.56178 29.3935
40.12 39.0167 -9.6178 29.3989
40.14 39.1327 -9.73373 29.3989
40.16 39.3604 -9.95053 29.4099
40.18 39.5736 -10.1637 29.4099
40.2 38.9662 -9.56174 29.4044
40.22 34.8693 -5.46493 29.4044
40.24 32.0215 -2.61154 29.4099
40.26 37.7781 -8.37916 29.3989
40.28 39.9457 -10.5413 29.4044
40.3 39.0512 -9.64683 29.4044
40.32 35.9208 -6.51642 29.4044
40.34 35.1349 -5.73043 29.4044
40.36 37.7861 -8.37073 29.4154
40.38 39.336 -9.92057 29.4154
40.4 39.4455 -10.0356 29.4099
40.42 38.9865 -9.57112 29.4154
40.44 38.4388 -9.02892 29.4099
40.46 37.9658 -8.5614 29.4044
40.48 37.596 -8.19702 29.3989
40.5 37.3122 -7.9133 29.3989
40.52 37.0809 -7.68193 29.3989
40.54 36.8611 -7.46763 29.3935
40.56 36.6195 -7.22599 29.3935
40.58 36.3641 -6.96519 29.3989
40.6 36.1838 -6.77391 29.4099
40.62 36.1994 -6.78951 29.4099
40.64 36.4171 -7.00723 29.4099
40.66 36.7104 -7.30049 29.4099
40.68 36.9594 -7.54951 29.4099
40.7 37.1337 -7.72379 29.4099
40.72 37.2584 -7.8485 29.4099
40.74 37.3423 -7.93786 29.4044
40.76 37.3217 -7.92276 29.3989
40.78 37.1643 -7.76532 29.3989
40.8 37.1001 -7.69569 29.4044
40.82 37.2607 -7.86177 29.3989
40.84 36.9986 -7.59414 29.4044
40.86 35.8205 -6.41063 29.4099
40.88 35.4454 -6.04099 29.4044
40.9 37.1376 -7.72767 29.4099
40.92 38.7685 -9.3641 29.4044
40.94 39.5216 -10.1227 29.3989
40.96 39.5706 -10.1771 29.3935
40.98 38.8352 -9.44719 29.388
41 37.3988 -8.01078 29.388
41.02 36.5709 -7.18836 29.3825
41.04 37.5501 -8.1676 29.3825
41.06 39.113 -9.736 29.377
41.08 39.8942 -10.5117 29.3825
41.1 39.6605 -10.2671 29.3935
41.12 38.482 -9.08304 29.3989
41.14 36.8687 -7.46977 29.3989
41.16 36.0588 -6.65985 29.3989
41.18 36.7314 -7.32699 29.4044
41.2 38.082 -8.6831 29.3989
41.22 38.7031 -9.30412 29.3989
41.24 37.7234 -8.31902 29.4044
41.26 35.2625 -5.85809 29.4044
41.28 34.3792 -4.98572 29.3935
41.3 36.626 -7.2325 29.3935
41.32 38.431 -9.04303 29.388
41.34 38.4465 -9.05853 29.388
41.36 37.2028 -7.83124 29.3715
41.38 36.6583 -7.28123 29.377
41.4 37.903 -8.53151 29.3715
41.42 39.1356 -9.75858 29.377
41.44 39.7618 -10.3847 29.377
41.46 40.1283 -10.7513 29.377
41.48 40.4114 -11.0344 29.377
41.5 40.4724 -11.0899 29.3825
41.52 39.8534 -10.4655 29.388
41.54 38.569 -9.18097 29.388
41.56 38.6634 -9.27542 29.388
41.58 40.1027 -10.7147 29.388
41.6 40.388 -11.0055 29.3825
41.62 39.5651 -10.1936 29.3715
41.64 39.7851 -10.4026 29.3825
41.66 40.132 -10.7495 29.3825
41.68 38.3072 -8.93017 29.377
41.7 36.9404 -7.55793 29.3825
41.72 37.6227 -8.2457 29.377
41.74 36.861 -7.48942 29.3715
41.76 37.2018 -7.83025 29.3715
41.78 39.7012 -10.3406 29.3606
41.8 41.3468 -11.9972 29.3496
41.82 41.7944 -12.4448 29.3496
41.84 41.5836 -12.2339 29.3496
41.86 41.181 -11.8368 29.3441
41.88 40.9605 -11.5999 29.3606
41.9 41.008 -11.6419 29.3661
41.92 41.0455 -11.6795 29.3661
41.94 40.7895 -11.4234 29.3661
41.96 40.1929 -10.8268 29.3661
41.98 39.205 -9.84438 29.3606
42 37.8007 -8.44557 29.3551
42.02 37.0709 -7.71576 29.3551
42.04 37.2671 -7.91751 29.3496
42.06 37.5332 -8.18904 29.3441
42.08 38.5184 -9.16876 29.3496
42.1 39.2796 -9.92454 29.3551
42.12 38.3325 -8.98288 29.3496
42.14 36.3373 -6.98765 29.3496
42.16 36.1774 -6.83327 29.3441
42.18 37.9422 -8.59256 29.3496
42.2 39.2562 -9.90661 29.3496
42.22 39.6556 -10.3115 29.3441
42.24 39.6596 -10.3155 29.3441
42.26 39.6329 -10.2943 29.3387
42.28 39.7095 -10.3709 29.3387
42.3 39.8271 -10.4774 29.3496
42.32 39.5109 -10.1612 29.3496
42.34 37.2355 -7.89133 29.3441
42.36 31.4427 -2.09855 29.3441
42.38 29.9141 -0.569931 29.3441
42.4 34.5353 -5.18572 29.3496
42.42 37.6104 -8.25531 29.3551
42.44 38.9677 -9.60708 29.3606
42.46 38.7264 -9.36584 29.3606
42.48 36.6792 -7.30769 29.3715
42.5 32.9375 -3.56594 29.3715
42.52 35.5657 -6.18873 29.377
42.54 38.0764 -8.71035 29.3661
42.56 38.4214 -9.0444 29.377
42.58 38.0384 -8.65591 29.3825
42.6 36.4654 -7.08835 29.377
42.62 32.9819 -3.61584 29.3661
42.64 33.6878 -4.31076 29.377
42.66 37.4666 -8.08955 29.377
42.68 38.6975 -9.30954 29.388
42.7 38.7549 -9.37242 29.3825
42.72 38.4862 -9.09823 29.388
42.74 37.7173 -8.33475 29.3825
42.76 35.5318 -6.14934 29.3825
42.78 31.9511 -2.5631 29.388
42.8 31.7177 -2.31878 29.3989
42.82 34.9811 -5.58216 29.3989
42.84 36.8174 -7.41302 29.4044
42.86 37.1468 -7.73141 29.4154
42.88 36.9709 -7.56097 29.4099
42.9 36.7318 -7.31641 29.4154
42.92 36.565 -7.15509 29.4099
42.94 36.4995 -7.08416 29.4154
42.96 36.5208 -7.11637 29.4044
42.98 36.5638 -7.15934 29.4044
43 36.4501 -7.04025 29.4099
43.02 35.8276 -6.41767 29.4099
43.04 34.6228 -5.21291 29.4099
43.06 34.2273 -4.82288 29.4044
43.08 35.2394 -5.83496 29.4044
43.1 35.9708 -6.5664 29.4044
43.12 35.9847 -6.58025 29.4044
43.14 35.7991 -6.39469 29.4044
43.16 35.7739 -6.37496 29.3989
43.18 35.7455 -6.35209 29.3935
43.2 35.3886 -5.98966 29.3989
43.22 35.0287 -5.62972 29.3989
43.24 35.4025 -6.00361 29.3989
43.26 36.1889 -6.79 29.3989
43.28 36.6977 -7.3042 29.3935
43.3 36.8804 -7.48694 29.3935
43.32 36.9495 -7.56152 29.388
43.34 37.0256 -7.63765 29.388
43.36 37.0743 -7.68636 29.388
43.38 37.0309 -7.63195 29.3989
43.4 36.9055 -7.51202 29.3935
43.42 36.2455 -6.85203 29.3934
43.44 33.5277 -4.12876 29.3989
43.46 32.4975 -3.0986 29.3989
43.48 35.9912 -6.59232 29.3989
43.5 37.3949 -7.99594 29.3989
43.52 37.3889 -7.98998 29.3989
43.54 37.2064 -7.80751 29.3989
43.56 37.1248 -7.72585 29.3989
43.58 37.1033 -7.69887 29.4044
43.6 37.0534 -7.65444 29.3989
43.62 36.9271 -7.52814 29.3989
43.64 36.8122 -7.41325 29.3989
43.66 36.9646 -7.56023 29.4044
43.68 37.4781 -8.07913 29.3989
43.7 37.87 -8.46559 29.4044
43.72 36.988 -7.58358 29.4044
43.74 33.8124 -4.40803 29.4044
43.76 33.0195 -3.62058 29.3989
43.78 36.6341 -7.24616 29.388
43.8 38.7775 -9.38954 29.388
43.82 38.3677 -8.9743 29.3934
43.84 34.5525 -5.17001 29.3825
43.86 32.0699 -2.68197 29.388
43.88 35.299 -5.91099 29.388
43.9 37.2836 -7.90656 29.377
43.92 37.9717 -8.59467 29.377
43.94 37.4338 -8.05136 29.3825
43.96 35.1795 -5.79704 29.3825
43.98 33.5447 -4.15672 29.388
44 35.5942 -6.20618 29.388
44.02 36.4376 -7.05508 29.3825
44.04 34.7384 -5.35588 29.3825
44.06 34.3389 -4.95637 29.3825
44.08 35.4547 -6.07772 29.377
44.1 35.5 -6.11751 29.3825
44.12 35.2602 -5.87771 29.3825
44.14 35.3447 -5.95125 29.3935
44.16 35.4446 -6.04563 29.3989
44.18 35.3745 -5.9756 29.3989
44.2 35.2005 -5.80154 29.3989
44.22 35.0133 -5.61982 29.3935
44.24 34.863 -5.46954 29.3935
44.26 34.7665 -5.37857 29.388
44.28 34.7224 -5.32892 29.3935
44.3 34.7141 -5.3206 29.3935
44.32 34.7046 -5.30563 29.3989
44.34 34.6267 -5.22227 29.4044
44.36 34.3986 -5.00511 29.3935
44.38 34.0361 -4.65359 29.3825
44.4 33.8164 -4.43391 29.3825
44.42 34.0294 -4.65241 29.377
44.44 34.461 -5.07848 29.3825
44.46 34.7182 -5.33019 29.388
44.48 34.7333 -5.34535 29.388
44.5 34.7296 -5.34158 29.388
44.52 34.9435 -5.55553 29.388
44.54 35.3697 -5.97628 29.3935
44.56 35.8273 -6.4284 29.3989
44.58 36.1622 -6.7633 29.3989
44.6 36.2229 -6.82397 29.3989
44.62 35.778 -6.38458 29.3935
44.64 34.9435 -5.55004 29.3935
44.66 34.9807 -5.5818 29.3989
44.68 36.2775 -6.88407 29.3935
44.7 37.4404 -8.04699 29.3935
44.72 37.7748 -8.38134 29.3935
44.74 36.5984 -7.20492 29.3934
44.76 33.1095 -3.71603 29.3935
44.78 31.7418 -2.35386 29.388
44.8 34.4139 -5.02591 29.388
44.82 36.833 -7.43407 29.3989
44.84 37.9224 -8.52899 29.3935
44.86 38.1655 -8.77209 29.3935
44.88 38.1213 -8.72241 29.3989
44.9 38.046 -8.64155 29.4044
44.92 38.0224 -8.61796 29.4044
44.94 38.0629 -8.66401 29.3989
44.96 38.1465 -8.73658 29.4099
44.98 38.2236 -8.82469 29.3989
45 38.2212 -8.81682 29.4044
45.02 38.0793 -8.67485 29.4044
45.04 37.8033 -8.40984 29.3935
45.06 37.3902 -7.99127 29.3989
45.08 36.6744 -7.29189 29.3825
45.1 35.6026 -6.21462 29.388
45.12 34.6991 -5.31658 29.3825
45.14 34.519 -5.13647 29.3825
45.16 35.4747 -6.08676 29.388
45.18 37.0882 -7.7002 29.388
45.2 38.327 -8.93905 29.388
45.22 39.0159 -9.63335 29.3825
45.24 39.2151 -9.83803 29.377
45.26 38.8823 -9.49984 29.3825
45.28 38.017 -8.63454 29.3825
45.3 37.3319 -7.9439 29.388
45.32 37.7857 -8.39771 29.388
45.34 38.6692 -9.29216 29.377
45.36 39.06 -9.67199 29.388
45.38 38.867 -9.47906 29.388
45.4 38.3147 -8.9377 29.377
45.42 37.8378 -8.45528 29.3825
45.44 37.5444 -8.15638 29.388
45.46 37.016 -7.62806 29.388
45.48 36.603 -7.20956 29.3935
45.5 37.0375 -7.64948 29.388
45.52 38.0091 -8.62116 29.388
45.54 38.9403 -9.54681 29.3935
45.56 39.4325 -10.0335 29.3989
45.58 38.9078 -9.49786 29.4099
45.6 36.5516 -7.14722 29.4044
45.62 34.0679 -4.66895 29.3989
45.64 35.5014 -6.10791 29.3935
45.66 36.3616 -6.96267 29.3989
45.68 35.2619 -5.86292 29.3989
45.7 36.3349 -6.94694 29.388
45.72 37.8183 -8.41385 29.4044
45.74 38.0665 -8.66213 29.4044
45.76 37.379 -7.97457 29.4044
45.78 36.2154 -6.81095 29.4044
45.8 35.5405 -6.13604 29.4044
45.82 35.8758 -6.47139 29.4044
45.84 36.4203 -7.01044 29.4099
45.86 36.6784 -7.26855 29.4099
45.88 36.7584 -7.35399 29.4044
45.9 36.8372 -7.4328 29.4044
45.92 37.0093 -7.61039 29.3989
45.94 37.2852 -7.89172 29.3935
45.96 37.4444 -8.0564 29.388
45.98 36.3078 -6.91982 29.388
46 32.0122 -2.62418 29.388
46.02 33.21 -3.82749 29.3825
46.04 37.6346 -8.25761 29.377
46.06 36.5689 -7.19741 29.3715
46.08 28.577 0.794508 29.3716
46.1 31.5146 -2.15408 29.3606
46.12 36.9588 -7.59279 29.366
46.14 39.2189 -9.8583 29.3606
46.16 37.8932 -8.54356 29.3496
46.18 32.0793 -2.72422 29.3551
46.2 34.3815 -5.02097 29.3606
46.22 38.7916 -9.43652 29.3551
46.24 40.1988 -10.8273 29.3715
46.26 40.5898 -11.2237 29.3661
46.28 40.5903 -11.2243 29.3661
46.3 40.1122 -10.7406 29.3715
46.32 38.7591 -9.38762 29.3715
46.34 37.3745 -7.99745 29.377
46.36 37.4832 -8.10614 29.377
46.38 37.3111 -7.92857 29.3825
46.4 38.1958 -8.81335 29.3825
46.42 39.6814 -10.2989 29.3825
46.44 36.4083 -7.02039 29.388
46.46 33.7409 -4.35294 29.388
46.48 38.4788 -9.09086 29.388
46.5 39.0707 -9.67174 29.3989
46.52 38.5012 -9.10777 29.3935
46.54 38.3386 -8.93968 29.3989
46.56 39.2539 -9.84947 29.4044
46.58 40.2761 -10.8772 29.3989
46.6 40.4619 -11.0629 29.3989
46.62 39.8815 -10.4826 29.3989
46.64 39.0919 -9.69298 29.3989
46.66 39.0591 -9.66566 29.3934
46.68 39.6876 -10.2778 29.4099
46.7 40.1214 -10.717 29.4044
46.72 40.1988 -10.7944 29.4044
46.74 40.1102 -10.7167 29.3935
46.76 39.9791 -10.5857 29.3935
46.78 39.8378 -10.4444 29.3935
46.8 39.6745 -10.2756 29.3989
46.82 39.4581 -10.0646 29.3935
46.84 39.1531 -9.76518 29.388
46.86 38.7511 -9.35762 29.3935
46.88 38.3172 -8.91822 29.3989
46.9 38.033 -8.63405 29.3989
46.92 38.169 -8.78105 29.388
46.94 38.8102 -9.41126 29.3989
46.96 39.675 -10.2815 29.3934
46.98 40.3937 -10.9893 29.4044
47 40.4098 -11.0054 29.4044
47.02 38.2395 -8.84058 29.3989
47.04 35.4033 -6.00432 29.3989
47.06 38.5236 -9.1247 29.3989
47.08 40.453 -11.0596 29.3934
47.1 39.7808 -10.3928 29.388
47.12 39.0384 -9.63949 29.3989
47.14 39.0973 -9.70382 29.3935
47.16 38.7499 -9.351 29.3989
47.18 38.5608 -9.16188 29.3989
47.2 39.1149 -9.72147 29.3935
47.22 39.2931 -9.91065 29.3825
47.24 38.589 -9.20652 29.3825
47.26 37.9939 -8.61691 29.377
47.28 38.4886 -9.11155 29.377
47.3 39.2749 -9.89784 29.377
47.32 39.6928 -10.3158 29.377
47.34 39.817 -10.44 29.377
47.36 39.4664 -10.084 29.3825
47.38 36.6225 -7.23457 29.388
47.4 30.7316 -1.3381 29.3935
47.42 35.3231 -5.91867 29.4044
47.44 38.4573 -9.05285 29.4044
47.46 38.5873 -9.18284 29.4044
47.48 38.2504 -8.84596 29.4044
47.5 37.9661 -8.56172 29.4044
47.52 37.7839 -8.37397 29.4099
47.54 37.6876 -8.27228 29.4154
47.56 37.657 -8.24162 29.4154
47.58 37.6709 -8.25554 29.4154
47.6 37.7026 -8.2817 29.4209
47.62 37.7147 -8.29928 29.4154
47.64 37.6539 -8.23306 29.4209
47.66 37.4594 -8.03852 29.4209
47.68 37.1143 -7.69895 29.4154
47.7 36.7588 -7.34886 29.4099
47.72 36.6581 -7.24277 29.4154
47.74 36.8779 -7.45703 29.4209
47.76 37.2116 -7.79619 29.4154
47.78 37.4988 -8.08893 29.4099
47.8 37.7215 -8.31162 29.4099
47.82 37.917 -8.5071 29.4099
47.84 38.1205 -8.71613 29.4044
47.86 38.3552 -8.94527 29.4099
47.88 38.6228 -9.21291 29.4099
47.9 38.8973 -9.48192 29.4154
47.92 39.1221 -9.70668 29.4154
47.94 39.207 -9.79165 29.4154
47.96 39.0303 -9.62038 29.4099
47.98 38.518 -9.10814 29.4099
48 37.8807 -8.47077 29.4099
48.02 37.6876 -8.27224 29.4154
48.04 38.1887 -8.77337 29.4154
48.06 38.9058 -9.47395 29.4318
48.08 39.3522 -9.92041 29.4318
48.1 39.423 -9.98565 29.4373
48.12 39.1896 -9.75774 29.4318
48.14 38.7835 -9.35168 29.4318
48.16 38.4467 -9.01492 29.4318
48.18 38.4428 -9.011 29.4318
48.2 38.71 -9.2782 29.4318
48.22 38.6497 -9.22332 29.4263
48.24 37.3046 -7.87827 29.4263
48.26 35.0895 -5.65765 29.4318
48.28 33.7592 -4.33282 29.4263
48.3 34.8535 -5.42716 29.4263
48.32 37.7624 -8.34705 29.4154
48.34 38.7485 -9.32765 29.4209
48.36 38.5528 -9.13197 29.4209
48.38 38.0953 -8.66895 29.4263
48.4 37.6962 -8.26985 29.4263
48.42 37.5046 -8.0837 29.4209
48.44 37.5933 -8.16698 29.4263
48.46 37.849 -8.42268 29.4263
48.48 37.8244 -8.39806 29.4263
48.5 36.6078 -7.18147 29.4263
48.52 34.5139 -5.09304 29.4209
48.54 34.4002 -4.9903 29.4099
48.56 31.8515 -2.44164 29.4099
48.58 32.7162 -3.3008 29.4154
48.6 37.6927 -8.28283 29.4099
48.62 39.0455 -9.63562 29.4099
48.64 39.1469 -9.73703 29.4099
48.66 39.0294 -9.61955 29.4099
48.68 38.8901 -9.48019 29.4099
48.7 38.8333 -9.42892 29.4044
48.72 38.8937 -9.48924 29.4044
48.74 38.8936 -9.48369 29.4099
48.76 38.5618 -9.15193 29.4099
48.78 37.8081 -8.39824 29.4099
48.8 36.9854 -7.56999 29.4154
48.82 37.2325 -7.81715 29.4154
48.84 38.5996 -9.19522 29.4044
48.86 39.1089 -9.71545 29.3935
48.88 38.1006 -8.70717 29.3935
48.9 37.4314 -8.03799 29.3935
48.92 37.9962 -8.60276 29.3935
48.94 37.762 -8.36858 29.3935
48.96 37.2081 -7.81468 29.3935
48.98 37.5848 -8.18589 29.3989
49 38.2865 -8.89303 29.3935
49.02 39.0367 -9.64328 29.3935
49.04 39.698 -10.3101 29.388
49.06 40.1053 -10.7173 29.388
49.08 40.3181 -10.9301 29.388
49.1 40.4574 -11.0694 29.388
49.12 40.5885 -11.2005 29.388
49.14 40.7134 -11.3199 29.3935
49.16 40.8034 -11.4099 29.3935
49.18 40.8678 -11.4743 29.3935
49.2 40.9412 -11.5422 29.3989
49.22 40.6806 -11.2762 29.4044
49.24 39.1243 -9.71989 29.4044
49.26 36.5031 -7.10411 29.3989
49.28 35.6757 -6.27676 29.3989
49.3 37.2411 -7.84212 29.3989
49.32 37.3112 -7.90677 29.4044
49.34 36.9274 -7.52841 29.3989
49.36 38.553 -9.16504 29.388
49.38 40.4848 -11.0968 29.388
49.4 41.6901 -12.3186 29.3716
49.42 41.9801 -12.614 29.3661
49.44 41.3701 -11.993 29.377
49.46 39.2296 -9.84159 29.388
49.48 36.395 -7.00701 29.388
49.5 37.674 -8.28599 29.388
49.52 39.6313 -10.2433 29.388
49.54 39.9639 -10.5759 29.388
49.56 39.6972 -10.3146 29.3825
49.58 39.3582 -9.98112 29.377
49.6 39.0491 -9.67209 29.377
49.62 38.7169 -9.34539 29.3716
49.64 38.1865 -8.8095 29.377
49.66 37.0922 -7.72063 29.3715
49.68 34.2629 -4.89139 29.3715
49.7 26.7875 2.58957 29.377
49.72 31.6909 -2.31389 29.377
49.74 36.2395 -6.86244 29.377
49.76 36.599 -7.22202 29.377
49.78 37.1036 -7.73202 29.3715
49.8 37.6806 -8.30901 29.3715
49.82 37.9448 -8.57869 29.3661
49.84 37.7608 -8.39476 29.3661
49.86 36.9026 -7.53658 29.3661
49.88 35.3124 -5.94634 29.3661
49.9 33.2952 -3.93459 29.3606
49.92 32.0818 -2.72667 29.3551
49.94 34.7422 -5.37061 29.3715
49.96 36.9628 -7.59677 29.3661
49.98 37.3239 -7.95788 29.3661
