7.9988628 9.6878218 -1.9393237 -0.48890058
5.9398676 5.6254133 -1.0265474 -1.71645
5.7649564 0.67526404 0.96257372 -1.7531263
5.5067812 3.5485141 1.8435529 0.7754435
4.6423677 4.2781522 0.93166614 -1.7697452
5.0680861 1.5396994 0.70685086 -1.8709254
8.468674 0.99966342 1.5392252 -1.2770222
2.8733503 0.10257712 1.9474263 0.45555551
1.9892977 9.4937576 0.85313076 1.8089135
4.6037418 8.0205705 1.7618798 0.94645628
6.850803 6.7779786 -1.4848539 1.3398541
5.6255084 7.388238 1.9998389 0.025385778
6.0199203 8.9349862 1.6620625 1.1124515
7.4805166 5.9299139 -0.55063448 -1.9227069
0.8728851 8.8459443 0.2429952 1.9851835
0.58095424 1.814952 -1.5013278 -1.3213686
3.1066991 8.5739061 0.7898482 1.8374275
8.4735668 5.4051895 -1.6960481 1.0599156
0.069608211 0.16375934 1.9653018 0.37092979
1.7931026 5.1615125 1.1667057 -1.6244377
