1.5
1, 0.985999, 0.000312781, -31.2275, 0.00831375, 0.47979, 1.90396
2, 0.98671, 0.000120898, -31.2439, 0.0064792, 0.291407, 1.52507
3, 0.986595, 0.000125593, -31.2422, 0.00656352, 0.299041, 1.54483
4, 0.986497, 0.000122685, -31.233, 0.00650097, 0.293368, 1.5297
5, 0.986567, 0.00012238, -31.2378, 0.0064285, 0.286864, 1.51302
6, 0.986468, 0.000124092, -31.2322, 0.00658834, 0.301307, 1.55028
7, 0.986563, 0.000124538, -31.2383, 0.00656746, 0.2994, 1.54547
8, 0.986519, 0.000121523, -31.2328, 0.00647901, 0.291389, 1.52456
9, 0.986441, 0.000123009, -31.2306, 0.0064965, 0.292965, 1.5286
10, 0.986364, 0.000123237, -31.2269, 0.00649665, 0.292979, 1.52864
11, 0.986444, 0.000127253, -31.2301, 0.006698, 0.311421, 1.57555
12, 0.986528, 0.000123558, -31.235, 0.00650512, 0.293743, 1.53058
13, 0.986512, 0.000121895, -31.2329, 0.00645788, 0.289492, 1.5195
14, 0.986549, 0.000122175, -31.2353, 0.00650278, 0.293531, 1.53011
15, 0.986465, 0.000122499, -31.2318, 0.00651367, 0.294516, 1.53274
16, 0.98636, 0.000123648, -31.2242, 0.00655451, 0.29822, 1.5418
17, 0.986406, 0.000122768, -31.2283, 0.0064733, 0.290876, 1.52308
18, 0.986584, 0.000123749, -31.2383, 0.00657136, 0.299756, 1.54657
19, 0.986417, 0.000121636, -31.2267, 0.00650662, 0.293878, 1.5306
20, 0.986495, 0.000123036, -31.2316, 0.00658465, 0.300969, 1.54924
21, 0.986624, 0.000123276, -31.2398, 0.00653247, 0.296218, 1.53744
22, 0.986496, 0.000122057, -31.2328, 0.00646913, 0.290502, 1.522
23, 0.986665, 0.000128402, -31.2438, 0.00675714, 0.316944, 1.59021
24, 0.986543, 0.0001199, -31.2333, 0.00641118, 0.28532, 1.50863
25, 0.986547, 0.000123857, -31.237, 0.00655778, 0.298518, 1.54324
26, 0.986543, 0.000121961, -31.2361, 0.00649077, 0.292448, 1.52756
27, 0.986607, 0.000121404, -31.2385, 0.00646278, 0.289932, 1.52089
28, 0.986429, 0.000123541, -31.2298, 0.00654922, 0.297739, 1.54082
29, 0.986717, 0.00012153, -31.2444, 0.00649341, 0.292686, 1.52841
30, 0.986485, 0.000123555, -31.2312, 0.00656781, 0.299432, 1.54526
31, 0.986137, 0.000129051, -31.2182, 0.00665856, 0.307763, 1.56576
32, 0.986561, 0.000122914, -31.2347, 0.00655074, 0.297877, 1.54142
33, 0.986638, 0.000120969, -31.2406, 0.00641654, 0.285797, 1.51013
34, 0.986488, 0.000123108, -31.2351, 0.00648825, 0.292222, 1.52682
35, 0.986616, 0.000123923, -31.2396, 0.00654801, 0.297629, 1.54095
36, 0.986524, 0.000122999, -31.2327, 0.00655112, 0.297911, 1.54152
37, 0.98644, 0.000125438, -31.2292, 0.00664276, 0.306305, 1.5627
38, 0.986391, 0.000124066, -31.2264, 0.00656976, 0.299609, 1.54546
39, 0.986495, 0.000122303, -31.2354, 0.00642537, 0.286585, 1.51221
40, 0.986557, 0.000122565, -31.2363, 0.0064937, 0.292713, 1.5281
41, 0.986348, 0.000125436, -31.2276, 0.00657985, 0.300531, 1.54786
42, 0.986389, 0.000124942, -31.2304, 0.00652827, 0.295837, 1.53604
43, 0.986707, 0.000122179, -31.2429, 0.0064914, 0.292505, 1.52791
44, 0.986646, 0.000119448, -31.2387, 0.00639081, 0.28351, 1.50407
45, 0.98645, 0.000122776, -31.2278, 0.00659062, 0.301515, 1.55052
46, 0.986479, 0.000124245, -31.2313, 0.00653933, 0.29684, 1.53836
47, 0.986481, 0.000123909, -31.2324, 0.00652637, 0.295665, 1.53547
48, 0.986421, 0.000125471, -31.2307, 0.00655753, 0.298495, 1.54276
49, 0.986516, 0.000121161, -31.2339, 0.00642932, 0.286937, 1.51268
50, 0.986561, 0.000123443, -31.2359, 0.00656819, 0.299467, 1.54545
51, 0.986421, 0.000123735, -31.2303, 0.00646031, 0.28971, 1.51996
52, 0.986587, 0.000123147, -31.2379, 0.00653565, 0.296506, 1.53815
53, 0.986341, 0.000123699, -31.226, 0.00652977, 0.295973, 1.53615
54, 0.986524, 0.000122744, -31.2356, 0.00644511, 0.288348, 1.51662
55, 0.986627, 0.000122069, -31.2387, 0.00652185, 0.295255, 1.53481
56, 0.986695, 0.000120445, -31.2442, 0.00637986, 0.282539, 1.5017
57, 0.986542, 0.000123999, -31.2361, 0.00656759, 0.299411, 1.54541
58, 0.986502, 0.000121952, -31.2331, 0.00645581, 0.289306, 1.51906
59, 0.986443, 0.000122279, -31.2304, 0.00647226, 0.290783, 1.52295
60, 0.986465, 0.000123839, -31.232, 0.00654661, 0.297502, 1.5402
61, 0.986668, 0.000121698, -31.2412, 0.00647291, 0.290841, 1.52351
62, 0.986743, 0.000121713, -31.2465, 0.00648049, 0.291522, 1.52553
63, 0.986483, 0.000123459, -31.2335, 0.0065323, 0.296202, 1.53702
64, 0.986407, 0.000124108, -31.2283, 0.00658083, 0.30062, 1.54827
65, 0.986529, 0.000122657, -31.2358, 0.00651181, 0.294347, 1.53225
66, 0.986515, 0.000121012, -31.234, 0.00638219, 0.282745, 1.50201
67, 0.986698, 0.000122519, -31.2419, 0.00654612, 0.297457, 1.54066
68, 0.986399, 0.000124879, -31.2289, 0.00654134, 0.297023, 1.53868
69, 0.986378, 0.000123092, -31.2265, 0.00650785, 0.29399, 1.5311
70, 0.986476, 0.000123375, -31.2331, 0.00652735, 0.295754, 1.53586
71, 0.986581, 0.000124248, -31.2378, 0.00660881, 0.303181, 1.55509
72, 0.986285, 0.000127587, -31.2238, 0.00668714, 0.310411, 1.57283
73, 0.986427, 0.000123747, -31.2295, 0.00656447, 0.299127, 1.54436
74, 0.986495, 0.000124466, -31.2338, 0.00653892, 0.296803, 1.53847
75, 0.986669, 0.000123374, -31.2424, 0.00655977, 0.298699, 1.54395
76, 0.986508, 0.000123583, -31.2345, 0.00651656, 0.294777, 1.53326
77, 0.986505, 0.000125848, -31.2343, 0.00661411, 0.303669, 1.5562
78, 0.986531, 0.000124498, -31.234, 0.00659544, 0.301956, 1.55152
79, 0.986403, 0.000123634, -31.2274, 0.0065403, 0.296928, 1.53864
80, 0.986397, 0.00012417, -31.2279, 0.00657189, 0.299804, 1.54593
81, 0.986621, 0.000123329, -31.2406, 0.00649898, 0.293189, 1.52943
82, 0.986502, 0.000123887, -31.2348, 0.0065383, 0.296747, 1.5385
83, 0.986459, 0.000123258, -31.2307, 0.0065908, 0.301531, 1.5508
84, 0.986625, 0.00012281, -31.2402, 0.00651575, 0.294704, 1.5333
85, 0.986466, 0.000123373, -31.2318, 0.00652161, 0.295234, 1.53431
86, 0.98659, 0.0001222, -31.2375, 0.00648256, 0.291709, 1.52551
87, 0.986558, 0.000123136, -31.2368, 0.00653784, 0.296705, 1.53836
88, 0.986502, 0.000122326, -31.2315, 0.00651107, 0.294281, 1.53202
89, 0.98631, 0.000125563, -31.2252, 0.00659629, 0.302034, 1.55181
90, 0.986637, 0.000122893, -31.2408, 0.00645307, 0.289061, 1.51886
91, 0.986509, 0.000121382, -31.2306, 0.00650648, 0.293866, 1.53074
92, 0.986595, 0.000122526, -31.2383, 0.00647734, 0.29124, 1.52416
93, 0.986568, 0.000122456, -31.2363, 0.0064996, 0.293245, 1.52938
94, 0.986522, 0.000121322, -31.2319, 0.00649815, 0.293113, 1.52891
95, 0.98665, 0.000120715, -31.2413, 0.0064093, 0.285153, 1.50848
96, 0.986616, 0.000120804, -31.2382, 0.00645793, 0.289496, 1.51984
97, 0.986456, 0.000123588, -31.2303, 0.00658656, 0.301144, 1.54944
98, 0.986472, 0.000122515, -31.2327, 0.00652295, 0.295355, 1.53486
99, 0.986871, 0.000119321, -31.2531, 0.00633657, 0.278718, 1.49205
100, 0.986481, 0.000122402, -31.2298, 0.00656463, 0.299142, 1.54451

1.72222
1, 0.967296, 0.000229038, -30.2243, 0.0103427, 0.646734, 2.0502
2, 0.967254, 0.000227702, -30.2178, 0.0103035, 0.64184, 2.04162
3, 0.967432, 0.000223512, -30.231, 0.0102171, 0.631129, 2.02666
4, 0.967452, 0.000226312, -30.2268, 0.0103037, 0.641872, 2.0433
5, 0.967718, 0.0002206, -30.2399, 0.0101611, 0.624223, 2.01607
6, 0.967847, 0.000223762, -30.2451, 0.0102576, 0.636139, 2.03468
7, 0.967727, 0.000219982, -30.2408, 0.0100637, 0.612308, 1.9962
8, 0.967504, 0.000223976, -30.2273, 0.0100955, 0.616192, 2.0013
9, 0.967362, 0.000219974, -30.221, 0.010115, 0.618567, 2.00546
10, 0.967727, 0.000217107, -30.2389, 0.0100081, 0.605561, 1.98549
11, 0.967707, 0.000223521, -30.2392, 0.0100963, 0.616283, 2.00256
12, 0.967749, 0.000223441, -30.2425, 0.0101692, 0.62522, 2.01766
13, 0.966972, 0.000236086, -30.2184, 0.0103007, 0.641495, 2.04184
14, 0.967654, 0.000214405, -30.2332, 0.00996505, 0.600369, 1.97666
15, 0.967726, 0.00021857, -30.2399, 0.0099259, 0.59566, 1.96932
16, 0.967085, 0.000226761, -30.2161, 0.0102094, 0.630166, 2.02384
17, 0.967494, 0.000223138, -30.2278, 0.0102142, 0.630769, 2.02495
18, 0.967236, 0.000222494, -30.219, 0.0100701, 0.613097, 1.99673
19, 0.96751, 0.000225195, -30.2296, 0.0103213, 0.644061, 2.0467
20, 0.968228, 0.000218424, -30.26, 0.0100445, 0.609985, 1.99389
21, 0.967544, 0.000216754, -30.2262, 0.0100012, 0.604728, 1.98316
22, 0.966974, 0.00022972, -30.2096, 0.0102936, 0.640605, 2.04026
23, 0.967297, 0.000220492, -30.2155, 0.0101604, 0.624132, 2.01428
24, 0.967716, 0.000224948, -30.2407, 0.0101239, 0.619656, 2.00799
25, 0.967271, 0.000226508, -30.2265, 0.0102139, 0.630721, 2.02521
26, 0.967729, 0.000217933, -30.2365, 0.0100141, 0.606292, 1.98603
27, 0.967799, 0.00022035, -30.24, 0.0101145, 0.618515, 2.00674
28, 0.967481, 0.00023078, -30.2368, 0.0102704, 0.637727, 2.03708
29, 0.967231, 0.000223103, -30.2193, 0.0101669, 0.624931, 2.01576
30, 0.96726, 0.000223011, -30.2181, 0.0101067, 0.617555, 2.00323
31, 0.967757, 0.000213196, -30.2331, 0.0100132, 0.60619, 1.98593
32, 0.967111, 0.000227734, -30.2114, 0.0102031, 0.62939, 2.02225
33, 0.967451, 0.000225088, -30.2294, 0.0102488, 0.63505, 2.03235
34, 0.967756, 0.000222892, -30.233, 0.0102647, 0.637019, 2.03554
35, 0.967856, 0.000223043, -30.2423, 0.0103231, 0.644291, 2.04796
36, 0.967362, 0.000223525, -30.2202, 0.0102655, 0.637117, 2.03556
37, 0.967689, 0.00021613, -30.2344, 0.00997763, 0.601885, 1.97867
38, 0.967481, 0.000222484, -30.2315, 0.0101437, 0.622091, 2.01166
39, 0.967753, 0.000221779, -30.2388, 0.0101308, 0.620502, 2.0099
40, 0.967681, 0.00022263, -30.2357, 0.0101984, 0.628813, 2.02312
41, 0.96702, 0.000227923, -30.2125, 0.0102321, 0.632978, 2.02815
42, 0.967077, 0.000226325, -30.21, 0.0103398, 0.646377, 2.04913
43, 0.967317, 0.00021962, -30.2183, 0.0100648, 0.612451, 1.99551
44, 0.967484, 0.000219567, -30.2276, 0.0101067, 0.617554, 2.00427
45, 0.967185, 0.000220883, -30.2159, 0.0102012, 0.629163, 2.02221
46, 0.96735, 0.000219076, -30.2228, 0.0100982, 0.616517, 2.0025
47, 0.967184, 0.000224455, -30.2174, 0.0102021, 0.629275, 2.02238
48, 0.967934, 0.000214923, -30.2426, 0.0100404, 0.609486, 1.99227
49, 0.967686, 0.000217864, -30.2358, 0.0100116, 0.605991, 1.98581
50, 0.967226, 0.000221341, -30.2152, 0.0102041, 0.629516, 2.02273
51, 0.967559, 0.000225099, -30.2306, 0.0103389, 0.646259, 2.05023
52, 0.967932, 0.000219303, -30.2526, 0.0100534, 0.611067, 1.99514
53, 0.967337, 0.000222362, -30.2225, 0.0101098, 0.617935, 2.00498
54, 0.967845, 0.000211659, -30.2408, 0.00990455, 0.593101, 1.96499
55, 0.967577, 0.000222142, -30.2346, 0.0101374, 0.621315, 2.01076
56, 0.967294, 0.000220539, -30.2165, 0.0101901, 0.627793, 2.0201
57, 0.967542, 0.00022558, -30.2329, 0.0101934, 0.628194, 2.02181
58, 0.967494, 0.000220996, -30.2289, 0.0101566, 0.623675, 2.01417
59, 0.96764, 0.000219537, -30.2361, 0.0100815, 0.614476, 2.00014
60, 0.967681, 0.000224346, -30.2384, 0.0101484, 0.622667, 2.01278
61, 0.967446, 0.00022853, -30.2258, 0.0103328, 0.645503, 2.04846
62, 0.967855, 0.000220622, -30.2417, 0.0101222, 0.619455, 2.00833
63, 0.96747, 0.000225686, -30.2293, 0.0103452, 0.647053, 2.05153
64, 0.966896, 0.000225603, -30.2043, 0.0102778, 0.638648, 2.03677
65, 0.967666, 0.000219644, -30.2385, 0.0100524, 0.610943, 1.99442
66, 0.967756, 0.000226418, -30.2412, 0.0101611, 0.624228, 2.01578
67, 0.967632, 0.000224558, -30.2335, 0.0103162, 0.643423, 2.04547
68, 0.967871, 0.000218217, -30.2482, 0.00987508, 0.589576, 1.95975
69, 0.967641, 0.000221973, -30.2354, 0.0101195, 0.619125, 2.00688
70, 0.96799, 0.000223457, -30.255, 0.0101449, 0.622235, 2.01359
71, 0.967537, 0.000225598, -30.2349, 0.0103439, 0.646882, 2.05063
72, 0.966826, 0.000228226, -30.2053, 0.0101226, 0.619501, 2.00587
73, 0.967215, 0.000224293, -30.2192, 0.0101549, 0.623458, 2.01295
74, 0.967903, 0.000222733, -30.2439, 0.0103994, 0.653841, 2.0628
75, 0.967657, 0.000219763, -30.2374, 0.0100209, 0.607113, 1.98825
76, 0.967697, 0.000216473, -30.2336, 0.0100797, 0.614259, 1.99917
77, 0.967441, 0.000230008, -30.2299, 0.0100627, 0.612192, 1.9953
78, 0.967648, 0.000226478, -30.2375, 0.0103435, 0.64684, 2.05141
79, 0.967704, 0.000218668, -30.2367, 0.010132, 0.620656, 2.00992
80, 0.967326, 0.000220256, -30.2217, 0.0101147, 0.61854, 2.0051
81, 0.967682, 0.000223536, -30.2413, 0.0100828, 0.614646, 2.0004
82, 0.967161, 0.000235372, -30.2202, 0.0103293, 0.645057, 2.04726
83, 0.967407, 0.000218129, -30.2204, 0.0100122, 0.606065, 1.98524
84, 0.966922, 0.000224287, -30.2062, 0.0100679, 0.612825, 1.99538
85, 0.967593, 0.000230008, -30.2387, 0.0101852, 0.62719, 2.02038
86, 0.967884, 0.000217105, -30.2458, 0.0100315, 0.608401, 1.99068
87, 0.96728, 0.000226773, -30.2236, 0.0101204, 0.619236, 2.0062
88, 0.967627, 0.000225715, -30.2394, 0.0101109, 0.61807, 2.00619
89, 0.967654, 0.000220453, -30.2364, 0.0101368, 0.621248, 2.01072
90, 0.967707, 0.000215066, -30.2404, 0.00984374, 0.58584, 1.95331
91, 0.967684, 0.000219362, -30.2335, 0.0101519, 0.623089, 2.01337
92, 0.967023, 0.000226937, -30.2104, 0.0102867, 0.639751, 2.03893
93, 0.967752, 0.000219115, -30.2422, 0.010103, 0.617103, 2.00457
94, 0.967621, 0.000220224, -30.2337, 0.0101633, 0.62449, 2.01624
95, 0.967142, 0.00023096, -30.2181, 0.0102362, 0.633481, 2.02923
96, 0.967652, 0.000224633, -30.2344, 0.0101608, 0.624183, 2.01506
97, 0.967533, 0.000221127, -30.2292, 0.0101747, 0.62589, 2.01762
98, 0.967389, 0.000222502, -30.2259, 0.0101099, 0.617952, 2.00428
99, 0.967557, 0.000217919, -30.229, 0.010145, 0.622242, 2.01204
100, 0.967449, 0.000228619, -30.2315, 0.0102965, 0.640972, 2.04189

1.94444
1, 0.927516, 0.00042684, -28.5092, 0.0150184, 1.20782, 2.4875
2, 0.928132, 0.000435616, -28.5243, 0.015295, 1.25272, 2.53449
3, 0.928536, 0.000424698, -28.5465, 0.014928, 1.19331, 2.47597
4, 0.927653, 0.00048877, -28.5318, 0.0151756, 1.23323, 2.5144
5, 0.928686, 0.000413062, -28.5274, 0.0151825, 1.23435, 2.5161
6, 0.926479, 0.000440732, -28.4837, 0.0150666, 1.21557, 2.49246
7, 0.929258, 0.00042631, -28.5577, 0.015174, 1.23297, 2.51644
8, 0.928771, 0.000412994, -28.541, 0.0149379, 1.1949, 2.47672
9, 0.927943, 0.000435998, -28.5332, 0.0148145, 1.17524, 2.45608
10, 0.928696, 0.000409768, -28.5411, 0.0147444, 1.16414, 2.44574
11, 0.928712, 0.000424359, -28.5413, 0.0151375, 1.22705, 2.50853
12, 0.927779, 0.000445469, -28.5244, 0.0152065, 1.23826, 2.51901
13, 0.926548, 0.000442046, -28.4833, 0.0151728, 1.23278, 2.51075
14, 0.927171, 0.000427316, -28.4943, 0.0152096, 1.23876, 2.51734
15, 0.928467, 0.000413673, -28.5301, 0.0147981, 1.17264, 2.45305
16, 0.928042, 0.000422003, -28.5208, 0.014906, 1.1898, 2.4698
17, 0.92689, 0.000461911, -28.504, 0.015103, 1.22146, 2.49984
18, 0.928638, 0.000404232, -28.5398, 0.0147228, 1.16074, 2.44114
19, 0.927064, 0.000451189, -28.5105, 0.0152462, 1.24473, 2.5249
20, 0.927433, 0.000449304, -28.5221, 0.0149086, 1.19021, 2.47024
21, 0.928751, 0.0004104, -28.5463, 0.0148706, 1.18416, 2.46622
22, 0.927445, 0.000435763, -28.504, 0.015182, 1.23427, 2.51362
23, 0.92762, 0.000437038, -28.522, 0.0152058, 1.23815, 2.519
24, 0.926932, 0.000487395, -28.5164, 0.0153889, 1.26815, 2.54799
25, 0.926834, 0.00044456, -28.493, 0.0152088, 1.23863, 2.51726
26, 0.926627, 0.000450275, -28.4934, 0.0151984, 1.23693, 2.51606
27, 0.927655, 0.000411315, -28.4978, 0.0149861, 1.20262, 2.48163
28, 0.927745, 0.000432898, -28.5166, 0.0150897, 1.2193, 2.49947
29, 0.927659, 0.000425972, -28.504, 0.0151718, 1.23261, 2.51172
30, 0.927902, 0.000422051, -28.5093, 0.015198, 1.23687, 2.51699
31, 0.927688, 0.000439194, -28.5199, 0.0151165, 1.22364, 2.50374
32, 0.926944, 0.000441499, -28.4832, 0.0151318, 1.22612, 2.50366
33, 0.928128, 0.00046035, -28.5345, 0.0152038, 1.23782, 2.52011
34, 0.928245, 0.000395201, -28.5225, 0.0144277, 1.11467, 2.39114
35, 0.928133, 0.000416343, -28.529, 0.014848, 1.18056, 2.46097
36, 0.926837, 0.000445299, -28.4819, 0.0154692, 1.28141, 2.55883
37, 0.926051, 0.000453562, -28.4832, 0.0150227, 1.2085, 2.48658
38, 0.927539, 0.000424907, -28.5021, 0.0148594, 1.18237, 2.46045
39, 0.927418, 0.000436704, -28.5095, 0.0154113, 1.27184, 2.55237
40, 0.927311, 0.000447336, -28.5123, 0.0149787, 1.20144, 2.48101
41, 0.927549, 0.000421488, -28.5068, 0.0149492, 1.19671, 2.47617
42, 0.928482, 0.000422674, -28.5424, 0.0150575, 1.2141, 2.49563
43, 0.925608, 0.000493747, -28.4715, 0.0153597, 1.26333, 2.53866
44, 0.927607, 0.000423192, -28.4923, 0.0152906, 1.25199, 2.53064
45, 0.923753, 0.000547163, -28.4503, 0.0157012, 1.32014, 2.59328
46, 0.929039, 0.000405338, -28.5398, 0.0148339, 1.17831, 2.45909
47, 0.928133, 0.000416872, -28.5195, 0.014966, 1.1994, 2.48
48, 0.927901, 0.000433344, -28.5172, 0.0152919, 1.25221, 2.53341
49, 0.927113, 0.000433782, -28.496, 0.0152458, 1.24467, 2.52454
50, 0.927184, 0.000434829, -28.489, 0.0154859, 1.28418, 2.56224
51, 0.927847, 0.000425654, -28.513, 0.0149831, 1.20214, 2.48248
52, 0.928733, 0.000427791, -28.5517, 0.0148966, 1.1883, 2.47008
53, 0.92755, 0.000451455, -28.5199, 0.0155045, 1.28727, 2.5681
54, 0.927974, 0.000415159, -28.515, 0.0149274, 1.19323, 2.47237
55, 0.927266, 0.000439062, -28.4931, 0.015417, 1.27277, 2.55095
56, 0.928105, 0.000440037, -28.5246, 0.0153445, 1.26083, 2.54078
57, 0.927964, 0.000443999, -28.5252, 0.0149892, 1.20312, 2.48367
58, 0.927538, 0.000460344, -28.5139, 0.0153045, 1.25426, 2.53424
59, 0.92795, 0.000433536, -28.5251, 0.0151177, 1.22383, 2.50376
60, 0.928404, 0.000407349, -28.5228, 0.0148425, 1.17968, 2.45994
61, 0.927835, 0.00042115, -28.5118, 0.0151129, 1.22306, 2.50312
62, 0.9281, 0.000406284, -28.5128, 0.0146478, 1.14894, 2.42717
63, 0.925638, 0.000466395, -28.4682, 0.0152596, 1.24692, 2.52343
64, 0.92754, 0.000466093, -28.5293, 0.0154763, 1.28259, 2.56376
65, 0.9266, 0.000454816, -28.4967, 0.0150393, 1.21118, 2.48908
66, 0.927259, 0.000432783, -28.5015, 0.0151627, 1.23114, 2.50948
67, 0.927229, 0.00045177, -28.5114, 0.0152506, 1.24544, 2.52559
68, 0.927954, 0.000442954, -28.5314, 0.0149888, 1.20305, 2.48474
69, 0.928226, 0.000435088, -28.5379, 0.0149797, 1.20159, 2.48326
70, 0.92682, 0.000443105, -28.4993, 0.0150996, 1.22091, 2.49953
71, 0.927513, 0.000476245, -28.5271, 0.0153738, 1.26566, 2.54659
72, 0.928864, 0.000405279, -28.5431, 0.0147537, 1.16561, 2.44585
73, 0.927305, 0.000440846, -28.4987, 0.0149518, 1.19712, 2.476
74, 0.926088, 0.000466573, -28.4713, 0.0153936, 1.26892, 2.544
75, 0.927948, 0.000427131, -28.5148, 0.0151441, 1.22811, 2.50807
76, 0.928578, 0.000418536, -28.5244, 0.0151445, 1.22818, 2.50909
77, 0.926802, 0.000441576, -28.4937, 0.0152894, 1.2518, 2.52942
78, 0.927438, 0.000425327, -28.5012, 0.0150705, 1.21621, 2.4953
79, 0.927756, 0.000420603, -28.5205, 0.0149422, 1.19559, 2.47544
80, 0.928878, 0.000409393, -28.5417, 0.0149399, 1.19523, 2.47742
81, 0.928132, 0.00042394, -28.5293, 0.015023, 1.20856, 2.49062
82, 0.928594, 0.000412579, -28.5266, 0.0149704, 1.2001, 2.48113
83, 0.927316, 0.000443099, -28.5017, 0.0152515, 1.2456, 2.52447
84, 0.925499, 0.000457354, -28.4518, 0.0154156, 1.27254, 2.54741
85, 0.926628, 0.00046281, -28.5017, 0.0153854, 1.26757, 2.54705
86, 0.928449, 0.000419367, -28.5304, 0.0151871, 1.2351, 2.51685
87, 0.926386, 0.000453657, -28.49, 0.0152175, 1.24006, 2.51851
88, 0.928266, 0.000422587, -28.5292, 0.0150793, 1.21763, 2.49871
89, 0.925951, 0.000481433, -28.4786, 0.0152936, 1.25248, 2.5289
90, 0.926341, 0.000439159, -28.4758, 0.0151198, 1.22417, 2.50019
91, 0.926757, 0.000453605, -28.5009, 0.0153939, 1.26896, 2.54825
92, 0.928125, 0.000424904, -28.53, 0.0149291, 1.19349, 2.47339
93, 0.927728, 0.000415438, -28.507, 0.014982, 1.20196, 2.48104
94, 0.929079, 0.000406151, -28.5443, 0.0147676, 1.16781, 2.44916
95, 0.927374, 0.000423213, -28.5091, 0.0148974, 1.18843, 2.46843
96, 0.928629, 0.00041875, -28.5311, 0.0149941, 1.20391, 2.48418
97, 0.927407, 0.000454703, -28.5144, 0.0151695, 1.23223, 2.51135
98, 0.928345, 0.000416431, -28.5295, 0.0150278, 1.20932, 2.4921
99, 0.926971, 0.000439566, -28.4889, 0.0151157, 1.22351, 2.50123
100, 0.926871, 0.000454098, -28.4951, 0.0153139, 1.2558, 2.53409

2.16667
1, 0.82185, 0.00136021, -25.4318, 0.0239129, 2.74802, 3.16116
2, 0.785113, 0.00311371, -25.2377, 0.0268594, 3.46696, 3.51341
3, 0.82333, 0.00135096, -25.4642, 0.0228499, 2.50914, 3.03109
4, 0.825845, 0.0013077, -25.5011, 0.0226016, 2.4549, 2.99966
5, 0.82466, 0.0011471, -25.4377, 0.0228623, 2.51187, 3.02963
6, 0.820659, 0.00129116, -25.3938, 0.0239087, 2.74705, 3.16325
7, 0.823521, 0.00112283, -25.4205, 0.0225998, 2.45452, 2.99533
8, 0.826507, 0.00117104, -25.485, 0.0229916, 2.54036, 3.0519
9, 0.825526, 0.00112703, -25.4502, 0.0220031, 2.3266, 2.9175
10, 0.821344, 0.0017319, -25.4583, 0.0232948, 2.60781, 3.0839
11, 0.82685, 0.00116214, -25.4805, 0.022966, 2.53471, 3.05059
12, 0.824975, 0.00110321, -25.4585, 0.0223062, 2.39116, 2.96157
13, 0.820688, 0.00141435, -25.425, 0.0237676, 2.71472, 3.14478
14, 0.823581, 0.00137735, -25.4611, 0.0236723, 2.693, 3.13929
15, 0.815433, 0.00155509, -25.3862, 0.0237565, 2.71219, 3.13989
16, 0.822122, 0.0013971, -25.4498, 0.0232618, 2.60042, 3.08141
17, 0.815332, 0.00174445, -25.4283, 0.0236063, 2.67801, 3.12143
18, 0.816972, 0.00147048, -25.3791, 0.02419, 2.81209, 3.19385
19, 0.81873, 0.00175822, -25.4327, 0.0236297, 2.68332, 3.12177
20, 0.82682, 0.00121818, -25.4792, 0.0232248, 2.59216, 3.08181
21, 0.823774, 0.00119995, -25.4581, 0.0231641, 2.57861, 3.06911
22, 0.824112, 0.00122691, -25.4551, 0.0229566, 2.53262, 3.04086
23, 0.828242, 0.00111575, -25.492, 0.022304, 2.39067, 2.96199
24, 0.820671, 0.0012488, -25.3846, 0.023418, 2.63544, 3.09678
25, 0.829628, 0.00106886, -25.4835, 0.0225516, 2.44406, 2.99475
26, 0.83006, 0.00115321, -25.542, 0.0226439, 2.4641, 3.01164
27, 0.816584, 0.00143383, -25.3759, 0.0231935, 2.58517, 3.06367
28, 0.821602, 0.00128558, -25.4314, 0.0231292, 2.57085, 3.06392
29, 0.804951, 0.00211167, -25.2797, 0.025087, 3.02449, 3.29747
30, 0.816444, 0.00143985, -25.3582, 0.0243458, 2.84842, 3.20926
31, 0.829171, 0.0010564, -25.4909, 0.0222659, 2.38252, 2.9606
32, 0.821839, 0.00139927, -25.4236, 0.0231664, 2.57913, 3.06556
33, 0.823165, 0.00132781, -25.4455, 0.0238666, 2.7374, 3.15936
34, 0.818531, 0.00128729, -25.3864, 0.022152, 2.3582, 2.9289
35, 0.835767, 0.000982454, -25.6119, 0.021848, 2.29393, 2.91433
36, 0.828049, 0.00118027, -25.489, 0.0233286, 2.61537, 3.0975
37, 0.8228, 0.00129344, -25.4465, 0.0233304, 2.61577, 3.09057
38, 0.82562, 0.00118524, -25.462, 0.0234873, 2.65107, 3.11537
39, 0.83215, 0.00107535, -25.5273, 0.0228933, 2.51868, 3.04519
40, 0.825854, 0.00113219, -25.4521, 0.0227495, 2.48714, 3.01515
41, 0.830812, 0.00103368, -25.5154, 0.0221232, 2.35208, 2.94195
42, 0.819347, 0.00139842, -25.401, 0.0235312, 2.661, 3.10932
43, 0.829355, 0.00108418, -25.5223, 0.0224046, 2.41229, 2.97956
44, 0.814266, 0.00149652, -25.3228, 0.0238855, 2.74174, 3.14789
45, 0.816582, 0.00144708, -25.3845, 0.0237649, 2.71411, 3.13925
46, 0.83537, 0.000953542, -25.569, 0.0215076, 2.223, 2.86867
47, 0.817645, 0.00165594, -25.4339, 0.0237395, 2.70831, 3.1408
48, 0.819206, 0.00121766, -25.3757, 0.0231065, 2.56581, 3.05522
49, 0.830699, 0.00103931, -25.5251, 0.0219732, 2.32029, 2.92326
50, 0.817796, 0.00136157, -25.3708, 0.0234204, 2.63599, 3.09524
51, 0.814924, 0.00142858, -25.3661, 0.0227278, 2.4824, 3.00433
52, 0.824236, 0.00125216, -25.4415, 0.0232702, 2.60228, 3.08368
53, 0.822071, 0.00117988, -25.3994, 0.0226343, 2.46202, 2.99572
54, 0.829223, 0.00113574, -25.5564, 0.0219555, 2.31654, 2.925
55, 0.824665, 0.00114597, -25.4388, 0.0228522, 2.50964, 3.02855
56, 0.818733, 0.00131042, -25.4012, 0.0235341, 2.66165, 3.11606
57, 0.817268, 0.00141971, -25.3613, 0.0246229, 2.91363, 3.25053
58, 0.832109, 0.00104027, -25.5255, 0.0220826, 2.34346, 2.93766
59, 0.799385, 0.00172134, -25.1611, 0.02539, 3.09801, 3.32689
60, 0.827443, 0.00130396, -25.539, 0.0231077, 2.56607, 3.07066
61, 0.822439, 0.00131222, -25.4156, 0.0235305, 2.66084, 3.11121
62, 0.814549, 0.00135843, -25.298, 0.023698, 2.69885, 3.1236
63, 0.828205, 0.00115204, -25.502, 0.0234229, 2.63656, 3.1096
64, 0.833033, 0.00110686, -25.5815, 0.0225887, 2.45211, 3.00925
65, 0.824105, 0.0014721, -25.4709, 0.0234934, 2.65245, 3.11487
66, 0.813294, 0.00176165, -25.3458, 0.0244511, 2.87312, 3.22233
67, 0.819527, 0.0013515, -25.3848, 0.0231955, 2.58562, 3.06717
68, 0.816206, 0.00126292, -25.3191, 0.0228998, 2.52011, 3.02103
69, 0.827468, 0.00110796, -25.468, 0.0229224, 2.52509, 3.04086
70, 0.831277, 0.00100876, -25.5091, 0.0218177, 2.28756, 2.90172
71, 0.81379, 0.00198387, -25.3808, 0.0242576, 2.82781, 3.19625
72, 0.824326, 0.00121503, -25.4512, 0.0221065, 2.34853, 2.92946
73, 0.823977, 0.00118894, -25.4298, 0.0226575, 2.46706, 3.00475
74, 0.813187, 0.0017017, -25.3682, 0.0239274, 2.75135, 3.15464
75, 0.820087, 0.00127774, -25.3793, 0.0235324, 2.66127, 3.11246
76, 0.829697, 0.00134018, -25.5805, 0.0229113, 2.52265, 3.05119
77, 0.819904, 0.00128592, -25.4047, 0.0231889, 2.58414, 3.06758
78, 0.829607, 0.00108926, -25.512, 0.0226259, 2.46018, 3.00624
79, 0.818661, 0.00131364, -25.3683, 0.0231399, 2.57323, 3.05613
80, 0.821991, 0.00126955, -25.4023, 0.0223135, 2.39272, 2.95399
81, 0.818869, 0.00121127, -25.3494, 0.0229377, 2.52845, 3.03043
82, 0.827771, 0.00112635, -25.5033, 0.0230155, 2.54565, 3.05782
83, 0.817167, 0.00143705, -25.3814, 0.0242649, 2.82952, 3.20485
84, 0.821508, 0.00132786, -25.4074, 0.0238245, 2.72774, 3.15221
85, 0.819746, 0.00153004, -25.4303, 0.0240624, 2.7825, 3.18418
86, 0.827063, 0.00121801, -25.4981, 0.0227797, 2.49374, 3.02728
87, 0.824072, 0.00138021, -25.4858, 0.0234692, 2.64699, 3.10974
88, 0.824443, 0.00110802, -25.4098, 0.0230355, 2.55007, 3.0492
89, 0.828679, 0.00110317, -25.4947, 0.0226552, 2.46657, 3.00848
90, 0.825041, 0.00111436, -25.4104, 0.0225577, 2.44537, 2.98733
91, 0.821899, 0.00119579, -25.4118, 0.0225684, 2.44769, 2.99031
92, 0.829154, 0.00125548, -25.5332, 0.0235167, 2.65771, 3.1236
93, 0.8215, 0.00131872, -25.3856, 0.0239119, 2.74779, 3.1586
94, 0.828064, 0.00110126, -25.4699, 0.0224361, 2.41909, 2.97616
95, 0.822292, 0.0011989, -25.408, 0.0230758, 2.55898, 3.05113
96, 0.817734, 0.00145202, -25.3786, 0.0238799, 2.74044, 3.15389
97, 0.81715, 0.00141636, -25.3937, 0.0231907, 2.58454, 3.06127
98, 0.813693, 0.00183165, -25.3742, 0.0247261, 2.93809, 3.25483
99, 0.818064, 0.00136695, -25.3797, 0.0240407, 2.77747, 3.17568
100, 0.823946, 0.00130746, -25.4639, 0.0238189, 2.72646, 3.15879

2.38889
1, 0.336086, 0.00350761, -19.5952, 0.025333, 2.7972, 2.364
2, 0.331576, 0.00404307, -19.6786, 0.0282302, 3.4736, 2.64848
3, 0.307057, 0.0039165, -19.5434, 0.0269073, 3.15568, 2.5019
4, 0.334803, 0.00386339, -19.5857, 0.0268054, 3.13183, 2.49481
5, 0.380304, 0.00408268, -19.9337, 0.0278035, 3.36938, 2.63451
6, 0.319434, 0.00375875, -19.562, 0.0265606, 3.07487, 2.47345
7, 0.320949, 0.00388986, -19.5675, 0.0265064, 3.06234, 2.46661
8, 0.301482, 0.0037848, -19.466, 0.0263271, 3.02106, 2.44468
9, 0.340879, 0.00400717, -19.6629, 0.0281336, 3.44988, 2.63998
10, 0.326592, 0.00399843, -19.6738, 0.0269751, 3.1716, 2.52895
11, 0.343938, 0.00377572, -19.633, 0.0272159, 3.22848, 2.54499
12, 0.332392, 0.00394576, -19.5865, 0.0280545, 3.4305, 2.61194
13, 0.358907, 0.00384247, -19.7263, 0.0270252, 3.18338, 2.53317
14, 0.367876, 0.00396878, -19.7063, 0.0287597, 3.60513, 2.69372
15, 0.309358, 0.00393512, -19.6203, 0.0270119, 3.18025, 2.51946
16, 0.357005, 0.0038117, -19.6574, 0.0283351, 3.49946, 2.65171
17, 0.305657, 0.00391034, -19.4985, 0.0267857, 3.12721, 2.48829
18, 0.395964, 0.00392472, -19.9551, 0.0268608, 3.14478, 2.54623
19, 0.362746, 0.00389027, -19.7978, 0.0270394, 3.18674, 2.54413
20, 0.329666, 0.00400227, -19.6229, 0.0266231, 3.08937, 2.48887
21, 0.314605, 0.00389799, -19.5478, 0.0264133, 3.04088, 2.45604
22, 0.332089, 0.00410815, -19.6783, 0.027363, 3.26347, 2.56262
23, 0.382015, 0.0039212, -19.7748, 0.028961, 3.65577, 2.72899
24, 0.374941, 0.00390976, -19.7586, 0.0272835, 3.24453, 2.56416
25, 0.362815, 0.00409438, -19.7242, 0.0282097, 3.46857, 2.65085
26, 0.316362, 0.00393678, -19.516, 0.026557, 3.07404, 2.46544
27, 0.308238, 0.00361011, -19.513, 0.0255454, 2.84432, 2.36726
28, 0.286171, 0.00365906, -19.4082, 0.0261009, 2.96937, 2.40705
29, 0.303669, 0.00380219, -19.4942, 0.027646, 3.33132, 2.56971
30, 0.32506, 0.00379999, -19.5987, 0.0268605, 3.1447, 2.50995
31, 0.323506, 0.00392077, -19.6047, 0.0271133, 3.20417, 2.53342
32, 0.334027, 0.00377612, -19.6095, 0.0264968, 3.06013, 2.47048
33, 0.354272, 0.00384431, -19.7458, 0.0270723, 3.19449, 2.54149
34, 0.335318, 0.00382469, -19.6085, 0.0281736, 3.45968, 2.62654
35, 0.363002, 0.00387021, -19.7631, 0.0282843, 3.48691, 2.66428
36, 0.307195, 0.00379245, -19.5854, 0.0259079, 2.9256, 2.413
37, 0.365772, 0.00414349, -19.8181, 0.0281629, 3.45707, 2.65516
38, 0.278594, 0.0036973, -19.4049, 0.0259545, 2.93615, 2.40349
39, 0.313597, 0.0039852, -19.6231, 0.028014, 3.4206, 2.62468
40, 0.317108, 0.00368999, -19.556, 0.0251326, 2.75314, 2.33754
41, 0.314312, 0.00402463, -19.6188, 0.0278977, 3.39225, 2.61353
42, 0.352757, 0.00390551, -19.6471, 0.0276918, 3.34236, 2.59479
43, 0.331333, 0.0039671, -19.6981, 0.0272805, 3.24382, 2.55535
44, 0.308452, 0.00390089, -19.541, 0.0271782, 3.21953, 2.5288
45, 0.348649, 0.00426489, -19.7814, 0.0275661, 3.3121, 2.5904
46, 0.310619, 0.0038523, -19.4908, 0.0270092, 3.17962, 2.50605
47, 0.347246, 0.00385281, -19.7299, 0.0266822, 3.10308, 2.50349
48, 0.295674, 0.0036667, -19.4573, 0.0262981, 3.0144, 2.43007
49, 0.352451, 0.00356724, -19.6842, 0.0263669, 3.03019, 2.4675
50, 0.317342, 0.00385346, -19.6563, 0.0261148, 2.97253, 2.4434
51, 0.323922, 0.00391001, -19.554, 0.0276164, 3.32419, 2.5717
52, 0.3612, 0.00400293, -19.7518, 0.0280234, 3.4229, 2.63283
53, 0.339666, 0.00398657, -19.698, 0.0270369, 3.18615, 2.53636
54, 0.309469, 0.00392832, -19.5244, 0.0267652, 3.12243, 2.49281
55, 0.345116, 0.00392607, -19.673, 0.0271714, 3.21793, 2.54669
56, 0.342996, 0.00414273, -19.6762, 0.0286057, 3.56663, 2.68398
57, 0.332552, 0.00398083, -19.6511, 0.0280532, 3.43019, 2.62776
58, 0.318808, 0.00406497, -19.5942, 0.0271891, 3.22212, 2.53659
59, 0.334186, 0.00368891, -19.6001, 0.026719, 3.11166, 2.48823
60, 0.320143, 0.00385342, -19.5989, 0.0268184, 3.13485, 2.50106
61, 0.327902, 0.00369772, -19.5884, 0.0260719, 2.96277, 2.43395
62, 0.296996, 0.00392141, -19.4931, 0.0278029, 3.36924, 2.58511
63, 0.374702, 0.00402535, -19.7966, 0.0279583, 3.40702, 2.63033
64, 0.332071, 0.00371303, -19.6099, 0.0268538, 3.14313, 2.50842
65, 0.342999, 0.00386621, -19.6856, 0.0273773, 3.26688, 2.56057
66, 0.31712, 0.00385526, -19.5785, 0.0258467, 2.91181, 2.40497
67, 0.307737, 0.00391033, -19.5784, 0.0268721, 3.14743, 2.50608
68, 0.337599, 0.00388706, -19.6477, 0.0275726, 3.31366, 2.58257
69, 0.316478, 0.00391593, -19.572, 0.0266009, 3.08421, 2.47322
70, 0.356759, 0.00388365, -19.6978, 0.0269948, 3.17624, 2.52803
71, 0.302459, 0.00374732, -19.5321, 0.0269049, 3.15511, 2.50111
72, 0.307876, 0.00376771, -19.5699, 0.0258773, 2.91869, 2.40548
73, 0.312205, 0.00398304, -19.5382, 0.0272667, 3.24053, 2.53956
74, 0.293616, 0.00384505, -19.4658, 0.0260526, 2.95839, 2.41297
75, 0.339082, 0.00391226, -19.5859, 0.0278204, 3.37348, 2.59021
76, 0.2836, 0.00372037, -19.441, 0.0253304, 2.79664, 2.34523
77, 0.289269, 0.00366421, -19.5291, 0.0256612, 2.87017, 2.38809
78, 0.308803, 0.00366271, -19.4562, 0.0255864, 2.85344, 2.36788
79, 0.366608, 0.00397136, -19.7511, 0.0273317, 3.25601, 2.56739
80, 0.342072, 0.00394305, -19.6679, 0.0273116, 3.25122, 2.56194
81, 0.375905, 0.00399272, -19.7695, 0.0278142, 3.37197, 2.61803
82, 0.315408, 0.00426959, -19.6409, 0.0276577, 3.33414, 2.58605
83, 0.363002, 0.00400933, -19.7308, 0.0279897, 3.41467, 2.63042
84, 0.331492, 0.00372638, -19.6615, 0.026765, 3.12239, 2.50609
85, 0.314784, 0.00361931, -19.5346, 0.0260571, 2.95941, 2.42685
86, 0.311081, 0.00397946, -19.5757, 0.0279456, 3.40392, 2.60594
87, 0.331219, 0.00400569, -19.6579, 0.0278963, 3.39191, 2.6149
88, 0.319275, 0.00391164, -19.5708, 0.0270321, 3.18501, 2.52017
89, 0.335995, 0.00396767, -19.6576, 0.0275973, 3.31959, 2.58601
90, 0.330295, 0.0037064, -19.5611, 0.0262342, 2.99976, 2.43816
91, 0.374695, 0.00415797, -19.7759, 0.0288267, 3.62195, 2.71481
92, 0.373485, 0.00393963, -19.7562, 0.0277399, 3.35398, 2.60741
93, 0.320691, 0.00388505, -19.5777, 0.0276339, 3.32841, 2.57638
94, 0.307036, 0.00384626, -19.5381, 0.0264581, 3.0512, 2.45584
95, 0.352787, 0.00363718, -19.7033, 0.0269716, 3.17078, 2.52853
96, 0.33949, 0.0038791, -19.655, 0.027225, 3.23064, 2.54762
97, 0.34416, 0.00372642, -19.6094, 0.0277755, 3.3626, 2.59241
98, 0.314127, 0.00374858, -19.5298, 0.0257772, 2.89617, 2.39258
99, 0.309933, 0.00397443, -19.5346, 0.02744, 3.28186, 2.55847
100, 0.317276, 0.00376586, -19.5521, 0.0270864, 3.19782, 2.5239

2.61111
1, 0.138839, 0.00203623, -16.3429, 0.0208981, 1.74154, 1.48219
2, 0.159609, 0.00227942, -16.3694, 0.021679, 1.87414, 1.54164
3, 0.138782, 0.00195921, -16.2753, 0.0206659, 1.70306, 1.4594
4, 0.152827, 0.00211317, -16.3116, 0.0211323, 1.78081, 1.49721
5, 0.151245, 0.00215399, -16.3634, 0.02156, 1.85361, 1.53339
6, 0.139008, 0.00203248, -16.2666, 0.0212069, 1.7934, 1.49686
7, 0.149405, 0.0022316, -16.3118, 0.0215153, 1.84594, 1.5243
8, 0.131759, 0.00192023, -16.2831, 0.02066, 1.7021, 1.46121
9, 0.159089, 0.00226971, -16.4056, 0.0216944, 1.8768, 1.54606
10, 0.152187, 0.00205376, -16.345, 0.0208294, 1.73012, 1.47808
11, 0.150285, 0.00215758, -16.3063, 0.0211429, 1.78258, 1.49674
12, 0.156506, 0.00210705, -16.3399, 0.0215735, 1.85594, 1.53252
13, 0.140477, 0.00195748, -16.3135, 0.0208174, 1.72812, 1.47416
14, 0.157649, 0.00228192, -16.3248, 0.0214966, 1.84272, 1.52458
15, 0.154514, 0.0021185, -16.3493, 0.0209972, 1.75811, 1.49095
16, 0.150628, 0.00221476, -16.3292, 0.0213946, 1.82529, 1.51837
17, 0.144116, 0.00200823, -16.2635, 0.0211757, 1.78812, 1.49522
18, 0.147233, 0.00209246, -16.287, 0.0215612, 1.85383, 1.52492
19, 0.142144, 0.00205147, -16.3714, 0.0213957, 1.82548, 1.52146
20, 0.143746, 0.00196706, -16.288, 0.0213685, 1.82083, 1.51183
21, 0.157978, 0.00222303, -16.4099, 0.0219358, 1.91879, 1.5652
22, 0.157097, 0.00220662, -16.3828, 0.0216687, 1.87235, 1.54264
23, 0.154838, 0.00217397, -16.3123, 0.0216055, 1.86145, 1.52954
24, 0.156094, 0.00222714, -16.3494, 0.0216533, 1.86969, 1.53945
25, 0.133842, 0.0020167, -16.3651, 0.0214819, 1.84022, 1.52639
26, 0.148167, 0.00211705, -16.2912, 0.0217516, 1.88671, 1.54016
27, 0.147319, 0.00209952, -16.3407, 0.0215458, 1.85118, 1.52846
28, 0.149772, 0.0021723, -16.3412, 0.0207068, 1.70981, 1.46946
29, 0.155703, 0.00216461, -16.3444, 0.0213106, 1.81099, 1.51311
30, 0.139721, 0.0020295, -16.2678, 0.0207558, 1.71791, 1.46725
31, 0.152199, 0.00213984, -16.3471, 0.0211143, 1.77777, 1.50056
32, 0.152412, 0.00211353, -16.366, 0.0209273, 1.74642, 1.48737
33, 0.148706, 0.00207967, -16.2963, 0.0210112, 1.76045, 1.48589
34, 0.145119, 0.00209413, -16.3131, 0.021517, 1.84623, 1.52595
35, 0.138106, 0.0020302, -16.333, 0.0212896, 1.80742, 1.50897
36, 0.142141, 0.0021056, -16.3203, 0.0220358, 1.93633, 1.56329
37, 0.143038, 0.00218794, -16.3297, 0.0211778, 1.78847, 1.50229
38, 0.153573, 0.00218511, -16.3332, 0.0212859, 1.80678, 1.50965
39, 0.147107, 0.00210646, -16.301, 0.0212606, 1.80249, 1.5056
40, 0.143621, 0.00199929, -16.2915, 0.0219926, 1.92875, 1.55649
41, 0.142742, 0.00208379, -16.3019, 0.0213359, 1.81528, 1.51024
42, 0.14441, 0.00208971, -16.2756, 0.0212996, 1.80911, 1.50428
43, 0.148886, 0.00212266, -16.3339, 0.0213148, 1.81169, 1.51221
44, 0.149426, 0.00218059, -16.2867, 0.0214476, 1.83434, 1.51959
45, 0.141537, 0.00208197, -16.3157, 0.0211915, 1.7908, 1.50243
46, 0.152502, 0.00221903, -16.3139, 0.0213619, 1.81972, 1.51343
47, 0.147881, 0.00216553, -16.3163, 0.0218437, 1.90272, 1.54918
48, 0.15201, 0.0021028, -16.3028, 0.0211704, 1.78723, 1.49914
49, 0.14397, 0.00194911, -16.2671, 0.020724, 1.71265, 1.4627
50, 0.14245, 0.0020107, -16.3627, 0.0208572, 1.73473, 1.48102
51, 0.153131, 0.00224303, -16.306, 0.0213973, 1.82574, 1.51722
52, 0.128218, 0.00194049, -16.2406, 0.0212108, 1.79406, 1.49634
53, 0.139138, 0.00202787, -16.2866, 0.0213666, 1.82052, 1.51019
54, 0.153033, 0.00211527, -16.3453, 0.0213797, 1.82274, 1.51699
55, 0.150377, 0.00211687, -16.3374, 0.0217821, 1.89201, 1.54732
56, 0.146725, 0.00214861, -16.3162, 0.0214072, 1.82743, 1.51633
57, 0.15076, 0.00209245, -16.2957, 0.0212809, 1.80594, 1.5062
58, 0.144, 0.00210526, -16.3182, 0.0212858, 1.80677, 1.50884
59, 0.145105, 0.00207247, -16.3651, 0.0209675, 1.75313, 1.48777
60, 0.145435, 0.002161, -16.3212, 0.0205811, 1.68911, 1.45699
61, 0.139034, 0.00200766, -16.3338, 0.0216903, 1.87609, 1.53926
62, 0.148708, 0.00210865, -16.3204, 0.0210294, 1.7635, 1.48897
63, 0.139397, 0.00209336, -16.297, 0.0216014, 1.86074, 1.52859
64, 0.151602, 0.00228759, -16.3557, 0.0212426, 1.79944, 1.51086
65, 0.133257, 0.001918, -16.2486, 0.0210114, 1.76048, 1.48101
66, 0.148572, 0.00209119, -16.3272, 0.0215178, 1.84637, 1.52452
67, 0.149938, 0.00206805, -16.3145, 0.0212573, 1.80194, 1.50724
68, 0.141456, 0.00201046, -16.3029, 0.0212249, 1.79644, 1.50255
69, 0.136711, 0.00201311, -16.2671, 0.0218433, 1.90265, 1.5449
70, 0.151869, 0.00219161, -16.3159, 0.0210785, 1.77175, 1.49265
71, 0.155509, 0.00221394, -16.3839, 0.0212669, 1.80356, 1.51312
72, 0.153042, 0.00211463, -16.2969, 0.0211835, 1.78944, 1.49984
73, 0.154373, 0.00213198, -16.2981, 0.021222, 1.79595, 1.50171
74, 0.139972, 0.00204302, -16.2137, 0.0210337, 1.76423, 1.48241
75, 0.146146, 0.00210848, -16.3253, 0.0217059, 1.87879, 1.53976
76, 0.139799, 0.00199756, -16.279, 0.0213227, 1.81304, 1.50712
77, 0.148785, 0.00213478, -16.3556, 0.0213869, 1.82397, 1.52053
78, 0.13207, 0.00203297, -16.3064, 0.0214732, 1.83872, 1.51914
79, 0.137285, 0.00206438, -16.2956, 0.0212401, 1.79901, 1.50244
80, 0.145804, 0.00214275, -16.2822, 0.0211746, 1.78794, 1.49743
81, 0.147308, 0.00201282, -16.3141, 0.0215246, 1.84753, 1.52392
82, 0.143511, 0.00217536, -16.3228, 0.0210199, 1.76192, 1.49102
83, 0.146271, 0.00213976, -16.3494, 0.021341, 1.81615, 1.51665
84, 0.135057, 0.00194482, -16.2845, 0.0207645, 1.71935, 1.46841
85, 0.14239, 0.00195588, -16.2874, 0.0208396, 1.73181, 1.47395
86, 0.144246, 0.00207903, -16.2825, 0.0209794, 1.75513, 1.48218
87, 0.154547, 0.00224037, -16.3062, 0.021325, 1.81344, 1.50849
88, 0.146624, 0.00212585, -16.3595, 0.0214888, 1.84139, 1.52567
89, 0.140362, 0.00194847, -16.2406, 0.0208711, 1.73706, 1.47079
90, 0.134114, 0.00194174, -16.2756, 0.0212841, 1.80649, 1.50292
91, 0.150487, 0.00218031, -16.4265, 0.0213353, 1.81519, 1.52163
92, 0.153705, 0.00220796, -16.3272, 0.0213611, 1.81957, 1.51475
93, 0.140735, 0.00214808, -16.3158, 0.0213313, 1.8145, 1.51391
94, 0.143587, 0.00202856, -16.2861, 0.0209147, 1.74431, 1.48021
95, 0.150707, 0.00210453, -16.2939, 0.021272, 1.80443, 1.50571
96, 0.139893, 0.00210456, -16.3272, 0.0214282, 1.83102, 1.51921
97, 0.14532, 0.00208071, -16.3472, 0.0214869, 1.84107, 1.52566
98, 0.148452, 0.00209612, -16.3003, 0.0212261, 1.79664, 1.50318
99, 0.144122, 0.00206737, -16.302, 0.0213215, 1.81284, 1.50996
100, 0.148012, 0.0021298, -16.3068, 0.0214622, 1.83684, 1.51966

2.83333
1, 0.102195, 0.00145591, -14.2313, 0.0195639, 1.40658, 1.11318
2, 0.0978738, 0.00138313, -14.2362, 0.0196777, 1.42297, 1.11984
3, 0.099117, 0.00145852, -14.2283, 0.0192053, 1.35547, 1.09267
4, 0.102579, 0.00148318, -14.2356, 0.019475, 1.39381, 1.10912
5, 0.0972123, 0.00141545, -14.2132, 0.0189095, 1.31404, 1.07447
6, 0.108136, 0.00157246, -14.2606, 0.0195381, 1.40286, 1.11425
7, 0.100288, 0.0014379, -14.2359, 0.0196237, 1.41518, 1.11847
8, 0.0997826, 0.00148445, -14.1919, 0.0196549, 1.41969, 1.11679
9, 0.106279, 0.00153469, -14.2963, 0.0199995, 1.4699, 1.14332
10, 0.104379, 0.00150051, -14.2778, 0.0194923, 1.39629, 1.1145
11, 0.100641, 0.00150765, -14.2328, 0.0193948, 1.38236, 1.10429
12, 0.102917, 0.00154196, -14.2611, 0.0193478, 1.37567, 1.10297
13, 0.108147, 0.00157027, -14.2656, 0.0197098, 1.42763, 1.12585
14, 0.104385, 0.00149697, -14.2599, 0.0194001, 1.38311, 1.10731
15, 0.0985299, 0.00146041, -14.2543, 0.0194283, 1.38714, 1.10832
16, 0.100036, 0.00149408, -14.2432, 0.0196504, 1.41904, 1.11953
17, 0.095726, 0.00140808, -14.2063, 0.0195022, 1.39771, 1.10926
18, 0.102297, 0.00144411, -14.1841, 0.0193998, 1.38307, 1.10181
19, 0.101525, 0.00149306, -14.244, 0.0195751, 1.40818, 1.1148
20, 0.0961949, 0.00143244, -14.2655, 0.0198319, 1.44537, 1.1332
21, 0.102257, 0.00151733, -14.2609, 0.0196346, 1.41676, 1.12004
22, 0.101977, 0.0014834, -14.2755, 0.0193364, 1.37405, 1.10381
23, 0.0990094, 0.00138808, -14.2084, 0.019537, 1.40271, 1.11032
24, 0.102293, 0.00147279, -14.2801, 0.0194346, 1.38803, 1.1107
25, 0.100751, 0.00153554, -14.2734, 0.0194073, 1.38414, 1.10733
26, 0.100759, 0.00146128, -14.2583, 0.0191622, 1.3494, 1.09381
27, 0.095973, 0.00139397, -14.2457, 0.0195394, 1.40305, 1.11289
28, 0.0980283, 0.00144736, -14.2732, 0.0197437, 1.43255, 1.1279
29, 0.101897, 0.00152076, -14.2901, 0.0192188, 1.35738, 1.09972
30, 0.0952512, 0.00139891, -14.2093, 0.0193075, 1.36994, 1.09721
31, 0.101252, 0.00146099, -14.2378, 0.0193359, 1.37397, 1.10145
32, 0.0976035, 0.0014175, -14.1972, 0.0194713, 1.39328, 1.10612
33, 0.0973678, 0.00142324, -14.2639, 0.0195308, 1.40181, 1.11527
34, 0.0966092, 0.00145894, -14.2065, 0.0196111, 1.41337, 1.11492
35, 0.102073, 0.00147647, -14.2884, 0.0197572, 1.4345, 1.12927
36, 0.0999178, 0.00143383, -14.2409, 0.0192699, 1.36462, 1.0974
37, 0.096523, 0.001456, -14.2255, 0.0192315, 1.35918, 1.09547
38, 0.102778, 0.00148882, -14.2733, 0.019109, 1.34192, 1.0898
39, 0.0988613, 0.00146273, -14.2697, 0.0197309, 1.43068, 1.12649
40, 0.103893, 0.00151746, -14.2579, 0.0194988, 1.39722, 1.11207
41, 0.0960139, 0.00142251, -14.2311, 0.0193907, 1.38177, 1.10471
42, 0.101038, 0.00147398, -14.2364, 0.0198324, 1.44544, 1.13023
43, 0.0989467, 0.00145847, -14.264, 0.0190861, 1.3387, 1.0893
44, 0.102683, 0.00151856, -14.233, 0.0197264, 1.43003, 1.12377
45, 0.104654, 0.00152415, -14.2322, 0.0196592, 1.42031, 1.11956
46, 0.107063, 0.00157282, -14.2428, 0.0198534, 1.44851, 1.13256
47, 0.0984266, 0.00145623, -14.2919, 0.0191575, 1.34874, 1.09475
48, 0.0997908, 0.00145688, -14.2936, 0.0197536, 1.43398, 1.13032
49, 0.100206, 0.00151206, -14.2318, 0.0193177, 1.37138, 1.09954
50, 0.0975969, 0.00140946, -14.2499, 0.0191961, 1.35418, 1.09438
51, 0.0987609, 0.00147997, -14.235, 0.0196605, 1.4205, 1.11943
52, 0.103668, 0.00155418, -14.2384, 0.0195776, 1.40853, 1.11589
53, 0.100884, 0.00145629, -14.2105, 0.0189434, 1.31876, 1.07651
54, 0.0974736, 0.00139307, -14.2259, 0.0190768, 1.3374, 1.08701
55, 0.102163, 0.00148838, -14.2551, 0.0201015, 1.48494, 1.14728
56, 0.104498, 0.00149179, -14.2249, 0.0193924, 1.38201, 1.10542
57, 0.100289, 0.00144667, -14.2487, 0.0192585, 1.36299, 1.09755
58, 0.101376, 0.00148482, -14.2466, 0.0190757, 1.33724, 1.08829
59, 0.0989217, 0.00145124, -14.3014, 0.0196838, 1.42386, 1.12546
60, 0.0993656, 0.00148285, -14.2535, 0.0194716, 1.39333, 1.11043
61, 0.101644, 0.00149439, -14.2342, 0.0196501, 1.41899, 1.11786
62, 0.101934, 0.00146212, -14.2497, 0.0196175, 1.41429, 1.11824
63, 0.102917, 0.0014564, -14.234, 0.0193047, 1.36955, 1.09863
64, 0.0988646, 0.00144828, -14.271, 0.01928, 1.36604, 1.0999
65, 0.099942, 0.00149102, -14.2733, 0.0196676, 1.42152, 1.12333
66, 0.104537, 0.0014749, -14.2496, 0.019422, 1.38624, 1.10749
67, 0.103012, 0.00147709, -14.2972, 0.0197284, 1.43032, 1.12944
68, 0.0981758, 0.00138067, -14.2072, 0.0192072, 1.35575, 1.09246
69, 0.102206, 0.00148555, -14.2636, 0.0195321, 1.402, 1.11457
70, 0.102399, 0.00149539, -14.2386, 0.0194214, 1.38615, 1.10641
71, 0.0966215, 0.00145108, -14.288, 0.0195373, 1.40275, 1.11773
72, 0.0999451, 0.00144842, -14.2647, 0.0191932, 1.35378, 1.09517
73, 0.0984813, 0.00149567, -14.1934, 0.0196223, 1.41498, 1.11378
74, 0.0974451, 0.00150242, -14.2638, 0.0197877, 1.43894, 1.12966
75, 0.101493, 0.00146027, -14.2566, 0.0199351, 1.46044, 1.13684
76, 0.10394, 0.00148144, -14.2814, 0.0197169, 1.42866, 1.12635
77, 0.0971365, 0.00141381, -14.226, 0.019627, 1.41565, 1.1176
78, 0.10431, 0.00153784, -14.2674, 0.019372, 1.37911, 1.10597
79, 0.0997514, 0.00149808, -14.2038, 0.0194593, 1.39157, 1.10584
80, 0.102504, 0.00149735, -14.2579, 0.0196109, 1.41334, 1.11961
81, 0.10531, 0.00156324, -14.2714, 0.0196604, 1.42049, 1.12216
82, 0.103327, 0.00150891, -14.2588, 0.0198473, 1.44762, 1.1328
83, 0.102741, 0.00153077, -14.2606, 0.0192808, 1.36615, 1.10043
84, 0.103097, 0.00151722, -14.2652, 0.0193527, 1.37636, 1.10514
85, 0.103981, 0.00149191, -14.2469, 0.0194931, 1.39641, 1.11117
86, 0.103785, 0.00152177, -14.2298, 0.0193629, 1.37782, 1.10268
87, 0.100422, 0.00144636, -14.2462, 0.0193756, 1.37963, 1.10417
88, 0.103882, 0.00148215, -14.2294, 0.0193732, 1.37928, 1.10291
89, 0.0993469, 0.0014262, -14.239, 0.0195816, 1.40911, 1.11654
90, 0.102092, 0.00151568, -14.2522, 0.0192591, 1.36308, 1.09698
91, 0.0975559, 0.00145083, -14.2362, 0.0195056, 1.3982, 1.11032
92, 0.100077, 0.0014722, -14.2472, 0.0194355, 1.38817, 1.10698
93, 0.104632, 0.00149875, -14.2444, 0.0189299, 1.31688, 1.07843
94, 0.10303, 0.00153097, -14.2755, 0.0197778, 1.4375, 1.12948
95, 0.102989, 0.00150338, -14.2502, 0.0197513, 1.43364, 1.12595
96, 0.097048, 0.00141453, -14.2125, 0.0188874, 1.31098, 1.07342
97, 0.100402, 0.00147312, -14.2439, 0.0193158, 1.37112, 1.1005
98, 0.0973029, 0.00141774, -14.2351, 0.0193143, 1.37091, 1.10003
99, 0.0998334, 0.00143027, -14.2518, 0.0198998, 1.45529, 1.13391
100, 0.0995529, 0.0015109, -14.2626, 0.0196664, 1.42135, 1.12325

3.05556
1, 0.0791939, 0.00118435, -12.7189, 0.0182452, 1.13438, 0.859724
2, 0.0839184, 0.00121736, -12.7142, 0.0184673, 1.16215, 0.871544
3, 0.080183, 0.00115838, -12.7117, 0.0179843, 1.10216, 0.848537
4, 0.0774586, 0.00116533, -12.6831, 0.0183414, 1.14636, 0.863456
5, 0.0778123, 0.0011247, -12.6864, 0.0182658, 1.13694, 0.860034
6, 0.0801158, 0.00118354, -12.7253, 0.0185081, 1.16729, 0.873266
7, 0.0805285, 0.00119465, -12.6874, 0.0183791, 1.15108, 0.865427
8, 0.0822398, 0.00118683, -12.7158, 0.0180138, 1.10578, 0.850217
9, 0.0804639, 0.00120078, -12.7369, 0.0185091, 1.16742, 0.875202
10, 0.082543, 0.00120275, -12.7207, 0.0181441, 1.12184, 0.856438
11, 0.0799971, 0.00117195, -12.7288, 0.0182538, 1.13544, 0.861821
12, 0.0776564, 0.0011532, -12.7351, 0.018375, 1.15057, 0.867578
13, 0.080476, 0.00120514, -12.7042, 0.0185126, 1.16787, 0.871826
14, 0.0793002, 0.00114599, -12.681, 0.0182855, 1.13939, 0.859697
15, 0.0808527, 0.00118913, -12.7096, 0.0184121, 1.15522, 0.867493
16, 0.081334, 0.00119908, -12.6995, 0.0183766, 1.15076, 0.865786
17, 0.0821025, 0.00120196, -12.7293, 0.0188377, 1.20924, 0.889496
18, 0.0823428, 0.00119082, -12.6809, 0.0185389, 1.17118, 0.872072
19, 0.0822906, 0.00119327, -12.7252, 0.0182649, 1.13682, 0.861875
20, 0.0767658, 0.00116088, -12.7081, 0.0184969, 1.16588, 0.871588
21, 0.0790621, 0.00116864, -12.7026, 0.0182836, 1.13914, 0.862495
22, 0.0784008, 0.00113034, -12.6882, 0.0183064, 1.14199, 0.86198
23, 0.0830156, 0.00126328, -12.7273, 0.0186958, 1.1911, 0.883363
24, 0.0825301, 0.00121076, -12.6961, 0.0182681, 1.13723, 0.860418
25, 0.0810473, 0.00117357, -12.7173, 0.0181415, 1.12152, 0.854913
26, 0.0819225, 0.00119113, -12.7064, 0.0183131, 1.14283, 0.863886
27, 0.0822799, 0.00123239, -12.7468, 0.0183316, 1.14514, 0.867868
28, 0.0816322, 0.00122824, -12.6848, 0.0182558, 1.13568, 0.859573
29, 0.0833459, 0.00125065, -12.7158, 0.0179472, 1.09762, 0.846493
30, 0.0825506, 0.00119454, -12.6992, 0.0184685, 1.1623, 0.870483
31, 0.0833455, 0.0012032, -12.7525, 0.0182025, 1.12907, 0.86026
32, 0.0826828, 0.00119757, -12.7035, 0.0180797, 1.11389, 0.851327
33, 0.0815291, 0.00120393, -12.6967, 0.0182104, 1.13005, 0.858806
34, 0.0821746, 0.00120641, -12.7507, 0.0182245, 1.1318, 0.862704
35, 0.0807051, 0.00124423, -12.7099, 0.0185707, 1.17521, 0.875912
36, 0.0799551, 0.00117564, -12.702, 0.0185587, 1.17369, 0.874711
37, 0.0808979, 0.00118497, -12.7224, 0.0185446, 1.17191, 0.875428
38, 0.0807242, 0.0011915, -12.7272, 0.0184897, 1.16497, 0.873511
39, 0.0807133, 0.00118546, -12.7134, 0.018007, 1.10494, 0.849001
40, 0.0802174, 0.00117894, -12.6966, 0.0185514, 1.17277, 0.874458
41, 0.0839645, 0.00122232, -12.7326, 0.0181505, 1.12263, 0.857918
42, 0.0838764, 0.00120899, -12.7253, 0.018467, 1.16212, 0.872898
43, 0.0827428, 0.00122045, -12.7212, 0.0183, 1.14119, 0.863423
44, 0.0885133, 0.00128085, -12.743, 0.0184324, 1.15777, 0.870568
45, 0.0774201, 0.0011474, -12.7311, 0.0182716, 1.13766, 0.862561
46, 0.0843744, 0.00122003, -12.707, 0.0182084, 1.1298, 0.858761
47, 0.0797199, 0.00116855, -12.6944, 0.0184791, 1.16365, 0.869436
48, 0.0795785, 0.00115244, -12.6935, 0.0181504, 1.12262, 0.854098
49, 0.0810193, 0.00117138, -12.6989, 0.018643, 1.18437, 0.878629
50, 0.0805926, 0.00118901, -12.7166, 0.0182377, 1.13343, 0.859579
51, 0.0785727, 0.001199, -12.6903, 0.0185091, 1.16742, 0.871771
52, 0.0802748, 0.0011805, -12.6927, 0.0181606, 1.12388, 0.854175
53, 0.0795986, 0.00119204, -12.7243, 0.0184439, 1.15921, 0.870171
54, 0.0837176, 0.00119892, -12.7227, 0.0184802, 1.16378, 0.871969
55, 0.0791389, 0.00112765, -12.6825, 0.0185054, 1.16695, 0.869776
56, 0.0827061, 0.00122778, -12.7159, 0.0184598, 1.16121, 0.871894
57, 0.0833656, 0.00123746, -12.7372, 0.0188195, 1.20691, 0.889704
58, 0.0821123, 0.0011964, -12.7087, 0.0182135, 1.13043, 0.859228
59, 0.080676, 0.00117912, -12.7098, 0.0182095, 1.12994, 0.859279
60, 0.0783318, 0.00116677, -12.7219, 0.0184596, 1.16119, 0.871861
61, 0.081516, 0.00122132, -12.6952, 0.0183203, 1.14373, 0.863259
62, 0.0809229, 0.00119892, -12.7244, 0.0186604, 1.18659, 0.880361
63, 0.0790311, 0.00116787, -12.7205, 0.0186815, 1.18927, 0.88062
64, 0.0797066, 0.00116964, -12.6686, 0.0183962, 1.15322, 0.864663
65, 0.0800773, 0.00118121, -12.6959, 0.0182099, 1.12998, 0.856654
66, 0.083193, 0.00124033, -12.7343, 0.0183174, 1.14337, 0.864985
67, 0.078184, 0.00113108, -12.7054, 0.0180108, 1.10541, 0.848777
68, 0.0824109, 0.00122562, -12.7446, 0.0184374, 1.1584, 0.87138
69, 0.0826195, 0.00119208, -12.7184, 0.0184141, 1.15546, 0.868818
70, 0.0799508, 0.00119266, -12.7224, 0.0182235, 1.13167, 0.859904
71, 0.0819104, 0.00119827, -12.74, 0.0184864, 1.16456, 0.87477
72, 0.0823004, 0.00120896, -12.7369, 0.0183033, 1.1416, 0.865552
73, 0.0800529, 0.00115334, -12.7114, 0.0180935, 1.11558, 0.852529
74, 0.0787055, 0.00114901, -12.6908, 0.0182761, 1.13821, 0.859981
75, 0.0822434, 0.00118107, -12.7344, 0.0184883, 1.1648, 0.873206
76, 0.0801492, 0.00117756, -12.7146, 0.0185774, 1.17606, 0.876364
77, 0.0844949, 0.00121403, -12.6881, 0.0183961, 1.15322, 0.865558
78, 0.0803357, 0.00117353, -12.7044, 0.0183077, 1.14215, 0.862293
79, 0.0791217, 0.00115688, -12.7001, 0.0183735, 1.15038, 0.865636
80, 0.0822842, 0.00119169, -12.6919, 0.0182385, 1.13354, 0.85787
81, 0.0838764, 0.0012193, -12.7328, 0.0182626, 1.13654, 0.86277
82, 0.0829729, 0.00118355, -12.7212, 0.0183166, 1.14326, 0.864893
83, 0.0792129, 0.0011944, -12.694, 0.0183301, 1.14495, 0.86236
84, 0.0823725, 0.00121785, -12.6994, 0.0184305, 1.15752, 0.867954
85, 0.0845871, 0.00122592, -12.7164, 0.0184716, 1.1627, 0.871262
86, 0.0792795, 0.00116376, -12.7272, 0.0180661, 1.11221, 0.852223
87, 0.0817438, 0.00120049, -12.7017, 0.0182794, 1.13863, 0.860128
88, 0.0786523, 0.00115125, -12.6819, 0.018274, 1.13795, 0.860495
89, 0.077399, 0.00114561, -12.7037, 0.0184622, 1.16151, 0.870534
90, 0.0813893, 0.0011967, -12.7176, 0.0185836, 1.17684, 0.877663
91, 0.0808033, 0.0012185, -12.7554, 0.0184019, 1.15394, 0.870679
92, 0.082342, 0.00119018, -12.7096, 0.0183399, 1.14617, 0.864353
93, 0.0809559, 0.00118657, -12.7395, 0.0184953, 1.16569, 0.873907
94, 0.080933, 0.00117356, -12.7234, 0.0183597, 1.14865, 0.867017
95, 0.0802541, 0.00119827, -12.7096, 0.0182506, 1.13504, 0.86041
96, 0.0821916, 0.00119396, -12.7411, 0.0180897, 1.11512, 0.854763
97, 0.0820246, 0.00117685, -12.6822, 0.0182393, 1.13363, 0.857936
98, 0.079226, 0.0011698, -12.7041, 0.018384, 1.1517, 0.866618
99, 0.0819412, 0.00121417, -12.7274, 0.0184364, 1.15827, 0.870039
100, 0.0787432, 0.00117939, -12.7293, 0.0185482, 1.17236, 0.875827

3.27778
1, 0.0658344, 0.000971207, -11.5391, 0.0176643, 0.991194, 0.704935
2, 0.0709258, 0.00103671, -11.5694, 0.0175087, 0.973815, 0.700286
3, 0.0677543, 0.00101046, -11.552, 0.0178036, 1.00689, 0.711924
4, 0.0699496, 0.00103766, -11.5432, 0.0177635, 1.00236, 0.709048
5, 0.0708779, 0.00104918, -11.5291, 0.0174045, 0.962258, 0.693729
6, 0.0727396, 0.00106667, -11.5698, 0.0177038, 0.995633, 0.708006
7, 0.0698664, 0.00102526, -11.5452, 0.0174256, 0.964591, 0.695795
8, 0.0707395, 0.00104777, -11.5424, 0.0175273, 0.975884, 0.699991
9, 0.0704449, 0.0010586, -11.5724, 0.0177464, 1.00044, 0.709741
10, 0.0702027, 0.0010423, -11.5349, 0.0174704, 0.969562, 0.696949
11, 0.0698691, 0.00104451, -11.5398, 0.0175026, 0.973135, 0.698573
12, 0.0670838, 0.000995812, -11.5498, 0.0176141, 0.985579, 0.703774
13, 0.0677742, 0.000983027, -11.555, 0.0178546, 1.01267, 0.713783
14, 0.0690686, 0.00100781, -11.554, 0.0174796, 0.970579, 0.697994
15, 0.0694516, 0.00101881, -11.5665, 0.0177976, 1.00622, 0.711837
16, 0.0713389, 0.00105145, -11.5495, 0.0176493, 0.989522, 0.705037
17, 0.0711662, 0.00106302, -11.5547, 0.0176146, 0.985632, 0.703568
18, 0.066776, 0.000992585, -11.5737, 0.0177676, 1.00283, 0.71115
19, 0.0699096, 0.00103357, -11.5607, 0.0176215, 0.986404, 0.704373
20, 0.0691963, 0.00100729, -11.5581, 0.0177631, 1.00231, 0.710723
21, 0.0723973, 0.0010695, -11.5659, 0.0175543, 0.978894, 0.702444
22, 0.0686061, 0.00100374, -11.5327, 0.0175068, 0.973597, 0.698252
23, 0.0692352, 0.00102213, -11.5591, 0.0176429, 0.988797, 0.705513
24, 0.0671926, 0.000987013, -11.552, 0.0173324, 0.954297, 0.692315
25, 0.0683777, 0.000996393, -11.5331, 0.0173899, 0.96064, 0.693529
26, 0.0682521, 0.00101635, -11.5292, 0.0174605, 0.968464, 0.695786
27, 0.0688816, 0.00102579, -11.5241, 0.0177985, 1.00632, 0.710009
28, 0.0678764, 0.00100937, -11.5303, 0.017479, 0.970513, 0.697619
29, 0.0693486, 0.0010169, -11.5545, 0.017436, 0.965745, 0.697365
30, 0.0708176, 0.00104005, -11.573, 0.0176253, 0.986827, 0.704798
31, 0.0687795, 0.00100991, -11.5827, 0.0176354, 0.987954, 0.706216
32, 0.0704955, 0.00102486, -11.5499, 0.0177286, 0.998433, 0.708331
33, 0.0689521, 0.00102746, -11.5215, 0.0174683, 0.969327, 0.695909
34, 0.0680078, 0.00100526, -11.5599, 0.018048, 1.03473, 0.721624
35, 0.0685504, 0.00101938, -11.5507, 0.017685, 0.993524, 0.706617
36, 0.0698437, 0.00100886, -11.5146, 0.0173773, 0.95925, 0.69168
37, 0.0706586, 0.00102171, -11.54, 0.0175571, 0.979201, 0.700388
38, 0.0691199, 0.00104298, -11.5535, 0.0174223, 0.964223, 0.695984
39, 0.0706158, 0.0010485, -11.5109, 0.0174747, 0.970033, 0.695801
40, 0.0703441, 0.00103577, -11.5459, 0.0174099, 0.962854, 0.69546
41, 0.0676102, 0.00100076, -11.5352, 0.0177595, 1.00192, 0.708756
42, 0.0705576, 0.00105575, -11.5537, 0.0174759, 0.970165, 0.698634
43, 0.0690898, 0.00103768, -11.5457, 0.0176382, 0.988278, 0.70488
44, 0.0679258, 0.000988811, -11.5926, 0.0173529, 0.95656, 0.69561
45, 0.0697006, 0.00105925, -11.5924, 0.0178035, 1.00688, 0.713726
46, 0.0701986, 0.00104202, -11.537, 0.017509, 0.973846, 0.698563
47, 0.0684701, 0.000980022, -11.5223, 0.0176618, 0.990925, 0.703743
48, 0.0688568, 0.00101465, -11.5498, 0.0176015, 0.984168, 0.703189
49, 0.0712561, 0.00104946, -11.5811, 0.01765, 0.989594, 0.706183
50, 0.0700234, 0.00103745, -11.549, 0.0176547, 0.99012, 0.705691
51, 0.0691018, 0.00101581, -11.5656, 0.0176383, 0.98828, 0.704863
52, 0.0683971, 0.00103998, -11.5596, 0.0177399, 0.9997, 0.709565
53, 0.0693373, 0.00103201, -11.571, 0.0179331, 1.02159, 0.717523
54, 0.0707033, 0.00102338, -11.5693, 0.0175976, 0.983725, 0.704184
55, 0.068477, 0.00100255, -11.5436, 0.0175223, 0.975332, 0.699747
56, 0.0699668, 0.00102413, -11.5077, 0.0176677, 0.99158, 0.703561
57, 0.0685068, 0.00103294, -11.529, 0.0176502, 0.989615, 0.703837
58, 0.0700766, 0.00100907, -11.5306, 0.0177116, 0.996519, 0.706737
59, 0.0709834, 0.00103537, -11.5567, 0.0175924, 0.983151, 0.703934
60, 0.0723562, 0.00104159, -11.5576, 0.0177276, 0.998318, 0.70908
61, 0.0690555, 0.00103309, -11.5617, 0.0174422, 0.966427, 0.697364
62, 0.0683301, 0.000990207, -11.562, 0.0180069, 1.03002, 0.720435
63, 0.0690936, 0.00103597, -11.5379, 0.0176629, 0.99104, 0.70516
64, 0.0707486, 0.00103767, -11.5253, 0.0175039, 0.973276, 0.698054
65, 0.0703961, 0.00106474, -11.576, 0.0180239, 1.03196, 0.721163
66, 0.0671447, 0.000999905, -11.529, 0.0174829, 0.970948, 0.697032
67, 0.0692875, 0.00102323, -11.5651, 0.0177721, 1.00334, 0.710917
68, 0.0684867, 0.00101244, -11.5387, 0.0176544, 0.990094, 0.703846
69, 0.0677398, 0.00101553, -11.532, 0.0176678, 0.991589, 0.704355
70, 0.0687238, 0.00100964, -11.5395, 0.0174956, 0.972362, 0.698853
71, 0.0679941, 0.00104561, -11.5518, 0.0176554, 0.990205, 0.705178
72, 0.0711098, 0.00102526, -11.5619, 0.0177941, 1.00582, 0.711557
73, 0.0694996, 0.00101016, -11.5213, 0.0176628, 0.991033, 0.703331
74, 0.0680096, 0.000997741, -11.5408, 0.0176368, 0.988118, 0.703939
75, 0.0678299, 0.000996657, -11.5182, 0.0175802, 0.981783, 0.699598
76, 0.069941, 0.00103137, -11.5693, 0.0177996, 1.00644, 0.71256
77, 0.0693258, 0.00103329, -11.5973, 0.0180347, 1.0332, 0.723197
78, 0.0696914, 0.00106477, -11.5627, 0.0175828, 0.982078, 0.703636
79, 0.069974, 0.0010354, -11.555, 0.0174133, 0.963232, 0.696059
80, 0.0691992, 0.00101402, -11.5325, 0.0173987, 0.96162, 0.694055
81, 0.0715482, 0.00104356, -11.578, 0.0178517, 1.01234, 0.714635
82, 0.066817, 0.000983476, -11.5283, 0.0175892, 0.982792, 0.701622
83, 0.0703656, 0.00103557, -11.5524, 0.0179076, 1.01869, 0.715351
84, 0.0710572, 0.00104592, -11.5467, 0.0174914, 0.971887, 0.697987
85, 0.0719836, 0.00105744, -11.5579, 0.0177515, 1.00101, 0.709826
86, 0.0708723, 0.00105088, -11.5605, 0.0177178, 0.997216, 0.707859
87, 0.0671705, 0.000995519, -11.5313, 0.017837, 1.01067, 0.711616
88, 0.0710957, 0.00104958, -11.5625, 0.0176294, 0.98729, 0.704819
89, 0.069009, 0.00102837, -11.5275, 0.0178742, 1.01489, 0.71241
90, 0.0697027, 0.0010192, -11.5652, 0.0173457, 0.955769, 0.693839
91, 0.0694736, 0.0010034, -11.5475, 0.0177453, 1.00031, 0.70942
92, 0.067465, 0.00100748, -11.5834, 0.0174152, 0.963447, 0.697375
93, 0.0715023, 0.00105484, -11.5641, 0.0176012, 0.984131, 0.704251
94, 0.0687408, 0.00100541, -11.5532, 0.0175083, 0.973767, 0.698934
95, 0.0704744, 0.00103081, -11.5271, 0.0176097, 0.985083, 0.701654
96, 0.0697506, 0.00102907, -11.5475, 0.0177085, 0.996172, 0.708217
97, 0.0682148, 0.000996971, -11.5411, 0.0173763, 0.959143, 0.693204
98, 0.0710832, 0.00104776, -11.5576, 0.0175899, 0.982862, 0.703104
99, 0.0696516, 0.00101905, -11.553, 0.0177566, 1.00159, 0.709291
100, 0.0698994, 0.00103255, -11.5273, 0.0173013, 0.950878, 0.689407

3.5
1, 0.0618955, 0.000931693, -10.5302, 0.0167186, 0.831538, 0.569969
2, 0.0615807, 0.000897717, -10.5542, 0.017131, 0.873062, 0.585653
3, 0.0645543, 0.00092808, -10.5907, 0.0171192, 0.871858, 0.587257
4, 0.0628742, 0.000916554, -10.5587, 0.0169687, 0.856598, 0.579913
5, 0.0643412, 0.000929963, -10.5584, 0.0171998, 0.880087, 0.588026
6, 0.0611588, 0.000895151, -10.5343, 0.0169715, 0.856878, 0.578643
7, 0.0599641, 0.000884592, -10.5787, 0.0171172, 0.87166, 0.58683
8, 0.0637633, 0.000917155, -10.5619, 0.0168611, 0.845773, 0.576733
9, 0.0633576, 0.00094052, -10.5711, 0.0167619, 0.835844, 0.573723
10, 0.0616467, 0.000914697, -10.5708, 0.0170602, 0.865862, 0.584213
11, 0.0609121, 0.000891028, -10.5588, 0.0170936, 0.869259, 0.58478
12, 0.0606197, 0.00089445, -10.5573, 0.0169466, 0.854363, 0.579507
13, 0.0600531, 0.000894647, -10.5603, 0.0169532, 0.855033, 0.579765
14, 0.0617922, 0.00091091, -10.5531, 0.0171231, 0.872254, 0.585808
15, 0.0617619, 0.000901176, -10.5709, 0.0173474, 0.895255, 0.594099
16, 0.062477, 0.000934582, -10.5593, 0.0172271, 0.882888, 0.588708
17, 0.0610703, 0.000903511, -10.5518, 0.0168216, 0.841813, 0.575222
18, 0.0619936, 0.000918794, -10.5632, 0.0170771, 0.867581, 0.583975
19, 0.060749, 0.00089356, -10.5467, 0.0169237, 0.852062, 0.57745
20, 0.0627795, 0.000908588, -10.5356, 0.0169473, 0.854434, 0.578113
21, 0.0606516, 0.000906127, -10.5595, 0.0170637, 0.866211, 0.583481
22, 0.0613234, 0.000912132, -10.5461, 0.0170518, 0.865005, 0.583018
23, 0.0622816, 0.000921511, -10.5665, 0.0170597, 0.865813, 0.583832
24, 0.0604889, 0.00086517, -10.5495, 0.0168752, 0.847179, 0.576705
25, 0.0612613, 0.000905447, -10.5675, 0.016997, 0.859453, 0.581851
26, 0.0606906, 0.000904696, -10.5554, 0.0169134, 0.851025, 0.578246
27, 0.060415, 0.000903581, -10.5817, 0.0170734, 0.867198, 0.585494
28, 0.0605143, 0.000890537, -10.5837, 0.0172206, 0.882223, 0.590733
29, 0.0623613, 0.00092834, -10.6026, 0.0171212, 0.87206, 0.587573
30, 0.062809, 0.000913605, -10.5787, 0.0174198, 0.902746, 0.597074
31, 0.0615006, 0.000896053, -10.5698, 0.0171328, 0.873245, 0.586653
32, 0.0612105, 0.0009093, -10.5615, 0.0170408, 0.863896, 0.582305
33, 0.0608494, 0.000906846, -10.5944, 0.0172231, 0.88248, 0.590989
34, 0.0616529, 0.00090365, -10.5434, 0.0169378, 0.853476, 0.578805
35, 0.0616092, 0.000905216, -10.5392, 0.0171604, 0.876061, 0.58612
36, 0.0613746, 0.000884383, -10.5552, 0.0171549, 0.875496, 0.586621
37, 0.0621225, 0.000905839, -10.563, 0.0170657, 0.866417, 0.583598
38, 0.0604828, 0.000906432, -10.5564, 0.0168153, 0.841184, 0.575054
39, 0.0595641, 0.00089231, -10.5651, 0.0171884, 0.878925, 0.588368
40, 0.0611148, 0.000906652, -10.5875, 0.0170583, 0.865665, 0.585267
41, 0.0634678, 0.00094238, -10.5876, 0.017166, 0.876632, 0.588522
42, 0.060951, 0.000894081, -10.5716, 0.0168318, 0.842835, 0.576022
43, 0.0601578, 0.000889294, -10.5594, 0.0172181, 0.881963, 0.589116
44, 0.0623744, 0.000921818, -10.5732, 0.0171986, 0.879968, 0.58931
45, 0.0615529, 0.000901653, -10.566, 0.017222, 0.882363, 0.589433
46, 0.0628867, 0.000944117, -10.5693, 0.0170205, 0.861839, 0.582654
47, 0.0615129, 0.000916875, -10.574, 0.0169727, 0.857001, 0.581544
48, 0.0635061, 0.000938261, -10.5691, 0.0174385, 0.904687, 0.597209
49, 0.0634496, 0.000925202, -10.5468, 0.0171431, 0.874299, 0.585325
50, 0.0624578, 0.000914548, -10.5666, 0.0171977, 0.879874, 0.588413
51, 0.0616016, 0.000909759, -10.533, 0.0171014, 0.870048, 0.583205
52, 0.0603254, 0.000908026, -10.5631, 0.0170988, 0.869779, 0.585106
53, 0.0607865, 0.000899597, -10.5607, 0.0171429, 0.874277, 0.586049
54, 0.061573, 0.000912859, -10.5633, 0.0170255, 0.862344, 0.582374
55, 0.061533, 0.000910263, -10.5643, 0.0174086, 0.901583, 0.595494
56, 0.0626018, 0.000936156, -10.5806, 0.0169168, 0.851366, 0.579722
57, 0.0622674, 0.000932035, -10.5733, 0.0169626, 0.855985, 0.580972
58, 0.0605137, 0.000893841, -10.5478, 0.0171576, 0.875774, 0.586287
59, 0.0611268, 0.000906184, -10.5316, 0.0170014, 0.859899, 0.579938
60, 0.062107, 0.000911055, -10.5806, 0.016944, 0.854102, 0.58033
61, 0.0620721, 0.000906882, -10.559, 0.0169364, 0.853336, 0.578652
62, 0.0608295, 0.00090685, -10.5544, 0.0169152, 0.851208, 0.577882
63, 0.0602863, 0.000889859, -10.5707, 0.0169116, 0.850842, 0.578876
64, 0.0643424, 0.000935337, -10.5841, 0.0171246, 0.872409, 0.587255
65, 0.0635924, 0.000922064, -10.5607, 0.0171743, 0.87748, 0.587283
66, 0.0614541, 0.000908054, -10.5927, 0.0170973, 0.869633, 0.58677
67, 0.0622551, 0.000933219, -10.5682, 0.0173019, 0.890569, 0.592478
68, 0.0621412, 0.000926262, -10.5609, 0.0169928, 0.859029, 0.58071
69, 0.0620754, 0.00091404, -10.5707, 0.0170824, 0.868114, 0.585317
70, 0.0623428, 0.000931827, -10.5587, 0.0170498, 0.864807, 0.582827
71, 0.0615363, 0.000892659, -10.5619, 0.0169963, 0.859384, 0.581369
72, 0.0612064, 0.000908926, -10.5895, 0.0170034, 0.860109, 0.583402
73, 0.0629113, 0.000919555, -10.5555, 0.0168622, 0.845878, 0.57662
74, 0.0598367, 0.000885036, -10.5826, 0.0172283, 0.883008, 0.590688
75, 0.0602346, 0.000890841, -10.5419, 0.0169568, 0.855399, 0.579061
76, 0.059599, 0.000883154, -10.5631, 0.0169012, 0.849792, 0.57794
77, 0.0615008, 0.000898734, -10.5788, 0.0171019, 0.870098, 0.585991
78, 0.0628557, 0.000916897, -10.5617, 0.0170998, 0.869885, 0.584573
79, 0.0609826, 0.000897967, -10.5465, 0.0168121, 0.840861, 0.57413
80, 0.0628578, 0.000928827, -10.5808, 0.0173201, 0.892448, 0.59388
81, 0.0618473, 0.000907743, -10.5481, 0.0171594, 0.87596, 0.586652
82, 0.0635459, 0.000948353, -10.5569, 0.0170279, 0.862584, 0.582328
83, 0.061998, 0.000925255, -10.5848, 0.0169827, 0.85801, 0.58179
84, 0.0632695, 0.00092814, -10.5903, 0.0172268, 0.88285, 0.590484
85, 0.0612371, 0.00090149, -10.57, 0.0170571, 0.86555, 0.58419
86, 0.0610627, 0.000895697, -10.5323, 0.016957, 0.855421, 0.578863
87, 0.0608957, 0.000906703, -10.5645, 0.0172146, 0.881609, 0.589135
88, 0.0623156, 0.000912977, -10.574, 0.0176037, 0.921907, 0.602989
89, 0.0620775, 0.000932103, -10.5579, 0.0171923, 0.879326, 0.58782
90, 0.0619717, 0.000914746, -10.5514, 0.0171465, 0.87464, 0.585718
91, 0.0620914, 0.000913171, -10.5532, 0.0170587, 0.865712, 0.583554
92, 0.0624123, 0.000931179, -10.571, 0.0170431, 0.864121, 0.583693
93, 0.0608361, 0.000904804, -10.5637, 0.0169551, 0.855222, 0.580522
94, 0.0604389, 0.000905071, -10.5666, 0.0169716, 0.856894, 0.580731
95, 0.0616264, 0.000916899, -10.5362, 0.0170585, 0.865691, 0.58239
96, 0.0631143, 0.000926262, -10.5634, 0.0171953, 0.879628, 0.588005
97, 0.0618305, 0.00091322, -10.5661, 0.0169504, 0.85475, 0.580356
98, 0.0647105, 0.000953253, -10.5673, 0.0171339, 0.873354, 0.586285
99, 0.0609865, 0.000903496, -10.5569, 0.0172033, 0.880444, 0.588989
100, 0.0611238, 0.000910749, -10.5662, 0.0170665, 0.866498, 0.583901

