0, 0.000074
0.050000, 0.000284
0.100000, 0.000283
0.150000, 0.000300
0.200000, 1210.901384
0.250000, 4842.619952
0.300000, 4842.619952
0.350000, 4842.619952
0.400000, 4842.619952
0.450000, 4842.619951
0.500000, 4842.619951
0.550000, 4842.619951
0.600000, 4842.619951
0.650000, 4842.619950
0.700000, 4842.619950
0.750000, 4842.619949
0.800000, 4842.619949
0.850000, 4842.619948
0.900000, 4842.619947
0.950000, 4842.619945
1.000000, 4842.619949
1.050000, 4842.630989
1.100000, 4842.662285
1.150000, 4842.662285
1.200000, 4842.662285
1.250000, 4842.662285
1.300000, 4842.662285
1.350000, 4842.662285
1.400000, 4842.662284
1.450000, 4842.662284
1.500000, 4842.662284
1.550000, 4842.662284
1.600000, 4842.662284
1.650000, 4842.662284
1.700000, 4842.662284
1.750000, 4842.662284
1.800000, 4842.662284
1.850000, 4842.662284
1.900000, 4842.662284
1.950000, 4842.662284
2.000000, 4842.662284
2.050000, 4842.662284
2.100000, 4842.662284
2.150000, 4842.662284
2.200000, 4842.662284
2.250000, 4842.662284
2.300000, 4842.662284
2.350000, 4842.662284
2.400000, 4842.662284
2.450000, 4842.662284
2.500000, 4842.662284
2.550000, 4842.662284
2.600000, 4842.662284
2.650000, 4842.662284
2.700000, 4842.662284
2.750000, 4842.662284
2.800000, 4842.662284
2.850000, 4842.662284
2.900000, 4842.662284
2.950000, 4842.662284
3.000000, 4842.662284
3.050000, 4842.662284
3.100000, 4842.662284
3.150000, 4842.662284
3.200000, 4842.662284
3.250000, 4842.662284
3.300000, 4842.662284
3.350000, 4842.662284
3.400000, 4842.662284
3.450000, 4842.662284
3.500000, 4842.662283
3.550000, 4842.662283
3.600000, 4842.662283
3.650000, 4842.662283
3.700000, 4842.662283
3.750000, 4842.662283
3.800000, 4842.662283
3.850000, 4842.662283
3.900000, 4842.662283
3.950000, 4842.662283
4.000000, 4842.662283
4.050000, 4842.662283
4.100000, 4842.662283
4.150000, 4842.662283
4.200000, 4842.662283
4.250000, 4842.662283
4.300000, 4842.662283
4.350000, 4842.662283
4.400000, 4842.662283
4.450000, 4842.662283
4.500000, 4842.662283
4.550000, 4842.662283
4.600000, 4842.662283
4.650000, 4842.662283
4.700000, 4842.662283
4.750000, 4842.662283
4.800000, 4842.662283
4.850000, 4842.662283
4.900000, 4842.662283
4.950000, 4842.662283
5.000000, 4842.662283
5.050000, 4842.662283
5.100000, 4842.662283
5.150000, 4842.662283
5.200000, 4842.662283
5.250000, 4842.662283
5.300000, 4842.662283
5.350000, 4842.662283
5.400000, 4842.662283
5.450000, 4842.662283
5.500000, 4842.662283
5.550000, 4842.662283
5.600000, 4842.662283
5.650000, 4842.662283
5.700000, 4842.662283
5.750000, 4842.662283
5.800000, 4842.662283
5.850000, 4842.662283
5.900000, 4842.662283
5.950000, 4842.662283
6.000000, 4842.662284
6.050000, 4842.662284
6.100000, 4842.662284
6.150000, 4842.662284
6.200000, 4842.662284
6.250000, 4842.662284
6.300000, 4842.662284
6.350000, 4842.662284
6.400000, 4842.662284
6.450000, 4842.662284
6.500000, 4842.662284
6.550000, 4842.662284
6.600000, 4842.662284
6.650000, 4842.662284
6.700000, 4842.662284
6.750000, 4842.662284
6.800000, 4842.662284
6.850000, 4842.662284
6.900000, 4842.662284
6.950000, 4842.662284
7.000000, 4842.662284
7.050000, 4842.662284
7.100000, 4842.662284
7.150000, 4842.662284
7.200000, 4842.662284
7.250000, 4842.662284
7.300000, 4842.662284
7.350000, 4842.662284
7.400000, 4842.662284
7.450000, 4842.662284
7.500000, 4842.662284
7.550000, 4842.662284
7.600000, 4842.662284
7.650000, 4842.662284
7.700000, 4842.662284
7.750000, 4842.662284
7.800000, 4842.662284
7.850000, 4842.662284
7.900000, 4842.662284
7.950000, 4842.662284
8.000000, 4842.662284
8.050000, 4842.662285
8.100000, 4842.662285
8.150000, 4842.662285
8.200000, 4842.662285
8.250000, 4842.662285
8.300000, 4842.662285
8.350000, 4842.662285
8.400000, 4842.662285
8.450000, 4842.662285
8.500000, 4842.662285
8.550000, 4842.662285
8.600000, 4842.662285
8.650000, 4842.662285
8.700000, 4842.662285
8.750000, 4842.662285
8.800000, 4842.662285
8.850000, 4842.662285
8.900000, 4842.662285
8.950000, 4842.662285
9.000000, 4842.662285
9.050000, 4842.662285
9.100000, 4842.662285
9.150000, 4842.662285
9.200000, 4842.662285
9.250000, 4842.662285
9.300000, 4842.662285
9.350000, 4842.662286
9.400000, 4842.662286
9.450000, 4842.662286
9.500000, 4842.662286
9.550000, 4842.662286
9.600000, 4842.662286
9.650000, 4842.662286
9.700000, 4842.662286
9.750000, 4842.662286
9.800000, 4842.662286
9.850000, 4842.662286
9.900000, 4842.662286
9.950000, 4842.662286
10.000000, 4842.662286
10.050000, 4842.662286
10.100000, 4842.662286
10.150000, 4842.662286
10.200000, 4842.662286
10.250000, 4842.662286
10.300000, 4842.662286
10.350000, 4842.662286
10.400000, 4842.662286
10.450000, 4842.662286
10.500000, 4842.662287
10.550000, 4842.662287
10.600000, 4842.662287
10.650000, 4842.662287
10.700000, 4842.662287
10.750000, 4842.662287
10.800000, 4842.662287
10.850000, 4842.662287
10.900000, 4842.662287
10.950000, 4842.662287
11.000000, 4842.662287
11.050000, 4842.662287
11.100000, 4842.662287
11.150000, 4842.662287
11.200000, 4842.662287
11.250000, 4842.662287
11.300000, 4842.662287
11.350000, 4842.662287
11.400000, 4842.662287
11.450000, 4842.662287
11.500000, 4842.662287
11.550000, 4842.662288
11.600000, 4842.662288
11.650000, 4842.662288
11.700000, 4842.662288
11.750000, 4842.662288
11.800000, 4842.662288
11.850000, 4842.662288
11.900000, 4842.662288
11.950000, 4842.662288
12.000000, 4842.662288
12.050000, 4842.662288
12.100000, 4842.662288
12.150000, 4842.662288
12.200000, 4842.662288
12.250000, 4842.662288
12.300000, 4842.662288
12.350000, 4842.662288
12.400000, 4842.662288
12.450000, 4842.662288
12.500000, 4842.662288
12.550000, 4842.662288
12.600000, 4842.662288
12.650000, 4842.662289
12.700000, 4842.662289
12.750000, 4842.662289
12.800000, 4842.662289
12.850000, 4842.662289
12.900000, 4842.662289
12.950000, 4842.662289
13.000000, 4842.662289
13.050000, 4842.662289
13.100000, 4842.662289
13.150000, 4842.662289
13.200000, 4842.662289
13.250000, 4842.662289
13.300000, 4842.662289
13.350000, 4842.662289
13.400000, 4842.662289
13.450000, 4842.662289
13.500000, 4842.662289
13.550000, 4842.662289
13.600000, 4842.662289
13.650000, 4842.662289
13.700000, 4842.662290
13.750000, 4842.662290
13.800000, 4842.662290
13.850000, 4842.662290
13.900000, 4842.662290
13.950000, 4842.662290
14.000000, 4842.662290
14.050000, 4842.662290
14.100000, 4842.662290
14.150000, 4842.662290
14.200000, 4842.662290
14.250000, 4842.662290
14.300000, 4842.662290
14.350000, 4842.662290
14.400000, 4842.662290
14.450000, 4842.662290
14.500000, 4842.662290
14.550000, 4842.662290
14.600000, 4842.662290
14.650000, 4842.662290
14.700000, 4842.662290
14.750000, 4842.662290
14.800000, 4842.662290
14.850000, 4842.662291
14.900000, 4842.662291
14.950000, 4842.662291
15.000000, 4842.662291
15.050000, 4842.662291
15.100000, 4842.662291
15.150000, 4842.662291
15.200000, 4842.662291
15.250000, 4842.662291
15.300000, 4842.662291
15.350000, 4842.662291
15.400000, 4842.662291
15.450000, 4842.662291
15.500000, 4842.662291
15.550000, 4842.662291
15.600000, 4842.662291
15.650000, 4842.662291
15.700000, 4842.662291
15.750000, 4842.662291
15.800000, 4842.662291
15.850000, 4842.662291
15.900000, 4842.662291
15.950000, 4842.662291
16.000000, 4842.662291
16.050000, 4842.662291
16.100000, 4842.662291
16.150000, 4842.662292
16.200000, 4842.662292
16.250000, 4842.662292
16.300000, 4842.662292
16.350000, 4842.662292
16.400000, 4842.662292
16.450000, 4842.662292
16.500000, 4842.662292
16.550000, 4842.662292
16.600000, 4842.662292
16.650000, 4842.662292
16.700000, 4842.662292
16.750000, 4842.662292
16.800000, 4842.662292
16.850000, 4842.662292
16.900000, 4842.662292
16.950000, 4842.662292
17.000000, 4842.662292
17.050000, 4842.662292
17.100000, 4842.662292
17.150000, 4842.662292
17.200000, 4842.662292
17.250000, 4842.662292
17.300000, 4842.662292
17.350000, 4842.662292
17.400000, 4842.662292
17.450000, 4842.662292
17.500000, 4842.662293
17.550000, 4842.662293
17.600000, 4842.662293
17.650000, 4842.662293
17.700000, 4842.662293
17.750000, 4842.662293
17.800000, 4842.662293
17.850000, 4842.662293
17.900000, 4842.662293
17.950000, 4842.662293
18.000000, 4842.662293
18.050000, 4842.662293
18.100000, 4842.662293
18.150000, 4842.662293
18.200000, 4842.662293
18.250000, 4842.662293
18.300000, 4842.662293
18.350000, 4842.662293
18.400000, 4842.662293
18.450000, 4842.662293
18.500000, 4842.662293
18.550000, 4842.662293
18.600000, 4842.662293
18.650000, 4842.662293
18.700000, 4842.662293
18.750000, 4842.662293
18.800000, 4842.662293
18.850000, 4842.662293
18.900000, 4842.662293
18.950000, 4842.662293
19.000000, 4842.662293
19.050000, 4842.662293
19.100000, 4842.662293
19.150000, 4842.662294
19.200000, 4842.662294
19.250000, 4842.662294
19.300000, 4842.662294
19.350000, 4842.662294
19.400000, 4842.662294
19.450000, 4842.662294
19.500000, 4842.662294
19.550000, 4842.662294
19.600000, 4842.662294
19.650000, 4842.662294
19.700000, 4842.662294
19.750000, 4842.662294
19.800000, 4842.662294
19.850000, 4842.662294
19.900000, 4842.662294
19.950000, 4842.662294
20.000000, 4842.662294
20.050000, 4842.662294
20.100000, 4842.662294
20.150000, 4842.662294
20.200000, 4842.662294
20.250000, 4842.662294
20.300000, 4842.662294
20.350000, 4842.662294
20.400000, 4842.662294
20.450000, 4842.662294
20.500000, 4842.662294
20.550000, 4842.662294
20.600000, 4842.662294
20.650000, 4842.662294
20.700000, 4842.662294
20.750000, 4842.662294
20.800000, 4842.662294
20.850000, 4842.662294
20.900000, 4842.662294
20.950000, 4842.662294
21.000000, 4842.662294
21.050000, 4842.662294
21.100000, 4842.662295
21.150000, 4842.662295
21.200000, 4842.662295
21.250000, 4842.662295
21.300000, 4842.662295
21.350000, 4842.662295
21.400000, 4842.662295
21.450000, 4842.662295
21.500000, 4842.662295
21.550000, 4842.662295
21.600000, 4842.662295
21.650000, 4842.662295
21.700000, 4842.662295
21.750000, 4842.662295
21.800000, 4842.662295
21.850000, 4842.662295
21.900000, 4842.662295
21.950000, 4842.662295
22.000000, 4842.662295
22.050000, 4842.662295
22.100000, 4842.662295
22.150000, 4842.662295
22.200000, 4842.662295
22.250000, 4842.662295
22.300000, 4842.662295
22.350000, 4842.662295
22.400000, 4842.662295
22.450000, 4842.662295
22.500000, 4842.662295
22.550000, 4842.662295
22.600000, 4842.662295
22.650000, 4842.662295
22.700000, 4842.662295
22.750000, 4842.662295
22.800000, 4842.662295
22.850000, 4842.662295
22.900000, 4842.662295
22.950000, 4842.662295
23.000000, 4842.662295
23.050000, 4842.662295
23.100000, 4842.662295
23.150000, 4842.662295
23.200000, 4842.662295
23.250000, 4842.662295
23.300000, 4842.662295
23.350000, 4842.662295
23.400000, 4842.662295
23.450000, 4842.662295
23.500000, 4842.662295
23.550000, 4842.662296
23.600000, 4842.662296
23.650000, 4842.662296
23.700000, 4842.662296
23.750000, 4842.662296
23.800000, 4842.662296
23.850000, 4842.662296
23.900000, 4842.662296
23.950000, 4842.662296
24.000000, 4842.662296
24.050000, 4842.662296
24.100000, 4842.662296
24.150000, 4842.662296
24.200000, 4842.662296
24.250000, 4842.662296
24.300000, 4842.662296
24.350000, 4842.662296
24.400000, 4842.662296
24.450000, 4842.662296
24.500000, 4842.662296
24.550000, 4842.662296
24.600000, 4842.662296
24.650000, 4842.662296
24.700000, 4842.662296
24.750000, 4842.662296
24.800000, 4842.662296
24.850000, 4842.662296
24.900000, 4842.662296
24.950000, 4842.662296
25.000000, 4842.662296
25.050000, 4842.662296
25.100000, 4842.662296
25.150000, 4842.662296
25.200000, 4842.662296
25.250000, 4842.662296
25.300000, 4842.662296
25.350000, 4842.662296
25.400000, 4842.662296
25.450000, 4842.662296
25.500000, 4842.662296
25.550000, 4842.662296
25.600000, 4842.662296
25.650000, 4842.662296
25.700000, 4842.662296
25.750000, 4842.662296
25.800000, 4842.662296
25.850000, 4842.662296
25.900000, 4842.662296
25.950000, 4842.662296
26.000000, 4842.662296
26.050000, 4842.662296
26.100000, 4842.662296
26.150000, 4842.662296
26.200000, 4842.662296
26.250000, 4842.662296
26.300000, 4842.662296
26.350000, 4842.662296
26.400000, 4842.662296
26.450000, 4842.662296
26.500000, 4842.662296
26.550000, 4842.662296
26.600000, 4842.662296
26.650000, 4842.662296
26.700000, 4842.662296
26.750000, 4842.662296
26.800000, 4842.662296
26.850000, 4842.662296
26.900000, 4842.662297
26.950000, 4842.662297
27.000000, 4842.662297
27.050000, 4842.662297
27.100000, 4842.662297
27.150000, 4842.662297
27.200000, 4842.662297
27.250000, 4842.662297
27.300000, 4842.662297
27.350000, 4842.662297
27.400000, 4842.662297
27.450000, 4842.662297
27.500000, 4842.662297
27.550000, 4842.662297
27.600000, 4842.662297
27.650000, 4842.662297
27.700000, 4842.662297
27.750000, 4842.662297
27.800000, 4842.662297
27.850000, 4842.662297
27.900000, 4842.662297
27.950000, 4842.662297
28.000000, 4842.662297
28.050000, 4842.662297
28.100000, 4842.662297
28.150000, 4842.662297
28.200000, 4842.662297
28.250000, 4842.662297
28.300000, 4842.662297
28.350000, 4842.662297
28.400000, 4842.662297
28.450000, 4842.662297
28.500000, 4842.662297
28.550000, 4842.662297
28.600000, 4842.662297
28.650000, 4842.662297
28.700000, 4842.662297
28.750000, 4842.662297
28.800000, 4842.662297
28.850000, 4842.662297
28.900000, 4842.662297
28.950000, 4842.662297
29.000000, 4842.662297
29.050000, 4842.662297
29.100000, 4842.662297
29.150000, 4842.662297
29.200000, 4842.662297
29.250000, 4842.662297
29.300000, 4842.662297
29.350000, 4842.662297
29.400000, 4842.662297
29.450000, 4842.662297
29.500000, 4842.662297
29.550000, 4842.662297
29.600000, 4842.662297
29.650000, 4842.662297
29.700000, 4842.662297
29.750000, 4842.662297
29.800000, 4842.662297
29.850000, 4842.662297
29.900000, 4842.662297
29.950000, 4842.662297
30.000000, 4842.662297
30.050000, 4842.662297
30.100000, 4842.662297
30.150000, 4842.662297
30.200000, 4842.662297
30.250000, 4842.662297
30.300000, 4842.662297
30.350000, 4842.662297
30.400000, 4842.662297
30.450000, 4842.662297
30.500000, 4842.662297
30.550000, 4842.662297
30.600000, 4842.662297
30.650000, 4842.662297
30.700000, 4842.662297
30.750000, 4842.662297
30.800000, 4842.662297
30.850000, 4842.662297
30.900000, 4842.662297
30.950000, 4842.662297
31.000000, 4842.662297
31.050000, 4842.662297
31.100000, 4842.662297
31.150000, 4842.662297
31.200000, 4842.662297
31.250000, 4842.662297
31.300000, 4842.662297
31.350000, 4842.662297
31.400000, 4842.662297
31.450000, 4842.662297
31.500000, 4842.662297
31.550000, 4842.662297
31.600000, 4842.662297
31.650000, 4842.662297
31.700000, 4842.662297
31.750000, 4842.662297
31.800000, 4842.662297
31.850000, 4842.662297
31.900000, 4842.662297
31.950000, 4842.662297
32.000000, 4842.662298
32.050000, 4842.662298
32.100000, 4842.662298
32.150000, 4842.662298
32.200000, 4842.662298
32.250000, 4842.662298
32.300000, 4842.662298
32.350000, 4842.662298
32.400000, 4842.662298
32.450000, 4842.662298
32.500000, 4842.662298
32.550000, 4842.662298
32.600000, 4842.662298
32.650000, 4842.662298
32.700000, 4842.662298
32.750000, 4842.662298
32.800000, 4842.662298
32.850000, 4842.662298
32.900000, 4842.662298
32.950000, 4842.662298
33.000000, 4842.662298
33.050000, 4842.662298
33.100000, 4842.662298
33.150000, 4842.662298
33.200000, 4842.662298
33.250000, 4842.662298
33.300000, 4842.662298
33.350000, 4842.662298
33.400000, 4842.662298
33.450000, 4842.662298
33.500000, 4842.662298
33.550000, 4842.662298
33.600000, 4842.662298
33.650000, 4842.662298
33.700000, 4842.662298
33.750000, 4842.662298
33.800000, 4842.662298
33.850000, 4842.662298
33.900000, 4842.662298
33.950000, 4842.662298
34.000000, 4842.662298
34.050000, 4842.662298
34.100000, 4842.662298
34.150000, 4842.662298
34.200000, 4842.662298
34.250000, 4842.662298
34.300000, 4842.662298
34.350000, 4842.662298
34.400000, 4842.662298
34.450000, 4842.662298
34.500000, 4842.662298
34.550000, 4842.662298
34.600000, 4842.662298
34.650000, 4842.662298
34.700000, 4842.662298
34.750000, 4842.662298
34.800000, 4842.662298
34.850000, 4842.662298
34.900000, 4842.662298
34.950000, 4842.662298
35.000000, 4842.662298
35.050000, 4842.662298
35.100000, 4842.662298
35.150000, 4842.662298
35.200000, 4842.662298
35.250000, 4842.662298
35.300000, 4842.662298
35.350000, 4842.662298
35.400000, 4842.662298
35.450000, 4842.662298
35.500000, 4842.662298
35.550000, 4842.662298
35.600000, 4842.662298
35.650000, 4842.662298
35.700000, 4842.662298
35.750000, 4842.662298
35.800000, 4842.662298
35.850000, 4842.662298
35.900000, 4842.662298
35.950000, 4842.662298
36.000000, 4842.662298
36.050000, 4842.662298
36.100000, 4842.662298
36.150000, 4842.662298
36.200000, 4842.662298
36.250000, 4842.662298
36.300000, 4842.662298
36.350000, 4842.662298
36.400000, 4842.662298
36.450000, 4842.662298
36.500000, 4842.662298
36.550000, 4842.662298
36.600000, 4842.662298
36.650000, 4842.662298
36.700000, 4842.662298
36.750000, 4842.662298
36.800000, 4842.662298
36.850000, 4842.662298
36.900000, 4842.662298
36.950000, 4842.662298
37.000000, 4842.662298
37.050000, 4842.662298
37.100000, 4842.662298
37.150000, 4842.662298
37.200000, 4842.662298
37.250000, 4842.662298
37.300000, 4842.662298
37.350000, 4842.662298
37.400000, 4842.662298
37.450000, 4842.662298
37.500000, 4842.662298
37.550000, 4842.662298
37.600000, 4842.662298
37.650000, 4842.662298
37.700000, 4842.662298
37.750000, 4842.662298
37.800000, 4842.662298
37.850000, 4842.662298
37.900000, 4842.662298
37.950000, 4842.662298
38.000000, 4842.662298
38.050000, 4842.662298
38.100000, 4842.662298
38.150000, 4842.662298
38.200000, 4842.662298
38.250000, 4842.662298
38.300000, 4842.662298
38.350000, 4842.662298
38.400000, 4842.662298
38.450000, 4842.662298
38.500000, 4842.662298
38.550000, 4842.662298
38.600000, 4842.662298
38.650000, 4842.662298
38.700000, 4842.662298
38.750000, 4842.662298
38.800000, 4842.662298
38.850000, 4842.662298
38.900000, 4842.662298
38.950000, 4842.662298
39.000000, 4842.662298
39.050000, 4842.662298
39.100000, 4842.662298
39.150000, 4842.662298
39.200000, 4842.662298
39.250000, 4842.662298
39.300000, 4842.662298
39.350000, 4842.662298
39.400000, 4842.662298
39.450000, 4842.662298
39.500000, 4842.662298
39.550000, 4842.662298
39.600000, 4842.662298
39.650000, 4842.662298
39.700000, 4842.662298
39.750000, 4842.662298
39.800000, 4842.662298
39.850000, 4842.662298
39.900000, 4842.662298
39.950000, 4842.662298
40.000000, 4842.662298
40.050000, 4842.662298
40.100000, 4842.662298
40.150000, 4842.662298
40.200000, 4842.662298
40.250000, 4842.662298
40.300000, 4842.662298
40.350000, 4842.662298
40.400000, 4842.662298
40.450000, 4842.662298
40.500000, 4842.662298
40.550000, 4842.662298
40.600000, 4842.662298
40.650000, 4842.662298
40.700000, 4842.662298
40.750000, 4842.662298
40.800000, 4842.662298
40.850000, 4842.662298
40.900000, 4842.662298
40.950000, 4842.662298
41.000000, 4842.662298
41.050000, 4842.662298
41.100000, 4842.662298
41.150000, 4842.662298
41.200000, 4842.662298
41.250000, 4842.662298
41.300000, 4842.662298
41.350000, 4842.662298
41.400000, 4842.662298
41.450000, 4842.662298
41.500000, 4842.662298
41.550000, 4842.662299
41.600000, 4842.662299
41.650000, 4842.662299
41.700000, 4842.662299
41.750000, 4842.662299
41.800000, 4842.662299
41.850000, 4842.662299
41.900000, 4842.662299
41.950000, 4842.662299
42.000000, 4842.662299
42.050000, 4842.662299
42.100000, 4842.662299
42.150000, 4842.662299
42.200000, 4842.662299
42.250000, 4842.662299
42.300000, 4842.662299
42.350000, 4842.662299
42.400000, 4842.662299
42.450000, 4842.662299
42.500000, 4842.662299
42.550000, 4842.662299
42.600000, 4842.662299
42.650000, 4842.662299
42.700000, 4842.662299
42.750000, 4842.662299
42.800000, 4842.662299
42.850000, 4842.662299
42.900000, 4842.662299
42.950000, 4842.662299
43.000000, 4842.662299
43.050000, 4842.662299
43.100000, 4842.662299
43.150000, 4842.662299
43.200000, 4842.662299
43.250000, 4842.662299
43.300000, 4842.662299
43.350000, 4842.662299
43.400000, 4842.662299
43.450000, 4842.662299
43.500000, 4842.662299
43.550000, 4842.662299
43.600000, 4842.662299
43.650000, 4842.662299
43.700000, 4842.662299
43.750000, 4842.662299
43.800000, 4842.662299
43.850000, 4842.662299
43.900000, 4842.662299
43.950000, 4842.662299
44.000000, 4842.662299
44.050000, 4842.662299
44.100000, 4842.662299
44.150000, 4842.662299
44.200000, 4842.662299
44.250000, 4842.662299
44.300000, 4842.662299
44.350000, 4842.662299
44.400000, 4842.662299
44.450000, 4842.662299
44.500000, 4842.662299
44.550000, 4842.662299
44.600000, 4842.662299
44.650000, 4842.662299
44.700000, 4842.662299
44.750000, 4842.662299
44.800000, 4842.662299
44.850000, 4842.662299
44.900000, 4842.662299
44.950000, 4842.662299
45.000000, 4842.662299
45.050000, 4842.662299
45.100000, 4842.662299
45.150000, 4842.662299
45.200000, 4842.662299
45.250000, 4842.662299
45.300000, 4842.662299
45.350000, 4842.662299
45.400000, 4842.662299
45.450000, 4842.662299
45.500000, 4842.662299
45.550000, 4842.662299
45.600000, 4842.662299
45.650000, 4842.662299
45.700000, 4842.662299
45.750000, 4842.662299
45.800000, 4842.662299
45.850000, 4842.662299
45.900000, 4842.662299
45.950000, 4842.662299
46.000000, 4842.662299
46.050000, 4842.662299
46.100000, 4842.662299
46.150000, 4842.662299
46.200000, 4842.662299
46.250000, 4842.662299
46.300000, 4842.662299
46.350000, 4842.662299
46.400000, 4842.662299
46.450000, 4842.662299
46.500000, 4842.662299
46.550000, 4842.662299
46.600000, 4842.662299
46.650000, 4842.662299
46.700000, 4842.662299
46.750000, 4842.662299
46.800000, 4842.662299
46.850000, 4842.662299
46.900000, 4842.662299
46.950000, 4842.662299
47.000000, 4842.662299
47.050000, 4842.662299
47.100000, 4842.662299
47.150000, 4842.662299
47.200000, 4842.662299
47.250000, 4842.662299
47.300000, 4842.662299
47.350000, 4842.662299
47.400000, 4842.662299
47.450000, 4842.662299
47.500000, 4842.662299
47.550000, 4842.662299
47.600000, 4842.662299
47.650000, 4842.662299
47.700000, 4842.662299
47.750000, 4842.662299
47.800000, 4842.662299
47.850000, 4842.662299
47.900000, 4842.662299
47.950000, 4842.662299
48.000000, 4842.662299
48.050000, 4842.662299
48.100000, 4842.662299
48.150000, 4842.662299
48.200000, 4842.662299
48.250000, 4842.662299
48.300000, 4842.662299
48.350000, 4842.662299
48.400000, 4842.662299
48.450000, 4842.662299
48.500000, 4842.662299
48.550000, 4842.662299
48.600000, 4842.662299
48.650000, 4842.662299
48.700000, 4842.662299
48.750000, 4842.662299
48.800000, 4842.662299
48.850000, 4842.662299
48.900000, 4842.662299
48.950000, 4842.662299
49.000000, 4842.662299
49.050000, 4842.662299
49.100000, 4842.662299
49.150000, 4842.662299
49.200000, 4842.662299
49.250000, 4842.662299
49.300000, 4842.662299
49.350000, 4842.662299
49.400000, 4842.662299
49.450000, 4842.662299
49.500000, 4842.662299
49.550000, 4842.662299
49.600000, 4842.662299
49.650000, 4842.662299
49.700000, 4842.662299
49.750000, 4842.662299
49.800000, 4842.662299
49.850000, 4842.662299
49.900000, 4842.662299
49.950000, 4842.662299
50.000000, 4842.662299
50.050000, 4842.662299
50.100000, 4842.662299
50.150000, 4842.662299
50.200000, 4842.662299
50.250000, 4842.662299
50.300000, 4842.662299
50.350000, 4842.662299
50.400000, 4842.662299
50.450000, 4842.662299
50.500000, 4842.662299
50.550000, 4842.662299
50.600000, 4842.662299
50.650000, 4842.662299
50.700000, 4842.662299
50.750000, 4842.662299
50.800000, 4842.662299
50.850000, 4842.662299
50.900000, 4842.662299
50.950000, 4842.662299
51.000000, 4842.662299
51.050000, 4842.662299
51.100000, 4842.662299
51.150000, 4842.662299
51.200000, 4842.662299
51.250000, 4842.662299
51.300000, 4842.662299
51.350000, 4842.662299
51.400000, 4842.662299
51.450000, 4842.662299
51.500000, 4842.662299
51.550000, 4842.662299
51.600000, 4842.662299
51.650000, 4842.662299
51.700000, 4842.662299
51.750000, 4842.662299
51.800000, 4842.662299
51.850000, 4842.662299
51.900000, 4842.662299
51.950000, 4842.662299
52.000000, 4842.662299
52.050000, 4842.662299
52.100000, 4842.662299
52.150000, 4842.662299
52.200000, 4842.662299
52.250000, 4842.662299
52.300000, 4842.662299
52.350000, 4842.662299
52.400000, 4842.662299
52.450000, 4842.662299
52.500000, 4842.662299
52.550000, 4842.662299
52.600000, 4842.662299
52.650000, 4842.662299
52.700000, 4842.662299
52.750000, 4842.662299
52.800000, 4842.662299
52.850000, 4842.662299
52.900000, 4842.662299
52.950000, 4842.662299
53.000000, 4842.662299
53.050000, 4842.662299
53.100000, 4842.662299
53.150000, 4842.662299
53.200000, 4842.662299
53.250000, 4842.662299
53.300000, 4842.662299
53.350000, 4842.662299
53.400000, 4842.662299
53.450000, 4842.662299
53.500000, 4842.662299
53.550000, 4842.662299
53.600000, 4842.662299
53.650000, 4842.662299
53.700000, 4842.662299
53.750000, 4842.662299
53.800000, 4842.662299
53.850000, 4842.662299
53.900000, 4842.662299
53.950000, 4842.662299
54.000000, 4842.662299
54.050000, 4842.662299
54.100000, 4842.662299
54.150000, 4842.662299
54.200000, 4842.662299
54.250000, 4842.662299
54.300000, 4842.662299
54.350000, 4842.662299
54.400000, 4842.662299
54.450000, 4842.662299
54.500000, 4842.662299
54.550000, 4842.662299
54.600000, 4842.662299
54.650000, 4842.662299
54.700000, 4842.662299
54.750000, 4842.662299
54.800000, 4842.662299
54.850000, 4842.662299
54.900000, 4842.662299
54.950000, 4842.662299
55.000000, 4842.662299
55.050000, 4842.662299
55.100000, 4842.662299
55.150000, 4842.662299
55.200000, 4842.662299
55.250000, 4842.662299
55.300000, 4842.662299
55.350000, 4842.662299
55.400000, 4842.662299
55.450000, 4842.662299
55.500000, 4842.662299
55.550000, 4842.662299
55.600000, 4842.662299
55.650000, 4842.662299
55.700000, 4842.662299
55.750000, 4842.662299
55.800000, 4842.662299
55.850000, 4842.662299
55.900000, 4842.662299
55.950000, 4842.662299
56.000000, 4842.662299
56.050000, 4842.662299
56.100000, 4842.662299
56.150000, 4842.662299
56.200000, 4842.662299
56.250000, 4842.662299
56.300000, 4842.662299
56.350000, 4842.662299
56.400000, 4842.662299
56.450000, 4842.662299
56.500000, 4842.662299
56.550000, 4842.662299
56.600000, 4842.662299
56.650000, 4842.662299
56.700000, 4842.662299
56.750000, 4842.662299
56.800000, 4842.662299
56.850000, 4842.662299
56.900000, 4842.662299
56.950000, 4842.662299
57.000000, 4842.662299
57.050000, 4842.662299
57.100000, 4842.662299
57.150000, 4842.662299
57.200000, 4842.662299
57.250000, 4842.662299
57.300000, 4842.662299
57.350000, 4842.662299
57.400000, 4842.662299
57.450000, 4842.662299
57.500000, 4842.662299
57.550000, 4842.662299
57.600000, 4842.662299
57.650000, 4842.662299
57.700000, 4842.662299
57.750000, 4842.662299
57.800000, 4842.662299
57.850000, 4842.662299
57.900000, 4842.662299
57.950000, 4842.662299
58.000000, 4842.662299
58.050000, 4842.662299
58.100000, 4842.662299
58.150000, 4842.662299
58.200000, 4842.662299
58.250000, 4842.662299
58.300000, 4842.662299
58.350000, 4842.662299
58.400000, 4842.662299
58.450000, 4842.662299
58.500000, 4842.662299
58.550000, 4842.662299
58.600000, 4842.662299
58.650000, 4842.662299
58.700000, 4842.662299
58.750000, 4842.662299
58.800000, 4842.662299
58.850000, 4842.662299
58.900000, 4842.662299
58.950000, 4842.662299
59.000000, 4842.662299
59.050000, 4842.662299
59.100000, 4842.662299
59.150000, 4842.662299
59.200000, 4842.662299
59.250000, 4842.662299
59.300000, 4842.662299
59.350000, 4842.662299
59.400000, 4842.662299
59.450000, 4842.662299
59.500000, 4842.662299
59.550000, 4842.662299
59.600000, 4842.662299
59.650000, 4842.662299
59.700000, 4842.662299
59.750000, 4842.662299
59.800000, 4842.662299
59.850000, 4842.662299
59.900000, 4842.662299
59.950000, 4842.662299
60.000000, 4842.662299
60.050000, 4842.662299
60.100000, 4842.662299
60.150000, 4842.662299
60.200000, 4842.662299
60.250000, 4842.662299
60.300000, 4842.662299
60.350000, 4842.662299
60.400000, 4842.662299
60.450000, 4842.662299
60.500000, 4842.662299
60.550000, 4842.662299
60.600000, 4842.662299
60.650000, 4842.662299
60.700000, 4842.662299
60.750000, 4842.662299
60.800000, 4842.662299
60.850000, 4842.662299
60.900000, 4842.662299
60.950000, 4842.662299
61.000000, 4842.662299
61.050000, 4842.662299
61.100000, 4842.662299
61.150000, 4842.662299
61.200000, 4842.662299
61.250000, 4842.662299
61.300000, 4842.662299
61.350000, 4842.662299
61.400000, 4842.662299
61.450000, 4842.662299
61.500000, 4842.662299
61.550000, 4842.662299
61.600000, 4842.662299
61.650000, 4842.662299
61.700000, 4842.662299
61.750000, 4842.662299
61.800000, 4842.662299
61.850000, 4842.662299
61.900000, 4842.662299
61.950000, 4842.662299
62.000000, 4842.662299
62.050000, 4842.662299
62.100000, 4842.662299
62.150000, 4842.662299
62.200000, 4842.662299
62.250000, 4842.662299
62.300000, 4842.662299
62.350000, 4842.662299
62.400000, 4842.662299
62.450000, 4842.662299
62.500000, 4842.662299
62.550000, 4842.662299
62.600000, 4842.662299
62.650000, 4842.662299
62.700000, 4842.662299
62.750000, 4842.662299
62.800000, 4842.662299
62.850000, 4842.662299
62.900000, 4842.662299
62.950000, 4842.662299
63.000000, 4842.662299
63.050000, 4842.662299
63.100000, 4842.662299
63.150000, 4842.662299
63.200000, 4842.662299
63.250000, 4842.662299
63.300000, 4842.662299
63.350000, 4842.662299
63.400000, 4842.662299
63.450000, 4842.662299
63.500000, 4842.662299
63.550000, 4842.662299
63.600000, 4842.662299
63.650000, 4842.662299
63.700000, 4842.662299
63.750000, 4842.662299
63.800000, 4842.662299
63.850000, 4842.662299
63.900000, 4842.662299
63.950000, 4842.662299
64.000000, 4842.662299
64.050000, 4842.662299
64.100000, 4842.662299
64.150000, 4842.662299
64.200000, 4842.662299
64.250000, 4842.662299
64.300000, 4842.662299
64.350000, 4842.662299
64.400000, 4842.662299
64.450000, 4842.662299
64.500000, 4842.662299
64.550000, 4842.662299
64.600000, 4842.662299
64.650000, 4842.662299
64.700000, 4842.662299
64.750000, 4842.662299
64.800000, 4842.662299
64.850000, 4842.662299
64.900000, 4842.662299
64.950000, 4842.662299
65.000000, 4842.662299
65.050000, 4842.662299
65.100000, 4842.662299
65.150000, 4842.662299
65.200000, 4842.662299
65.250000, 4842.662299
65.300000, 4842.662299
65.350000, 4842.662299
65.400000, 4842.662299
65.450000, 4842.662299
65.500000, 4842.662299
65.550000, 4842.662299
65.600000, 4842.662299
65.650000, 4842.662299
65.700000, 4842.662299
65.750000, 4842.662299
65.800000, 4842.662299
65.850000, 4842.662299
65.900000, 4842.662299
65.950000, 4842.662299
66.000000, 4842.662299
66.050000, 4842.662299
66.100000, 4842.662299
66.150000, 4842.662299
66.200000, 4842.662299
66.250000, 4842.662299
66.300000, 4842.662299
66.350000, 4842.662299
66.400000, 4842.662299
66.450000, 4842.662299
66.500000, 4842.662299
66.550000, 4842.662299
66.600000, 4842.662299
66.650000, 4842.662299
66.700000, 4842.662299
66.750000, 4842.662299
66.800000, 4842.662299
66.850000, 4842.662299
66.900000, 4842.662299
66.950000, 4842.662299
67.000000, 4842.662299
67.050000, 4842.662299
67.100000, 4842.662299
67.150000, 4842.662299
67.200000, 4842.662299
67.250000, 4842.662299
67.300000, 4842.662299
67.350000, 4842.662299
67.400000, 4842.662299
67.450000, 4842.662299
67.500000, 4842.662299
67.550000, 4842.662299
67.600000, 4842.662299
67.650000, 4842.662299
67.700000, 4842.662299
67.750000, 4842.662299
67.800000, 4842.662299
67.850000, 4842.662299
67.900000, 4842.662299
67.950000, 4842.662299
68.000000, 4842.662299
68.050000, 4842.662299
68.100000, 4842.662299
68.150000, 4842.662299
68.200000, 4842.662299
68.250000, 4842.662299
68.300000, 4842.662299
68.350000, 4842.662299
68.400000, 4842.662299
68.450000, 4842.662299
68.500000, 4842.662299
68.550000, 4842.662299
68.600000, 4842.662299
68.650000, 4842.662299
68.700000, 4842.662299
68.750000, 4842.662299
68.800000, 4842.662299
68.850000, 4842.662299
68.900000, 4842.662299
68.950000, 4842.662299
69.000000, 4842.662299
69.050000, 4842.662299
69.100000, 4842.662299
69.150000, 4842.662299
69.200000, 4842.662299
69.250000, 4842.662299
69.300000, 4842.662299
69.350000, 4842.662299
69.400000, 4842.662299
69.450000, 4842.662299
69.500000, 4842.662299
69.550000, 4842.662299
69.600000, 4842.662299
69.650000, 4842.662299
69.700000, 4842.662299
69.750000, 4842.662299
69.800000, 4842.662299
69.850000, 4842.662299
69.900000, 4842.662299
69.950000, 4842.662299
70.000000, 4842.662299
70.050000, 4842.662299
70.100000, 4842.662299
70.150000, 4842.662299
70.200000, 4842.662299
70.250000, 4842.662299
70.300000, 4842.662299
70.350000, 4842.662299
70.400000, 4842.662299
70.450000, 4842.662299
70.500000, 4842.662299
70.550000, 4842.662299
70.600000, 4842.662299
70.650000, 4842.662299
70.700000, 4842.662299
70.750000, 4842.662299
70.800000, 4842.662299
70.850000, 4842.662299
70.900000, 4842.662299
70.950000, 4842.662299
71.000000, 4842.662299
71.050000, 4842.662299
71.100000, 4842.662299
71.150000, 4842.662299
71.200000, 4842.662299
71.250000, 4842.662299
71.300000, 4842.662299
71.350000, 4842.662299
71.400000, 4842.662299
71.450000, 4842.662299
71.500000, 4842.662299
71.550000, 4842.662299
71.600000, 4842.662299
71.650000, 4842.662299
71.700000, 4842.662299
71.750000, 4842.662299
71.800000, 4842.662299
71.850000, 4842.662299
71.900000, 4842.662299
71.950000, 4842.662299
72.000000, 4842.662299
72.050000, 4842.662299
72.100000, 4842.662299
72.150000, 4842.662299
72.200000, 4842.662299
72.250000, 4842.662299
72.300000, 4842.662299
72.350000, 4842.662299
72.400000, 4842.662299
72.450000, 4842.662299
72.500000, 4842.662299
72.550000, 4842.662299
72.600000, 4842.662299
72.650000, 4842.662299
72.700000, 4842.662299
72.750000, 4842.662299
72.800000, 4842.662299
72.850000, 4842.662299
72.900000, 4842.662299
72.950000, 4842.662299
73.000000, 4842.662299
73.050000, 4842.662299
73.100000, 4842.662299
73.150000, 4842.662299
73.200000, 4842.662299
73.250000, 4842.662299
73.300000, 4842.662299
73.350000, 4842.662299
73.400000, 4842.662299
73.450000, 4842.662299
73.500000, 4842.662299
73.550000, 4842.662299
73.600000, 4842.662299
73.650000, 4842.662299
73.700000, 4842.662299
73.750000, 4842.662299
73.800000, 4842.662299
73.850000, 4842.662299
73.900000, 4842.662299
73.950000, 4842.662299
74.000000, 4842.662299
74.050000, 4842.662299
74.100000, 4842.662299
74.150000, 4842.662299
74.200000, 4842.662299
74.250000, 4842.662299
74.300000, 4842.662299
74.350000, 4842.662299
74.400000, 4842.662299
74.450000, 4842.662299
74.500000, 4842.662299
74.550000, 4842.662299
74.600000, 4842.662299
74.650000, 4842.662299
74.700000, 4842.662299
74.750000, 4842.662299
74.800000, 4842.662299
74.850000, 4842.662299
74.900000, 4842.662299
74.950000, 4842.662299
75.000000, 4842.662299
75.050000, 4842.662299
75.100000, 4842.662299
75.150000, 4842.662299
75.200000, 4842.662299
75.250000, 4842.662299
75.300000, 4842.662299
75.350000, 4842.662299
75.400000, 4842.662299
75.450000, 4842.662299
75.500000, 4842.662299
75.550000, 4842.662299
75.600000, 4842.662299
75.650000, 4842.662299
75.700000, 4842.662299
75.750000, 4842.662299
75.800000, 4842.662299
75.850000, 4842.662299
75.900000, 4842.662299
75.950000, 4842.662299
76.000000, 4842.662299
76.050000, 4842.662299
76.100000, 4842.662299
76.150000, 4842.662299
76.200000, 4842.662299
76.250000, 4842.662299
76.300000, 4842.662299
76.350000, 4842.662299
76.400000, 4842.662299
76.450000, 4842.662299
76.500000, 4842.662299
76.550000, 4842.662299
76.600000, 4842.662299
76.650000, 4842.662299
76.700000, 4842.662299
76.750000, 4842.662299
76.800000, 4842.662299
76.850000, 4842.662299
76.900000, 4842.662299
76.950000, 4842.662299
77.000000, 4842.662299
77.050000, 4842.662299
77.100000, 4842.662299
77.150000, 4842.662299
77.200000, 4842.662299
77.250000, 4842.662299
77.300000, 4842.662299
77.350000, 4842.662299
77.400000, 4842.662299
77.450000, 4842.662299
77.500000, 4842.662299
77.550000, 4842.662299
77.600000, 4842.662299
77.650000, 4842.662299
77.700000, 4842.662299
77.750000, 4842.662299
77.800000, 4842.662299
77.850000, 4842.662299
77.900000, 4842.662299
77.950000, 4842.662299
78.000000, 4842.662299
78.050000, 4842.662299
78.100000, 4842.662299
78.150000, 4842.662299
78.200000, 4842.662299
78.250000, 4842.662299
78.300000, 4842.662299
78.350000, 4842.662299
78.400000, 4842.662299
78.450000, 4842.662299
78.500000, 4842.662299
78.550000, 4842.662299
78.600000, 4842.662299
78.650000, 4842.662299
78.700000, 4842.662299
78.750000, 4842.662299
78.800000, 4842.662299
78.850000, 4842.662299
78.900000, 4842.662299
78.950000, 4842.662299
79.000000, 4842.662299
79.050000, 4842.662299
79.100000, 4842.662300
79.150000, 4842.662300
79.200000, 4842.662300
79.250000, 4842.662300
79.300000, 4842.662300
79.350000, 4842.662300
79.400000, 4842.662300
79.450000, 4842.662300
79.500000, 4842.662300
79.550000, 4842.662300
79.600000, 4842.662300
79.650000, 4842.662300
79.700000, 4842.662300
79.750000, 4842.662300
79.800000, 4842.662300
79.850000, 4842.662300
79.900000, 4842.662300
79.950000, 4842.662300
80.000000, 4842.662300
80.050000, 4842.662300
80.100000, 4842.662300
80.150000, 4842.662300
80.200000, 4842.662300
80.250000, 4842.662300
80.300000, 4842.662300
80.350000, 4842.662300
80.400000, 4842.662300
80.450000, 4842.662300
80.500000, 4842.662300
80.550000, 4842.662300
80.600000, 4842.662300
80.650000, 4842.662300
80.700000, 4842.662300
80.750000, 4842.662300
80.800000, 4842.662300
80.850000, 4842.662300
80.900000, 4842.662300
80.950000, 4842.662300
81.000000, 4842.662300
81.050000, 4842.662300
81.100000, 4842.662300
81.150000, 4842.662300
81.200000, 4842.662300
81.250000, 4842.662300
81.300000, 4842.662300
81.350000, 4842.662300
81.400000, 4842.662300
81.450000, 4842.662300
81.500000, 4842.662300
81.550000, 4842.662300
81.600000, 4842.662300
81.650000, 4842.662300
81.700000, 4842.662300
81.750000, 4842.662300
81.800000, 4842.662300
81.850000, 4842.662300
81.900000, 4842.662300
81.950000, 4842.662300
82.000000, 4842.662300
82.050000, 4842.662300
82.100000, 4842.662300
82.150000, 4842.662300
82.200000, 4842.662300
82.250000, 4842.662300
82.300000, 4842.662300
82.350000, 4842.662300
82.400000, 4842.662300
82.450000, 4842.662300
82.500000, 4842.662300
82.550000, 4842.662300
82.600000, 4842.662300
82.650000, 4842.662300
82.700000, 4842.662300
82.750000, 4842.662300
82.800000, 4842.662300
82.850000, 4842.662300
82.900000, 4842.662300
82.950000, 4842.662300
83.000000, 4842.662300
83.050000, 4842.662300
83.100000, 4842.662300
83.150000, 4842.662300
83.200000, 4842.662300
83.250000, 4842.662300
83.300000, 4842.662300
83.350000, 4842.662300
83.400000, 4842.662300
83.450000, 4842.662300
83.500000, 4842.662300
83.550000, 4842.662300
83.600000, 4842.662300
83.650000, 4842.662300
83.700000, 4842.662300
83.750000, 4842.662300
83.800000, 4842.662300
83.850000, 4842.662300
83.900000, 4842.662300
83.950000, 4842.662300
84.000000, 4842.662300
84.050000, 4842.662300
84.100000, 4842.662300
84.150000, 4842.662300
84.200000, 4842.662300
84.250000, 4842.662300
84.300000, 4842.662300
84.350000, 4842.662300
84.400000, 4842.662300
84.450000, 4842.662300
84.500000, 4842.662300
84.550000, 4842.662300
84.600000, 4842.662300
84.650000, 4842.662300
84.700000, 4842.662300
84.750000, 4842.662300
84.800000, 4842.662300
84.850000, 4842.662300
84.900000, 4842.662300
84.950000, 4842.662300
85.000000, 4842.662300
85.050000, 4842.662300
85.100000, 4842.662300
85.150000, 4842.662300
85.200000, 4842.662300
85.250000, 4842.662300
85.300000, 4842.662300
85.350000, 4842.662300
85.400000, 4842.662300
85.450000, 4842.662300
85.500000, 4842.662300
85.550000, 4842.662300
85.600000, 4842.662300
85.650000, 4842.662300
85.700000, 4842.662300
85.750000, 4842.662300
85.800000, 4842.662300
85.850000, 4842.662300
85.900000, 4842.662300
85.950000, 4842.662300
86.000000, 4842.662300
86.050000, 4842.662300
86.100000, 4842.662300
86.150000, 4842.662300
86.200000, 4842.662300
86.250000, 4842.662300
86.300000, 4842.662300
86.350000, 4842.662300
86.400000, 4842.662300
86.450000, 4842.662300
86.500000, 4842.662300
86.550000, 4842.662300
86.600000, 4842.662300
86.650000, 4842.662300
86.700000, 4842.662300
86.750000, 4842.662300
86.800000, 4842.662300
86.850000, 4842.662300
86.900000, 4842.662300
86.950000, 4842.662300
87.000000, 4842.662300
87.050000, 4842.662300
87.100000, 4842.662300
87.150000, 4842.662300
87.200000, 4842.662300
87.250000, 4842.662300
87.300000, 4842.662300
87.350000, 4842.662300
87.400000, 4842.662300
87.450000, 4842.662300
87.500000, 4842.662300
87.550000, 4842.662300
87.600000, 4842.662300
87.650000, 4842.662300
87.700000, 4842.662300
87.750000, 4842.662300
87.800000, 4842.662300
87.850000, 4842.662300
87.900000, 4842.662300
87.950000, 4842.662300
88.000000, 4842.662300
88.050000, 4842.662300
88.100000, 4842.662300
88.150000, 4842.662300
88.200000, 4842.662300
88.250000, 4842.662300
88.300000, 4842.662300
88.350000, 4842.662300
88.400000, 4842.662300
88.450000, 4842.662300
88.500000, 4842.662300
88.550000, 4842.662300
88.600000, 4842.662300
88.650000, 4842.662300
88.700000, 4842.662300
88.750000, 4842.662300
88.800000, 4842.662300
88.850000, 4842.662300
88.900000, 4842.662300
88.950000, 4842.662300
89.000000, 4842.662300
89.050000, 4842.662300
89.100000, 4842.662300
89.150000, 4842.662300
89.200000, 4842.662300
89.250000, 4842.662300
89.300000, 4842.662300
89.350000, 4842.662300
89.400000, 4842.662300
89.450000, 4842.662300
89.500000, 4842.662300
89.550000, 4842.662300
89.600000, 4842.662300
89.650000, 4842.662300
89.700000, 4842.662300
89.750000, 4842.662300
89.800000, 4842.662300
89.850000, 4842.662300
89.900000, 4842.662300
89.950000, 4842.662300
90.000000, 4842.662300
90.050000, 4842.662300
90.100000, 4842.662300
90.150000, 4842.662300
90.200000, 4842.662300
90.250000, 4842.662300
90.300000, 4842.662300
90.350000, 4842.662300
90.400000, 4842.662300
90.450000, 4842.662300
90.500000, 4842.662300
90.550000, 4842.662300
90.600000, 4842.662300
90.650000, 4842.662300
90.700000, 4842.662300
90.750000, 4842.662300
90.800000, 4842.662300
90.850000, 4842.662300
90.900000, 4842.662300
90.950000, 4842.662300
91.000000, 4842.662300
91.050000, 4842.662300
91.100000, 4842.662300
91.150000, 4842.662300
91.200000, 4842.662300
91.250000, 4842.662300
91.300000, 4842.662300
91.350000, 4842.662300
91.400000, 4842.662300
91.450000, 4842.662300
91.500000, 4842.662300
91.550000, 4842.662300
91.600000, 4842.662300
91.650000, 4842.662300
91.700000, 4842.662300
91.750000, 4842.662300
91.800000, 4842.662300
91.850000, 4842.662300
91.900000, 4842.662300
91.950000, 4842.662300
92.000000, 4842.662300
92.050000, 4842.662300
92.100000, 4842.662300
92.150000, 4842.662300
92.200000, 4842.662300
92.250000, 4842.662300
92.300000, 4842.662300
92.350000, 4842.662300
92.400000, 4842.662300
92.450000, 4842.662300
92.500000, 4842.662300
92.550000, 4842.662300
92.600000, 4842.662300
92.650000, 4842.662300
92.700000, 4842.662300
92.750000, 4842.662300
92.800000, 4842.662300
92.850000, 4842.662300
92.900000, 4842.662300
92.950000, 4842.662300
93.000000, 4842.662300
93.050000, 4842.662300
93.100000, 4842.662300
93.150000, 4842.662300
93.200000, 4842.662300
93.250000, 4842.662300
93.300000, 4842.662300
93.350000, 4842.662300
93.400000, 4842.662300
93.450000, 4842.662300
93.500000, 4842.662300
93.550000, 4842.662300
93.600000, 4842.662300
93.650000, 4842.662300
93.700000, 4842.662300
93.750000, 4842.662300
93.800000, 4842.662300
93.850000, 4842.662300
93.900000, 4842.662300
93.950000, 4842.662300
94.000000, 4842.662300
94.050000, 4842.662300
94.100000, 4842.662300
94.150000, 4842.662300
94.200000, 4842.662300
94.250000, 4842.662300
94.300000, 4842.662300
94.350000, 4842.662300
94.400000, 4842.662300
94.450000, 4842.662300
94.500000, 4842.662300
94.550000, 4842.662300
94.600000, 4842.662300
94.650000, 4842.662300
94.700000, 4842.662300
94.750000, 4842.662300
94.800000, 4842.662300
94.850000, 4842.662300
94.900000, 4842.662300
94.950000, 4842.662300
95.000000, 4842.662300
95.050000, 4842.662300
95.100000, 4842.662300
95.150000, 4842.662300
95.200000, 4842.662300
95.250000, 4842.662300
95.300000, 4842.662300
95.350000, 4842.662300
95.400000, 4842.662300
95.450000, 4842.662300
95.500000, 4842.662300
95.550000, 4842.662300
95.600000, 4842.662300
95.650000, 4842.662300
95.700000, 4842.662300
95.750000, 4842.662300
95.800000, 4842.662300
95.850000, 4842.662300
95.900000, 4842.662300
95.950000, 4842.662300
96.000000, 4842.662300
96.050000, 4842.662300
96.100000, 4842.662300
96.150000, 4842.662300
96.200000, 4842.662300
96.250000, 4842.662300
96.300000, 4842.662300
96.350000, 4842.662300
96.400000, 4842.662300
96.450000, 4842.662300
96.500000, 4842.662300
96.550000, 4842.662300
96.600000, 4842.662300
96.650000, 4842.662300
96.700000, 4842.662300
96.750000, 4842.662300
96.800000, 4842.662300
96.850000, 4842.662300
96.900000, 4842.662300
96.950000, 4842.662300
97.000000, 4842.662300
97.050000, 4842.662300
97.100000, 4842.662300
97.150000, 4842.662300
97.200000, 4842.662300
97.250000, 4842.662300
97.300000, 4842.662300
97.350000, 4842.662300
97.400000, 4842.662300
97.450000, 4842.662300
97.500000, 4842.662300
97.550000, 4842.662300
97.600000, 4842.662300
97.650000, 4842.662300
97.700000, 4842.662300
97.750000, 4842.662300
97.800000, 4842.662300
97.850000, 4842.662300
97.900000, 4842.662300
97.950000, 4842.662300
98.000000, 4842.662300
98.050000, 4842.662300
98.100000, 4842.662300
98.150000, 4842.662300
98.200000, 4842.662300
98.250000, 4842.662300
98.300000, 4842.662300
98.350000, 4842.662300
98.400000, 4842.662300
98.450000, 4842.662300
98.500000, 4842.662300
98.550000, 4842.662300
98.600000, 4842.662300
98.650000, 4842.662300
98.700000, 4842.662300
98.750000, 4842.662300
98.800000, 4842.662300
98.850000, 4842.662300
98.900000, 4842.662300
98.950000, 4842.662300
99.000000, 4842.662300
99.050000, 4842.662300
99.100000, 4842.662300
99.150000, 4842.662300
99.200000, 4842.662300
99.250000, 4842.662300
99.300000, 4842.662300
99.350000, 4842.662300
99.400000, 4842.662300
99.450000, 4842.662300
99.500000, 4842.662300
99.550000, 4842.662300
99.600000, 4842.662300
99.650000, 4842.662300
99.700000, 4842.662300
99.750000, 4842.662300
99.800000, 4842.662300
99.850000, 4842.662300
99.900000, 4842.662300
99.950000, 4842.662300
100.000000, 4842.662300
100.050000, 4842.662300
100.100000, 4842.662300
100.150000, 4842.662300
100.200000, 4842.662300
100.250000, 4842.662300
100.300000, 4842.662300
100.350000, 4842.662300
100.400000, 4842.662300
100.450000, 4842.662300
100.500000, 4842.662300
100.550000, 4842.662300
100.600000, 4842.662300
100.650000, 4842.662300
100.700000, 4842.662300
100.750000, 4842.662300
100.800000, 4842.662300
100.850000, 4842.662300
100.900000, 4842.662300
100.950000, 4842.662300
101.000000, 4842.662300
101.050000, 4842.662300
101.100000, 4842.662300
101.150000, 4842.662300
101.200000, 4842.662300
101.250000, 4842.662300
101.300000, 4842.662300
101.350000, 4842.662300
101.400000, 4842.662300
101.450000, 4842.662300
101.500000, 4842.662300
101.550000, 4842.662300
101.600000, 4842.662300
101.650000, 4842.662300
101.700000, 4842.662300
101.750000, 4842.662300
101.800000, 4842.662300
101.850000, 4842.662300
101.900000, 4842.662300
101.950000, 4842.662300
102.000000, 4842.662300
102.050000, 4842.662300
102.100000, 4842.662300
102.150000, 4842.662300
102.200000, 4842.662300
102.250000, 4842.662300
102.300000, 4842.662300
102.350000, 4842.662300
102.400000, 4842.662300
102.450000, 4842.662300
102.500000, 4842.662300
102.550000, 4842.662300
102.600000, 4842.662300
102.650000, 4842.662300
102.700000, 4842.662300
102.750000, 4842.662300
102.800000, 4842.662300
102.850000, 4842.662300
102.900000, 4842.662300
102.950000, 4842.662300
103.000000, 4842.662300
103.050000, 4842.662300
103.100000, 4842.662300
103.150000, 4842.662300
103.200000, 4842.662300
103.250000, 4842.662300
103.300000, 4842.662300
103.350000, 4842.662300
103.400000, 4842.662300
103.450000, 4842.662300
103.500000, 4842.662300
103.550000, 4842.662300
103.600000, 4842.662300
103.650000, 4842.662300
103.700000, 4842.662300
103.750000, 4842.662300
103.800000, 4842.662300
103.850000, 4842.662300
103.900000, 4842.662300
103.950000, 4842.662300
104.000000, 4842.662300
104.050000, 4842.662300
104.100000, 4842.662300
104.150000, 4842.662300
104.200000, 4842.662300
104.250000, 4842.662300
104.300000, 4842.662300
104.350000, 4842.662300
104.400000, 4842.662300
104.450000, 4842.662300
104.500000, 4842.662300
104.550000, 4842.662300
104.600000, 4842.662300
104.650000, 4842.662300
104.700000, 4842.662300
104.750000, 4842.662300
104.800000, 4842.662300
104.850000, 4842.662300
104.900000, 4842.662300
104.950000, 4842.662300
105.000000, 4842.662300
105.050000, 4842.662300
105.100000, 4842.662300
105.150000, 4842.662300
105.200000, 4842.662300
105.250000, 4842.662300
105.300000, 4842.662300
105.350000, 4842.662300
105.400000, 4842.662300
105.450000, 4842.662300
105.500000, 4842.662300
105.550000, 4842.662300
105.600000, 4842.662300
105.650000, 4842.662300
105.700000, 4842.662300
105.750000, 4842.662300
105.800000, 4842.662300
105.850000, 4842.662300
105.900000, 4842.662300
105.950000, 4842.662300
106.000000, 4842.662300
106.050000, 4842.662300
106.100000, 4842.662300
106.150000, 4842.662300
106.200000, 4842.662300
106.250000, 4842.662300
106.300000, 4842.662300
106.350000, 4842.662300
106.400000, 4842.662300
106.450000, 4842.662300
106.500000, 4842.662300
106.550000, 4842.662300
106.600000, 4842.662300
106.650000, 4842.662300
106.700000, 4842.662300
106.750000, 4842.662300
106.800000, 4842.662300
106.850000, 4842.662300
106.900000, 4842.662300
106.950000, 4842.662300
107.000000, 4842.662300
107.050000, 4842.662300
107.100000, 4842.662300
107.150000, 4842.662300
107.200000, 4842.662300
107.250000, 4842.662300
107.300000, 4842.662300
107.350000, 4842.662300
107.400000, 4842.662300
107.450000, 4842.662300
107.500000, 4842.662300
107.550000, 4842.662300
107.600000, 4842.662300
107.650000, 4842.662300
107.700000, 4842.662300
107.750000, 4842.662300
107.800000, 4842.662300
107.850000, 4842.662300
107.900000, 4842.662300
107.950000, 4842.662300
108.000000, 4842.662300
108.050000, 4842.662300
108.100000, 4842.662300
108.150000, 4842.662300
108.200000, 4842.662300
108.250000, 4842.662300
108.300000, 4842.662300
108.350000, 4842.662300
108.400000, 4842.662300
108.450000, 4842.662300
108.500000, 4842.662300
108.550000, 4842.662300
108.600000, 4842.662300
108.650000, 4842.662300
108.700000, 4842.662300
108.750000, 4842.662300
108.800000, 4842.662300
108.850000, 4842.662300
108.900000, 4842.662300
108.950000, 4842.662300
109.000000, 4842.662300
109.050000, 4842.662300
109.100000, 4842.662300
109.150000, 4842.662300
109.200000, 4842.662300
109.250000, 4842.662300
109.300000, 4842.662300
109.350000, 4842.662300
109.400000, 4842.662300
109.450000, 4842.662300
109.500000, 4842.662300
109.550000, 4842.662300
109.600000, 4842.662300
109.650000, 4842.662300
109.700000, 4842.662300
109.750000, 4842.662300
109.800000, 4842.662300
109.850000, 4842.662300
109.900000, 4842.662300
109.950000, 4842.662300
110.000000, 4842.662300
110.050000, 4842.662300
110.100000, 4842.662300
110.150000, 4842.662300
110.200000, 4842.662300
110.250000, 4842.662300
110.300000, 4842.662300
110.350000, 4842.662300
110.400000, 4842.662300
110.450000, 4842.662300
110.500000, 4842.662300
110.550000, 4842.662300
110.600000, 4842.662300
110.650000, 4842.662300
110.700000, 4842.662300
110.750000, 4842.662300
110.800000, 4842.662300
110.850000, 4842.662300
110.900000, 4842.662300
110.950000, 4842.662300
111.000000, 4842.662300
111.050000, 4842.662300
111.100000, 4842.662300
111.150000, 4842.662300
111.200000, 4842.662300
111.250000, 4842.662300
111.300000, 4842.662300
111.350000, 4842.662300
111.400000, 4842.662300
111.450000, 4842.662300
111.500000, 4842.662300
111.550000, 4842.662300
111.600000, 4842.662300
111.650000, 4842.662300
111.700000, 4842.662300
111.750000, 4842.662300
111.800000, 4842.662300
111.850000, 4842.662300
111.900000, 4842.662300
111.950000, 4842.662300
112.000000, 4842.662300
112.050000, 4842.662300
112.100000, 4842.662300
112.150000, 4842.662300
112.200000, 4842.662300
112.250000, 4842.662300
112.300000, 4842.662300
112.350000, 4842.662300
112.400000, 4842.662300
112.450000, 4842.662300
112.500000, 4842.662300
112.550000, 4842.662300
112.600000, 4842.662300
112.650000, 4842.662300
112.700000, 4842.662300
112.750000, 4842.662300
112.800000, 4842.662300
112.850000, 4842.662300
112.900000, 4842.662300
112.950000, 4842.662300
113.000000, 4842.662300
113.050000, 4842.662300
113.100000, 4842.662300
113.150000, 4842.662300
113.200000, 4842.662300
113.250000, 4842.662300
113.300000, 4842.662300
113.350000, 4842.662300
113.400000, 4842.662300
113.450000, 4842.662300
113.500000, 4842.662300
113.550000, 4842.662300
113.600000, 4842.662300
113.650000, 4842.662300
113.700000, 4842.662300
113.750000, 4842.662300
113.800000, 4842.662300
113.850000, 4842.662300
113.900000, 4842.662300
113.950000, 4842.662300
114.000000, 4842.662300
114.050000, 4842.662300
114.100000, 4842.662300
114.150000, 4842.662300
114.200000, 4842.662300
114.250000, 4842.662300
114.300000, 4842.662300
114.350000, 4842.662300
114.400000, 4842.662300
114.450000, 4842.662300
114.500000, 4842.662300
114.550000, 4842.662300
114.600000, 4842.662300
114.650000, 4842.662300
114.700000, 4842.662300
114.750000, 4842.662300
114.800000, 4842.662300
114.850000, 4842.662300
114.900000, 4842.662300
114.950000, 4842.662300
115.000000, 4842.662300
115.050000, 4842.662300
115.100000, 4842.662300
115.150000, 4842.662300
115.200000, 4842.662300
115.250000, 4842.662300
115.300000, 4842.662300
115.350000, 4842.662300
115.400000, 4842.662300
115.450000, 4842.662300
115.500000, 4842.662300
115.550000, 4842.662300
115.600000, 4842.662300
115.650000, 4842.662300
115.700000, 4842.662300
115.750000, 4842.662300
115.800000, 4842.662300
115.850000, 4842.662300
115.900000, 4842.662300
115.950000, 4842.662300
116.000000, 4842.662300
116.050000, 4842.662300
116.100000, 4842.662300
116.150000, 4842.662300
116.200000, 4842.662300
116.250000, 4842.662300
116.300000, 4842.662300
116.350000, 4842.662300
116.400000, 4842.662300
116.450000, 4842.662300
116.500000, 4842.662300
116.550000, 4842.662300
116.600000, 4842.662300
116.650000, 4842.662300
116.700000, 4842.662300
116.750000, 4842.662300
116.800000, 4842.662300
116.850000, 4842.662300
116.900000, 4842.662300
116.950000, 4842.662300
117.000000, 4842.662300
117.050000, 4842.662300
117.100000, 4842.662300
117.150000, 4842.662300
117.200000, 4842.662300
117.250000, 4842.662300
117.300000, 4842.662300
117.350000, 4842.662300
117.400000, 4842.662300
117.450000, 4842.662300
117.500000, 4842.662300
117.550000, 4842.662300
117.600000, 4842.662300
117.650000, 4842.662300
117.700000, 4842.662300
117.750000, 4842.662300
117.800000, 4842.662300
117.850000, 4842.662300
117.900000, 4842.662300
117.950000, 4842.662300
118.000000, 4842.662300
118.050000, 4842.662300
118.100000, 4842.662300
118.150000, 4842.662300
118.200000, 4842.662300
118.250000, 4842.662300
118.300000, 4842.662300
118.350000, 4842.662300
118.400000, 4842.662300
118.450000, 4842.662300
118.500000, 4842.662300
118.550000, 4842.662300
118.600000, 4842.662300
118.650000, 4842.662300
118.700000, 4842.662300
118.750000, 4842.662300
118.800000, 4842.662300
118.850000, 4842.662300
118.900000, 4842.662300
118.950000, 4842.662300
119.000000, 4842.662300
119.050000, 4842.662300
119.100000, 4842.662300
119.150000, 4842.662300
119.200000, 4842.662300
119.250000, 4842.662300
119.300000, 4842.662300
119.350000, 4842.662300
119.400000, 4842.662300
119.450000, 4842.662300
119.500000, 4842.662300
119.550000, 4842.662300
119.600000, 4842.662300
119.650000, 4842.662300
119.700000, 4842.662300
119.750000, 4842.662300
119.800000, 4842.662300
119.850000, 4842.662300
119.900000, 4842.662300
119.950000, 4842.662300
120.000000, 4842.662300
120.050000, 4842.662300
120.100000, 4842.662300
120.150000, 4842.662300
120.200000, 4842.662300
120.250000, 4842.662300
120.300000, 4842.662300
120.350000, 4842.662300
120.400000, 4842.662300
120.450000, 4842.662300
120.500000, 4842.662300
120.550000, 4842.662300
120.600000, 4842.662300
120.650000, 4842.662300
120.700000, 4842.662300
120.750000, 4842.662300
120.800000, 4842.662300
120.850000, 4842.662300
120.900000, 4842.662300
120.950000, 4842.662300
121.000000, 4842.662300
121.050000, 4842.662300
121.100000, 4842.662300
121.150000, 4842.662300
121.200000, 4842.662300
121.250000, 4842.662300
121.300000, 4842.662300
121.350000, 4842.662300
121.400000, 4842.662300
121.450000, 4842.662300
121.500000, 4842.662300
121.550000, 4842.662300
121.600000, 4842.662300
121.650000, 4842.662300
121.700000, 4842.662300
121.750000, 4842.662300
121.800000, 4842.662300
121.850000, 4842.662300
121.900000, 4842.662300
121.950000, 4842.662300
122.000000, 4842.662300
122.050000, 4842.662300
122.100000, 4842.662300
122.150000, 4842.662300
122.200000, 4842.662300
122.250000, 4842.662300
122.300000, 4842.662300
122.350000, 4842.662300
122.400000, 4842.662300
122.450000, 4842.662300
122.500000, 4842.662300
122.550000, 4842.662300
122.600000, 4842.662300
122.650000, 4842.662300
122.700000, 4842.662300
122.750000, 4842.662300
122.800000, 4842.662300
122.850000, 4842.662300
122.900000, 4842.662300
122.950000, 4842.662300
123.000000, 4842.662300
123.050000, 4842.662300
123.100000, 4842.662300
123.150000, 4842.662300
123.200000, 4842.662300
123.250000, 4842.662300
123.300000, 4842.662300
123.350000, 4842.662300
123.400000, 4842.662300
123.450000, 4842.662300
123.500000, 4842.662300
123.550000, 4842.662300
123.600000, 4842.662300
123.650000, 4842.662300
123.700000, 4842.662300
123.750000, 4842.662300
123.800000, 4842.662300
123.850000, 4842.662300
123.900000, 4842.662300
123.950000, 4842.662300
124.000000, 4842.662300
124.050000, 4842.662300
124.100000, 4842.662300
124.150000, 4842.662300
124.200000, 4842.662300
124.250000, 4842.662300
124.300000, 4842.662300
124.350000, 4842.662300
124.400000, 4842.662300
124.450000, 4842.662300
124.500000, 4842.662300
124.550000, 4842.662300
124.600000, 4842.662300
124.650000, 4842.662300
124.700000, 4842.662300
124.750000, 4842.662300
124.800000, 4842.662300
124.850000, 4842.662300
124.900000, 4842.662300
124.950000, 4842.662300
125.000000, 4842.662300
125.050000, 4842.662300
125.100000, 4842.662300
125.150000, 4842.662300
125.200000, 4842.662300
125.250000, 4842.662300
125.300000, 4842.662300
125.350000, 4842.662300
125.400000, 4842.662300
125.450000, 4842.662300
125.500000, 4842.662300
125.550000, 4842.662300
125.600000, 4842.662300
125.650000, 4842.662300
125.700000, 4842.662300
125.750000, 4842.662300
125.800000, 4842.662300
125.850000, 4842.662300
125.900000, 4842.662300
125.950000, 4842.662300
126.000000, 4842.662300
126.050000, 4842.662300
126.100000, 4842.662300
126.150000, 4842.662300
126.200000, 4842.662300
126.250000, 4842.662300
126.300000, 4842.662300
126.350000, 4842.662300
126.400000, 4842.662300
126.450000, 4842.662300
126.500000, 4842.662300
126.550000, 4842.662300
126.600000, 4842.662300
126.650000, 4842.662300
126.700000, 4842.662300
126.750000, 4842.662300
126.800000, 4842.662300
126.850000, 4842.662300
126.900000, 4842.662300
126.950000, 4842.662300
127.000000, 4842.662300
127.050000, 4842.662300
127.100000, 4842.662300
127.150000, 4842.662300
127.200000, 4842.662300
127.250000, 4842.662300
127.300000, 4842.662300
127.350000, 4842.662300
127.400000, 4842.662300
127.450000, 4842.662300
127.500000, 4842.662300
127.550000, 4842.662300
127.600000, 4842.662300
127.650000, 4842.662300
127.700000, 4842.662300
127.750000, 4842.662300
127.800000, 4842.662300
127.850000, 4842.662300
127.900000, 4842.662300
127.950000, 4842.662300
128.000000, 4842.662300
128.050000, 4842.662300
128.100000, 4842.662300
128.150000, 4842.662300
128.200000, 4842.662300
128.250000, 4842.662300
128.300000, 4842.662300
128.350000, 4842.662300
128.400000, 4842.662300
128.450000, 4842.662300
128.500000, 4842.662300
128.550000, 4842.662300
128.600000, 4842.662300
128.650000, 4842.662300
128.700000, 4842.662300
128.750000, 4842.662300
128.800000, 4842.662300
128.850000, 4842.662300
128.900000, 4842.662300
128.950000, 4842.662300
129.000000, 4842.662300
129.050000, 4842.662300
129.100000, 4842.662300
129.150000, 4842.662300
129.200000, 4842.662300
129.250000, 4842.662300
129.300000, 4842.662300
129.350000, 4842.662300
129.400000, 4842.662300
129.450000, 4842.662300
129.500000, 4842.662300
129.550000, 4842.662300
129.600000, 4842.662300
129.650000, 4842.662300
129.700000, 4842.662300
129.750000, 4842.662300
129.800000, 4842.662300
129.850000, 4842.662300
129.900000, 4842.662300
129.950000, 4842.662300
130.000000, 4842.662300
130.050000, 4842.662300
130.100000, 4842.662300
130.150000, 4842.662300
130.200000, 4842.662300
130.250000, 4842.662300
130.300000, 4842.662300
130.350000, 4842.662300
130.400000, 4842.662300
130.450000, 4842.662300
130.500000, 4842.662300
130.550000, 4842.662300
130.600000, 4842.662300
130.650000, 4842.662300
130.700000, 4842.662300
130.750000, 4842.662300
130.800000, 4842.662300
130.850000, 4842.662300
130.900000, 4842.662300
130.950000, 4842.662300
131.000000, 4842.662300
131.050000, 4842.662300
131.100000, 4842.662300
131.150000, 4842.662300
131.200000, 4842.662300
131.250000, 4842.662300
131.300000, 4842.662300
131.350000, 4842.662300
131.400000, 4842.662300
131.450000, 4842.662300
131.500000, 4842.662300
131.550000, 4842.662300
131.600000, 4842.662300
131.650000, 4842.662300
131.700000, 4842.662300
131.750000, 4842.662300
131.800000, 4842.662300
131.850000, 4842.662300
131.900000, 4842.662300
131.950000, 4842.662300
132.000000, 4842.662300
132.050000, 4842.662300
132.100000, 4842.662300
132.150000, 4842.662300
132.200000, 4842.662300
132.250000, 4842.662300
132.300000, 4842.662300
132.350000, 4842.662300
132.400000, 4842.662300
132.450000, 4842.662300
132.500000, 4842.662300
132.550000, 4842.662300
132.600000, 4842.662300
132.650000, 4842.662300
132.700000, 4842.662300
132.750000, 4842.662300
132.800000, 4842.662300
132.850000, 4842.662300
132.900000, 4842.662300
132.950000, 4842.662300
133.000000, 4842.662300
133.050000, 4842.662300
133.100000, 4842.662300
133.150000, 4842.662300
133.200000, 4842.662300
133.250000, 4842.662300
133.300000, 4842.662300
133.350000, 4842.662300
133.400000, 4842.662300
133.450000, 4842.662300
133.500000, 4842.662300
133.550000, 4842.662300
133.600000, 4842.662300
133.650000, 4842.662300
133.700000, 4842.662300
133.750000, 4842.662300
133.800000, 4842.662300
133.850000, 4842.662300
133.900000, 4842.662300
133.950000, 4842.662300
134.000000, 4842.662300
134.050000, 4842.662300
134.100000, 4842.662300
134.150000, 4842.662300
134.200000, 4842.662300
134.250000, 4842.662300
134.300000, 4842.662300
134.350000, 4842.662300
134.400000, 4842.662300
134.450000, 4842.662300
134.500000, 4842.662300
134.550000, 4842.662300
134.600000, 4842.662300
134.650000, 4842.662300
134.700000, 4842.662300
134.750000, 4842.662300
134.800000, 4842.662300
134.850000, 4842.662300
134.900000, 4842.662300
134.950000, 4842.662300
135.000000, 4842.662300
135.050000, 4842.662300
135.100000, 4842.662300
135.150000, 4842.662300
135.200000, 4842.662300
135.250000, 4842.662300
135.300000, 4842.662300
135.350000, 4842.662300
135.400000, 4842.662300
135.450000, 4842.662300
135.500000, 4842.662300
135.550000, 4842.662300
135.600000, 4842.662300
135.650000, 4842.662300
135.700000, 4842.662300
135.750000, 4842.662300
135.800000, 4842.662300
135.850000, 4842.662300
135.900000, 4842.662300
135.950000, 4842.662300
136.000000, 4842.662300
136.050000, 4842.662300
136.100000, 4842.662300
136.150000, 4842.662300
136.200000, 4842.662300
136.250000, 4842.662300
136.300000, 4842.662300
136.350000, 4842.662300
136.400000, 4842.662300
136.450000, 4842.662300
136.500000, 4842.662300
136.550000, 4842.662300
136.600000, 4842.662300
136.650000, 4842.662300
136.700000, 4842.662300
136.750000, 4842.662300
136.800000, 4842.662300
136.850000, 4842.662300
136.900000, 4842.662300
136.950000, 4842.662300
137.000000, 4842.662300
137.050000, 4842.662300
137.100000, 4842.662300
137.150000, 4842.662300
137.200000, 4842.662300
137.250000, 4842.662300
137.300000, 4842.662300
137.350000, 4842.662300
137.400000, 4842.662300
137.450000, 4842.662300
137.500000, 4842.662300
137.550000, 4842.662300
137.600000, 4842.662300
137.650000, 4842.662300
137.700000, 4842.662300
137.750000, 4842.662300
137.800000, 4842.662300
137.850000, 4842.662300
137.900000, 4842.662300
137.950000, 4842.662300
138.000000, 4842.662300
138.050000, 4842.662300
138.100000, 4842.662300
138.150000, 4842.662300
138.200000, 4842.662300
138.250000, 4842.662300
138.300000, 4842.662300
138.350000, 4842.662300
138.400000, 4842.662300
138.450000, 4842.662300
138.500000, 4842.662300
138.550000, 4842.662300
138.600000, 4842.662300
138.650000, 4842.662300
138.700000, 4842.662300
138.750000, 4842.662300
138.800000, 4842.662300
138.850000, 4842.662300
138.900000, 4842.662300
138.950000, 4842.662300
139.000000, 4842.662300
139.050000, 4842.662300
139.100000, 4842.662300
139.150000, 4842.662300
139.200000, 4842.662300
139.250000, 4842.662300
139.300000, 4842.662300
139.350000, 4842.662300
139.400000, 4842.662300
139.450000, 4842.662300
139.500000, 4842.662300
139.550000, 4842.662300
139.600000, 4842.662300
139.650000, 4842.662300
139.700000, 4842.662300
139.750000, 4842.662300
139.800000, 4842.662300
139.850000, 4842.662300
139.900000, 4842.662300
139.950000, 4842.662300
140.000000, 4842.662300
140.050000, 4842.662300
140.100000, 4842.662300
140.150000, 4842.662300
140.200000, 4842.662300
140.250000, 4842.662300
140.300000, 4842.662300
140.350000, 4842.662300
140.400000, 4842.662300
140.450000, 4842.662300
140.500000, 4842.662300
140.550000, 4842.662300
140.600000, 4842.662300
140.650000, 4842.662300
140.700000, 4842.662300
140.750000, 4842.662300
140.800000, 4842.662300
140.850000, 4842.662300
140.900000, 4842.662300
140.950000, 4842.662300
141.000000, 4842.662300
141.050000, 4842.662300
141.100000, 4842.662300
141.150000, 4842.662300
141.200000, 4842.662300
141.250000, 4842.662300
141.300000, 4842.662300
141.350000, 4842.662300
141.400000, 4842.662300
141.450000, 4842.662300
141.500000, 4842.662300
141.550000, 4842.662300
141.600000, 4842.662300
141.650000, 4842.662300
141.700000, 4842.662300
141.750000, 4842.662300
141.800000, 4842.662300
141.850000, 4842.662300
141.900000, 4842.662300
141.950000, 4842.662300
142.000000, 4842.662300
142.050000, 4842.662300
142.100000, 4842.662300
142.150000, 4842.662300
142.200000, 4842.662300
142.250000, 4842.662300
142.300000, 4842.662300
142.350000, 4842.662300
142.400000, 4842.662300
142.450000, 4842.662300
142.500000, 4842.662300
142.550000, 4842.662300
142.600000, 4842.662300
142.650000, 4842.662300
142.700000, 4842.662300
142.750000, 4842.662300
142.800000, 4842.662300
142.850000, 4842.662300
142.900000, 4842.662300
142.950000, 4842.662300
143.000000, 4842.662300
143.050000, 4842.662300
143.100000, 4842.662300
143.150000, 4842.662300
143.200000, 4842.662300
143.250000, 4842.662300
143.300000, 4842.662300
143.350000, 4842.662300
143.400000, 4842.662300
143.450000, 4842.662300
143.500000, 4842.662300
143.550000, 4842.662300
143.600000, 4842.662300
143.650000, 4842.662300
143.700000, 4842.662300
143.750000, 4842.662300
143.800000, 4842.662300
143.850000, 4842.662300
143.900000, 4842.662300
143.950000, 4842.662300
144.000000, 4842.662300
144.050000, 4842.662300
144.100000, 4842.662300
144.150000, 4842.662300
144.200000, 4842.662300
144.250000, 4842.662300
144.300000, 4842.662300
144.350000, 4842.662300
144.400000, 4842.662300
144.450000, 4842.662300
144.500000, 4842.662300
144.550000, 4842.662300
144.600000, 4842.662300
144.650000, 4842.662300
144.700000, 4842.662300
144.750000, 4842.662300
144.800000, 4842.662300
144.850000, 4842.662300
144.900000, 4842.662300
144.950000, 4842.662300
145.000000, 4842.662300
145.050000, 4842.662300
145.100000, 4842.662300
145.150000, 4842.662300
145.200000, 4842.662300
145.250000, 4842.662300
145.300000, 4842.662300
145.350000, 4842.662300
145.400000, 4842.662300
145.450000, 4842.662300
145.500000, 4842.662300
145.550000, 4842.662300
145.600000, 4842.662300
145.650000, 4842.662300
145.700000, 4842.662300
145.750000, 4842.662300
145.800000, 4842.662300
145.850000, 4842.662300
145.900000, 4842.662300
145.950000, 4842.662300
146.000000, 4842.662300
146.050000, 4842.662300
146.100000, 4842.662300
146.150000, 4842.662300
146.200000, 4842.662300
146.250000, 4842.662300
146.300000, 4842.662300
146.350000, 4842.662300
146.400000, 4842.662300
146.450000, 4842.662300
146.500000, 4842.662300
146.550000, 4842.662300
146.600000, 4842.662300
146.650000, 4842.662300
146.700000, 4842.662300
146.750000, 4842.662300
146.800000, 4842.662300
146.850000, 4842.662300
146.900000, 4842.662300
146.950000, 4842.662300
147.000000, 4842.662300
147.050000, 4842.662300
147.100000, 4842.662300
147.150000, 4842.662300
147.200000, 4842.662300
147.250000, 4842.662300
147.300000, 4842.662300
147.350000, 4842.662300
147.400000, 4842.662300
147.450000, 4842.662300
147.500000, 4842.662300
147.550000, 4842.662300
147.600000, 4842.662300
147.650000, 4842.662300
147.700000, 4842.662300
147.750000, 4842.662300
147.800000, 4842.662300
147.850000, 4842.662300
147.900000, 4842.662300
147.950000, 4842.662300
148.000000, 4842.662300
148.050000, 4842.662300
148.100000, 4842.662300
148.150000, 4842.662300
148.200000, 4842.662300
148.250000, 4842.662300
148.300000, 4842.662300
148.350000, 4842.662300
148.400000, 4842.662300
148.450000, 4842.662300
148.500000, 4842.662300
148.550000, 4842.662300
148.600000, 4842.662300
148.650000, 4842.662300
148.700000, 4842.662300
148.750000, 4842.662300
148.800000, 4842.662300
148.850000, 4842.662300
148.900000, 4842.662300
148.950000, 4842.662300
149.000000, 4842.662300
149.050000, 4842.662300
149.100000, 4842.662300
149.150000, 4842.662300
149.200000, 4842.662300
149.250000, 4842.662300
149.300000, 4842.662300
149.350000, 4842.662300
149.400000, 4842.662300
149.450000, 4842.662300
149.500000, 4842.662300
149.550000, 4842.662300
149.600000, 4842.662300
149.650000, 4842.662300
149.700000, 4842.662300
149.750000, 4842.662300
149.800000, 4842.662300
149.850000, 4842.662300
149.900000, 4842.662300
149.950000, 4842.662300
150.000000, 4842.662300
150.050000, 4842.662300
150.100000, 4842.662300
150.150000, 4842.662300
150.200000, 4842.662300
150.250000, 4842.662300
150.300000, 4842.662300
150.350000, 4842.662300
150.400000, 4842.662300
150.450000, 4842.662300
150.500000, 4842.662300
150.550000, 4842.662300
150.600000, 4842.662300
150.650000, 4842.662300
150.700000, 4842.662300
150.750000, 4842.662300
150.800000, 4842.662300
150.850000, 4842.662300
150.900000, 4842.662300
150.950000, 4842.662300
151.000000, 4842.662300
151.050000, 4842.662300
151.100000, 4842.662300
151.150000, 4842.662300
151.200000, 4842.662300
151.250000, 4842.662300
151.300000, 4842.662300
151.350000, 4842.662300
151.400000, 4842.662300
151.450000, 4842.662300
151.500000, 4842.662300
151.550000, 4842.662300
151.600000, 4842.662300
151.650000, 4842.662300
151.700000, 4842.662300
151.750000, 4842.662300
151.800000, 4842.662300
151.850000, 4842.662300
151.900000, 4842.662300
151.950000, 4842.662300
152.000000, 4842.662300
152.050000, 4842.662300
152.100000, 4842.662300
152.150000, 4842.662300
152.200000, 4842.662300
152.250000, 4842.662300
152.300000, 4842.662300
152.350000, 4842.662300
152.400000, 4842.662300
152.450000, 4842.662300
152.500000, 4842.662300
152.550000, 4842.662300
152.600000, 4842.662300
152.650000, 4842.662300
152.700000, 4842.662300
152.750000, 4842.662300
152.800000, 4842.662300
152.850000, 4842.662300
152.900000, 4842.662300
152.950000, 4842.662300
153.000000, 4842.662300
153.050000, 4842.662300
153.100000, 4842.662300
153.150000, 4842.662300
153.200000, 4842.662300
153.250000, 4842.662300
153.300000, 4842.662300
153.350000, 4842.662300
153.400000, 4842.662300
153.450000, 4842.662300
153.500000, 4842.662300
153.550000, 4842.662300
153.600000, 4842.662300
153.650000, 4842.662300
153.700000, 4842.662300
153.750000, 4842.662300
153.800000, 4842.662300
153.850000, 4842.662300
153.900000, 4842.662300
153.950000, 4842.662300
154.000000, 4842.662300
154.050000, 4842.662300
154.100000, 4842.662300
154.150000, 4842.662300
154.200000, 4842.662300
154.250000, 4842.662300
154.300000, 4842.662300
154.350000, 4842.662300
154.400000, 4842.662300
154.450000, 4842.662300
154.500000, 4842.662300
154.550000, 4842.662300
154.600000, 4842.662300
154.650000, 4842.662300
154.700000, 4842.662300
154.750000, 4842.662300
154.800000, 4842.662300
154.850000, 4842.662300
154.900000, 4842.662300
154.950000, 4842.662300
155.000000, 4842.662300
155.050000, 4842.662300
155.100000, 4842.662300
155.150000, 4842.662300
155.200000, 4842.662300
155.250000, 4842.662300
155.300000, 4842.662300
155.350000, 4842.662300
155.400000, 4842.662300
155.450000, 4842.662300
155.500000, 4842.662300
155.550000, 4842.662300
155.600000, 4842.662300
155.650000, 4842.662300
155.700000, 4842.662300
155.750000, 4842.662300
155.800000, 4842.662300
155.850000, 4842.662300
155.900000, 4842.662300
155.950000, 4842.662300
156.000000, 4842.662300
156.050000, 4842.662300
156.100000, 4842.662300
156.150000, 4842.662300
156.200000, 4842.662300
156.250000, 4842.662300
156.300000, 4842.662300
156.350000, 4842.662300
156.400000, 4842.662300
156.450000, 4842.662300
156.500000, 4842.662300
156.550000, 4842.662300
156.600000, 4842.662300
156.650000, 4842.662300
156.700000, 4842.662300
156.750000, 4842.662300
156.800000, 4842.662300
156.850000, 4842.662300
156.900000, 4842.662300
156.950000, 4842.662300
157.000000, 4842.662300
157.050000, 4842.662300
157.100000, 4842.662300
157.150000, 4842.662300
157.200000, 4842.662300
157.250000, 4842.662300
157.300000, 4842.662300
157.350000, 4842.662300
157.400000, 4842.662300
157.450000, 4842.662300
157.500000, 4842.662300
157.550000, 4842.662300
157.600000, 4842.662300
157.650000, 4842.662300
157.700000, 4842.662300
157.750000, 4842.662300
157.800000, 4842.662300
157.850000, 4842.662300
157.900000, 4842.662300
157.950000, 4842.662300
158.000000, 4842.662300
158.050000, 4842.662300
158.100000, 4842.662300
158.150000, 4842.662300
158.200000, 4842.662300
158.250000, 4842.662300
158.300000, 4842.662300
158.350000, 4842.662300
158.400000, 4842.662300
158.450000, 4842.662300
158.500000, 4842.662300
158.550000, 4842.662300
158.600000, 4842.662300
158.650000, 4842.662300
158.700000, 4842.662300
158.750000, 4842.662300
158.800000, 4842.662300
158.850000, 4842.662300
158.900000, 4842.662300
158.950000, 4842.662300
159.000000, 4842.662300
159.050000, 4842.662300
159.100000, 4842.662300
159.150000, 4842.662300
159.200000, 4842.662300
159.250000, 4842.662300
159.300000, 4842.662300
159.350000, 4842.662300
159.400000, 4842.662300
159.450000, 4842.662300
159.500000, 4842.662300
159.550000, 4842.662300
159.600000, 4842.662300
159.650000, 4842.662300
159.700000, 4842.662300
159.750000, 4842.662300
159.800000, 4842.662300
159.850000, 4842.662300
159.900000, 4842.662300
159.950000, 4842.662300
160.000000, 4842.662300
160.050000, 4842.662300
160.100000, 4842.662300
160.150000, 4842.662300
160.200000, 4842.662300
160.250000, 4842.662300
160.300000, 4842.662300
160.350000, 4842.662300
160.400000, 4842.662300
160.450000, 4842.662300
160.500000, 4842.662300
160.550000, 4842.662300
160.600000, 4842.662300
160.650000, 4842.662300
160.700000, 4842.662300
160.750000, 4842.662300
160.800000, 4842.662300
160.850000, 4842.662300
160.900000, 4842.662300
160.950000, 4842.662300
161.000000, 4842.662300
161.050000, 4842.662300
161.100000, 4842.662300
161.150000, 4842.662300
161.200000, 4842.662300
161.250000, 4842.662300
161.300000, 4842.662300
161.350000, 4842.662300
161.400000, 4842.662300
161.450000, 4842.662300
161.500000, 4842.662300
161.550000, 4842.662300
161.600000, 4842.662300
161.650000, 4842.662300
161.700000, 4842.662300
161.750000, 4842.662300
161.800000, 4842.662300
161.850000, 4842.662300
161.900000, 4842.662300
161.950000, 4842.662300
162.000000, 4842.662300
162.050000, 4842.662300
162.100000, 4842.662300
162.150000, 4842.662300
162.200000, 4842.662300
162.250000, 4842.662300
162.300000, 4842.662300
162.350000, 4842.662300
162.400000, 4842.662300
162.450000, 4842.662300
162.500000, 4842.662300
162.550000, 4842.662300
162.600000, 4842.662300
162.650000, 4842.662300
162.700000, 4842.662300
162.750000, 4842.662300
162.800000, 4842.662300
162.850000, 4842.662300
162.900000, 4842.662300
162.950000, 4842.662300
163.000000, 4842.662300
163.050000, 4842.662300
163.100000, 4842.662300
163.150000, 4842.662300
163.200000, 4842.662300
163.250000, 4842.662300
163.300000, 4842.662300
163.350000, 4842.662300
163.400000, 4842.662300
163.450000, 4842.662300
163.500000, 4842.662300
163.550000, 4842.662300
163.600000, 4842.662300
163.650000, 4842.662300
163.700000, 4842.662300
163.750000, 4842.662300
163.800000, 4842.662300
163.850000, 4842.662300
163.900000, 4842.662300
163.950000, 4842.662300
164.000000, 4842.662300
164.050000, 4842.662300
164.100000, 4842.662300
164.150000, 4842.662300
164.200000, 4842.662300
164.250000, 4842.662300
164.300000, 4842.662300
164.350000, 4842.662300
164.400000, 4842.662300
164.450000, 4842.662300
164.500000, 4842.662300
164.550000, 4842.662300
164.600000, 4842.662300
164.650000, 4842.662300
164.700000, 4842.662300
164.750000, 4842.662300
164.800000, 4842.662300
164.850000, 4842.662300
164.900000, 4842.662300
164.950000, 4842.662300
165.000000, 4842.662300
165.050000, 4842.662300
165.100000, 4842.662300
165.150000, 4842.662300
165.200000, 4842.662300
165.250000, 4842.662300
165.300000, 4842.662300
165.350000, 4842.662300
165.400000, 4842.662300
165.450000, 4842.662300
165.500000, 4842.662300
165.550000, 4842.662300
165.600000, 4842.662300
165.650000, 4842.662300
165.700000, 4842.662300
165.750000, 4842.662300
165.800000, 4842.662300
165.850000, 4842.662300
165.900000, 4842.662300
165.950000, 4842.662300
166.000000, 4842.662300
166.050000, 4842.662300
166.100000, 4842.662300
166.150000, 4842.662300
166.200000, 4842.662300
166.250000, 4842.662300
166.300000, 4842.662300
166.350000, 4842.662300
166.400000, 4842.662300
166.450000, 4842.662300
166.500000, 4842.662300
166.550000, 4842.662300
166.600000, 4842.662300
166.650000, 4842.662300
166.700000, 4842.662300
166.750000, 4842.662300
166.800000, 4842.662300
166.850000, 4842.662300
166.900000, 4842.662300
166.950000, 4842.662300
167.000000, 4842.662300
167.050000, 4842.662300
167.100000, 4842.662300
167.150000, 4842.662300
167.200000, 4842.662300
167.250000, 4842.662300
167.300000, 4842.662300
167.350000, 4842.662300
167.400000, 4842.662300
167.450000, 4842.662300
167.500000, 4842.662300
167.550000, 4842.662300
167.600000, 4842.662300
167.650000, 4842.662300
167.700000, 4842.662300
167.750000, 4842.662300
167.800000, 4842.662300
167.850000, 4842.662300
167.900000, 4842.662300
167.950000, 4842.662300
168.000000, 4842.662300
168.050000, 4842.662300
168.100000, 4842.662300
168.150000, 4842.662300
168.200000, 4842.662300
168.250000, 4842.662300
168.300000, 4842.662300
168.350000, 4842.662300
168.400000, 4842.662300
168.450000, 4842.662300
168.500000, 4842.662300
168.550000, 4842.662300
168.600000, 4842.662300
168.650000, 4842.662300
168.700000, 4842.662300
168.750000, 4842.662300
168.800000, 4842.662300
168.850000, 4842.662300
168.900000, 4842.662300
168.950000, 4842.662300
169.000000, 4842.662300
169.050000, 4842.662300
169.100000, 4842.662300
169.150000, 4842.662300
169.200000, 4842.662300
169.250000, 4842.662300
169.300000, 4842.662300
169.350000, 4842.662300
169.400000, 4842.662300
169.450000, 4842.662300
169.500000, 4842.662300
169.550000, 4842.662300
169.600000, 4842.662300
169.650000, 4842.662300
169.700000, 4842.662300
169.750000, 4842.662300
169.800000, 4842.662300
169.850000, 4842.662300
169.900000, 4842.662300
169.950000, 4842.662300
170.000000, 4842.662300
170.050000, 4842.662300
170.100000, 4842.662300
170.150000, 4842.662300
170.200000, 4842.662300
170.250000, 4842.662300
170.300000, 4842.662300
170.350000, 4842.662300
170.400000, 4842.662300
170.450000, 4842.662300
170.500000, 4842.662300
170.550000, 4842.662300
170.600000, 4842.662300
170.650000, 4842.662300
170.700000, 4842.662300
170.750000, 4842.662300
170.800000, 4842.662300
170.850000, 4842.662300
170.900000, 4842.662300
170.950000, 4842.662300
171.000000, 4842.662300
171.050000, 4842.662300
171.100000, 4842.662300
171.150000, 4842.662300
171.200000, 4842.662300
171.250000, 4842.662300
171.300000, 4842.662300
171.350000, 4842.662300
171.400000, 4842.662300
171.450000, 4842.662300
171.500000, 4842.662300
171.550000, 4842.662300
171.600000, 4842.662300
171.650000, 4842.662300
171.700000, 4842.662300
171.750000, 4842.662300
171.800000, 4842.662300
171.850000, 4842.662300
171.900000, 4842.662300
171.950000, 4842.662300
172.000000, 4842.662300
172.050000, 4842.662300
172.100000, 4842.662300
172.150000, 4842.662300
172.200000, 4842.662300
172.250000, 4842.662300
172.300000, 4842.662300
172.350000, 4842.662300
172.400000, 4842.662300
172.450000, 4842.662300
172.500000, 4842.662300
172.550000, 4842.662300
172.600000, 4842.662300
172.650000, 4842.662300
172.700000, 4842.662300
172.750000, 4842.662300
172.800000, 4842.662300
172.850000, 4842.662300
172.900000, 4842.662300
172.950000, 4842.662300
173.000000, 4842.662300
173.050000, 4842.662300
173.100000, 4842.662300
173.150000, 4842.662300
173.200000, 4842.662300
173.250000, 4842.662300
173.300000, 4842.662300
173.350000, 4842.662300
173.400000, 4842.662300
173.450000, 4842.662300
173.500000, 4842.662300
173.550000, 4842.662300
173.600000, 4842.662300
173.650000, 4842.662300
173.700000, 4842.662300
173.750000, 4842.662300
173.800000, 4842.662300
173.850000, 4842.662300
173.900000, 4842.662300
173.950000, 4842.662300
174.000000, 4842.662300
174.050000, 4842.662300
174.100000, 4842.662300
174.150000, 4842.662300
174.200000, 4842.662300
174.250000, 4842.662300
174.300000, 4842.662300
174.350000, 4842.662300
174.400000, 4842.662300
174.450000, 4842.662300
174.500000, 4842.662300
174.550000, 4842.662300
174.600000, 4842.662300
174.650000, 4842.662300
174.700000, 4842.662300
174.750000, 4842.662300
174.800000, 4842.662300
174.850000, 4842.662300
174.900000, 4842.662300
174.950000, 4842.662300
175.000000, 4842.662300
175.050000, 4842.662300
175.100000, 4842.662300
175.150000, 4842.662300
175.200000, 4842.662300
175.250000, 4842.662300
175.300000, 4842.662300
175.350000, 4842.662300
175.400000, 4842.662300
175.450000, 4842.662300
175.500000, 4842.662300
175.550000, 4842.662300
175.600000, 4842.662300
175.650000, 4842.662300
175.700000, 4842.662300
175.750000, 4842.662300
175.800000, 4842.662300
175.850000, 4842.662300
175.900000, 4842.662300
175.950000, 4842.662300
176.000000, 4842.662300
176.050000, 4842.662300
176.100000, 4842.662300
176.150000, 4842.662300
176.200000, 4842.662300
176.250000, 4842.662300
176.300000, 4842.662300
176.350000, 4842.662300
176.400000, 4842.662300
176.450000, 4842.662300
176.500000, 4842.662300
176.550000, 4842.662300
176.600000, 4842.662300
176.650000, 4842.662300
176.700000, 4842.662300
176.750000, 4842.662300
176.800000, 4842.662300
176.850000, 4842.662300
176.900000, 4842.662300
176.950000, 4842.662300
177.000000, 4842.662300
177.050000, 4842.662300
177.100000, 4842.662300
177.150000, 4842.662300
177.200000, 4842.662300
177.250000, 4842.662300
177.300000, 4842.662300
177.350000, 4842.662300
177.400000, 4842.662300
177.450000, 4842.662300
177.500000, 4842.662300
177.550000, 4842.662300
177.600000, 4842.662300
177.650000, 4842.662300
177.700000, 4842.662300
177.750000, 4842.662300
177.800000, 4842.662300
177.850000, 4842.662300
177.900000, 4842.662300
177.950000, 4842.662300
178.000000, 4842.662300
178.050000, 4842.662300
178.100000, 4842.662300
178.150000, 4842.662300
178.200000, 4842.662300
178.250000, 4842.662300
178.300000, 4842.662300
178.350000, 4842.662300
178.400000, 4842.662300
178.450000, 4842.662300
178.500000, 4842.662300
178.550000, 4842.662300
178.600000, 4842.662300
178.650000, 4842.662300
178.700000, 4842.662300
178.750000, 4842.662300
178.800000, 4842.662300
178.850000, 4842.662300
178.900000, 4842.662300
178.950000, 4842.662300
179.000000, 4842.662300
179.050000, 4842.662300
179.100000, 4842.662300
179.150000, 4842.662300
179.200000, 4842.662300
179.250000, 4842.662300
179.300000, 4842.662300
179.350000, 4842.662300
179.400000, 4842.662300
179.450000, 4842.662300
179.500000, 4842.662300
179.550000, 4842.662300
179.600000, 4842.662300
179.650000, 4842.662300
179.700000, 4842.662300
179.750000, 4842.662300
179.800000, 4842.662300
179.850000, 4842.662300
179.900000, 4842.662300
179.950000, 4842.662300
180.000000, 4842.662300
180.050000, 4842.662300
180.100000, 4842.662300
180.150000, 4842.662300
180.200000, 4842.662300
180.250000, 4842.662300
180.300000, 4842.662300
180.350000, 4842.662300
180.400000, 4842.662300
180.450000, 4842.662300
180.500000, 4842.662300
180.550000, 4842.662300
180.600000, 4842.662300
180.650000, 4842.662300
180.700000, 4842.662300
180.750000, 4842.662300
180.800000, 4842.662300
180.850000, 4842.662300
180.900000, 4842.662300
180.950000, 4842.662300
181.000000, 4842.662300
181.050000, 4842.662300
181.100000, 4842.662300
181.150000, 4842.662300
181.200000, 4842.662300
181.250000, 4842.662300
181.300000, 4842.662300
181.350000, 4842.662300
181.400000, 4842.662300
181.450000, 4842.662300
181.500000, 4842.662300
181.550000, 4842.662300
181.600000, 4842.662300
181.650000, 4842.662300
181.700000, 4842.662300
181.750000, 4842.662300
181.800000, 4842.662300
181.850000, 4842.662300
181.900000, 4842.662300
181.950000, 4842.662300
182.000000, 4842.662300
182.050000, 4842.662300
182.100000, 4842.662300
182.150000, 4842.662300
182.200000, 4842.662300
182.250000, 4842.662300
182.300000, 4842.662300
182.350000, 4842.662300
182.400000, 4842.662300
182.450000, 4842.662300
182.500000, 4842.662300
182.550000, 4842.662300
182.600000, 4842.662300
182.650000, 4842.662300
182.700000, 4842.662300
182.750000, 4842.662300
182.800000, 4842.662300
182.850000, 4842.662300
182.900000, 4842.662300
182.950000, 4842.662300
183.000000, 4842.662300
183.050000, 4842.662300
183.100000, 4842.662300
183.150000, 4842.662300
183.200000, 4842.662300
183.250000, 4842.662300
183.300000, 4842.662300
183.350000, 4842.662300
183.400000, 4842.662300
183.450000, 4842.662300
183.500000, 4842.662300
183.550000, 4842.662300
183.600000, 4842.662300
183.650000, 4842.662300
183.700000, 4842.662300
183.750000, 4842.662300
183.800000, 4842.662300
183.850000, 4842.662300
183.900000, 4842.662300
183.950000, 4842.662300
184.000000, 4842.662300
184.050000, 4842.662300
184.100000, 4842.662300
184.150000, 4842.662300
184.200000, 4842.662300
184.250000, 4842.662300
184.300000, 4842.662300
184.350000, 4842.662300
184.400000, 4842.662300
184.450000, 4842.662300
184.500000, 4842.662300
184.550000, 4842.662300
184.600000, 4842.662300
184.650000, 4842.662300
184.700000, 4842.662300
184.750000, 4842.662300
184.800000, 4842.662300
184.850000, 4842.662300
184.900000, 4842.662300
184.950000, 4842.662300
185.000000, 4842.662300
185.050000, 4842.662300
185.100000, 4842.662300
185.150000, 4842.662300
185.200000, 4842.662300
185.250000, 4842.662300
185.300000, 4842.662300
185.350000, 4842.662300
185.400000, 4842.662300
185.450000, 4842.662300
185.500000, 4842.662300
185.550000, 4842.662300
185.600000, 4842.662300
185.650000, 4842.662300
185.700000, 4842.662300
185.750000, 4842.662300
185.800000, 4842.662300
185.850000, 4842.662300
185.900000, 4842.662300
185.950000, 4842.662300
186.000000, 4842.662300
186.050000, 4842.662300
186.100000, 4842.662300
186.150000, 4842.662300
186.200000, 4842.662300
186.250000, 4842.662300
186.300000, 4842.662300
186.350000, 4842.662300
186.400000, 4842.662300
186.450000, 4842.662300
186.500000, 4842.662300
186.550000, 4842.662300
186.600000, 4842.662300
186.650000, 4842.662300
186.700000, 4842.662300
186.750000, 4842.662300
186.800000, 4842.662300
186.850000, 4842.662300
186.900000, 4842.662300
186.950000, 4842.662300
187.000000, 4842.662300
187.050000, 4842.662300
187.100000, 4842.662300
187.150000, 4842.662300
187.200000, 4842.662300
187.250000, 4842.662300
187.300000, 4842.662300
187.350000, 4842.662300
187.400000, 4842.662300
187.450000, 4842.662300
187.500000, 4842.662300
187.550000, 4842.662300
187.600000, 4842.662300
187.650000, 4842.662300
187.700000, 4842.662300
187.750000, 4842.662300
187.800000, 4842.662300
187.850000, 4842.662300
187.900000, 4842.662300
187.950000, 4842.662300
188.000000, 4842.662300
188.050000, 4842.662300
188.100000, 4842.662300
188.150000, 4842.662300
188.200000, 4842.662300
188.250000, 4842.662300
188.300000, 4842.662300
188.350000, 4842.662300
188.400000, 4842.662300
188.450000, 4842.662300
188.500000, 4842.662300
188.550000, 4842.662300
188.600000, 4842.662300
188.650000, 4842.662300
188.700000, 4842.662300
188.750000, 4842.662300
188.800000, 4842.662300
188.850000, 4842.662300
188.900000, 4842.662300
188.950000, 4842.662300
189.000000, 4842.662300
189.050000, 4842.662300
189.100000, 4842.662300
189.150000, 4842.662300
189.200000, 4842.662300
189.250000, 4842.662300
189.300000, 4842.662300
189.350000, 4842.662300
189.400000, 4842.662300
189.450000, 4842.662300
189.500000, 4842.662300
189.550000, 4842.662300
189.600000, 4842.662300
189.650000, 4842.662300
189.700000, 4842.662300
189.750000, 4842.662300
189.800000, 4842.662300
189.850000, 4842.662300
189.900000, 4842.662300
189.950000, 4842.662300
190.000000, 4842.662300
190.050000, 4842.662300
190.100000, 4842.662300
190.150000, 4842.662300
190.200000, 4842.662300
190.250000, 4842.662300
190.300000, 4842.662300
190.350000, 4842.662300
190.400000, 4842.662300
190.450000, 4842.662300
190.500000, 4842.662300
190.550000, 4842.662300
190.600000, 4842.662300
190.650000, 4842.662300
190.700000, 4842.662300
190.750000, 4842.662300
190.800000, 4842.662300
190.850000, 4842.662300
190.900000, 4842.662300
190.950000, 4842.662300
191.000000, 4842.662300
191.050000, 4842.662300
191.100000, 4842.662300
191.150000, 4842.662300
191.200000, 4842.662300
191.250000, 4842.662300
191.300000, 4842.662300
191.350000, 4842.662300
191.400000, 4842.662300
191.450000, 4842.662300
191.500000, 4842.662300
191.550000, 4842.662300
191.600000, 4842.662300
191.650000, 4842.662300
191.700000, 4842.662300
191.750000, 4842.662300
191.800000, 4842.662300
191.850000, 4842.662300
191.900000, 4842.662300
191.950000, 4842.662300
192.000000, 4842.662300
192.050000, 4842.662300
192.100000, 4842.662300
192.150000, 4842.662300
192.200000, 4842.662300
192.250000, 4842.662300
192.300000, 4842.662300
192.350000, 4842.662300
192.400000, 4842.662300
192.450000, 4842.662300
192.500000, 4842.662300
192.550000, 4842.662300
192.600000, 4842.662300
192.650000, 4842.662300
192.700000, 4842.662300
192.750000, 4842.662300
192.800000, 4842.662300
192.850000, 4842.662300
192.900000, 4842.662300
192.950000, 4842.662300
193.000000, 4842.662300
193.050000, 4842.662300
193.100000, 4842.662300
193.150000, 4842.662300
193.200000, 4842.662300
193.250000, 4842.662300
193.300000, 4842.662300
193.350000, 4842.662300
193.400000, 4842.662300
193.450000, 4842.662300
193.500000, 4842.662300
193.550000, 4842.662300
193.600000, 4842.662300
193.650000, 4842.662300
193.700000, 4842.662300
193.750000, 4842.662300
193.800000, 4842.662300
193.850000, 4842.662300
193.900000, 4842.662300
193.950000, 4842.662300
194.000000, 4842.662300
194.050000, 4842.662300
194.100000, 4842.662300
194.150000, 4842.662300
194.200000, 4842.662300
194.250000, 4842.662300
194.300000, 4842.662300
194.350000, 4842.662300
194.400000, 4842.662300
194.450000, 4842.662300
194.500000, 4842.662300
194.550000, 4842.662300
194.600000, 4842.662300
194.650000, 4842.662300
194.700000, 4842.662300
194.750000, 4842.662300
194.800000, 4842.662300
194.850000, 4842.662300
194.900000, 4842.662300
194.950000, 4842.662300
195.000000, 4842.662300
195.050000, 4842.662300
195.100000, 4842.662300
195.150000, 4842.662300
195.200000, 4842.662300
195.250000, 4842.662300
195.300000, 4842.662300
195.350000, 4842.662300
195.400000, 4842.662300
195.450000, 4842.662300
195.500000, 4842.662300
195.550000, 4842.662300
195.600000, 4842.662300
195.650000, 4842.662300
195.700000, 4842.662300
195.750000, 4842.662300
195.800000, 4842.662300
195.850000, 4842.662300
195.900000, 4842.662300
195.950000, 4842.662300
196.000000, 4842.662300
196.050000, 4842.662300
196.100000, 4842.662300
196.150000, 4842.662300
196.200000, 4842.662300
196.250000, 4842.662300
196.300000, 4842.662300
196.350000, 4842.662300
196.400000, 4842.662300
196.450000, 4842.662300
196.500000, 4842.662300
196.550000, 4842.662300
196.600000, 4842.662300
196.650000, 4842.662300
196.700000, 4842.662300
196.750000, 4842.662300
196.800000, 4842.662300
196.850000, 4842.662300
196.900000, 4842.662300
196.950000, 4842.662300
197.000000, 4842.662300
197.050000, 4842.662300
197.100000, 4842.662300
197.150000, 4842.662300
197.200000, 4842.662300
197.250000, 4842.662300
197.300000, 4842.662300
197.350000, 4842.662300
197.400000, 4842.662300
197.450000, 4842.662300
197.500000, 4842.662300
197.550000, 4842.662300
197.600000, 4842.662300
197.650000, 4842.662300
197.700000, 4842.662300
197.750000, 4842.662300
197.800000, 4842.662300
197.850000, 4842.662300
197.900000, 4842.662300
197.950000, 4842.662300
198.000000, 4842.662300
198.050000, 4842.662300
198.100000, 4842.662300
198.150000, 4842.662300
198.200000, 4842.662300
198.250000, 4842.662300
198.300000, 4842.662300
198.350000, 4842.662300
198.400000, 4842.662300
198.450000, 4842.662300
198.500000, 4842.662300
198.550000, 4842.662300
198.600000, 4842.662300
198.650000, 4842.662300
198.700000, 4842.662300
198.750000, 4842.662300
198.800000, 4842.662300
198.850000, 4842.662300
198.900000, 4842.662300
198.950000, 4842.662300
199.000000, 4842.662300
199.050000, 4842.662300
199.100000, 4842.662300
199.150000, 4842.662300
199.200000, 4842.662300
199.250000, 4842.662300
199.300000, 4842.662300
199.350000, 4842.662300
199.400000, 4842.662300
199.450000, 4842.662300
199.500000, 4842.662300
199.550000, 4842.662300
199.600000, 4842.662300
199.650000, 4842.662300
199.700000, 4842.662300
199.750000, 4842.662300
199.800000, 4842.662300
199.850000, 4842.662300
199.900000, 4842.662300
199.950000, 4842.662300
