0.00000000, 0.00000000
0.38703209, 0.00000000
0.72326203, 0.00000000
1.00000000, 0.00000000
1.52406417, 0.00000000
5.20387701, 0.00000000
9.57219251, 0.00000000
19.16443850, 0.00000000
30.18048128, 0.00000000

0.00000006, 0.00000000
0.37868738, 0.07956548
0.72087258, 0.05875088
0.99875003, 0.05002218
1.52352609, 0.04045418
5.20383087, 0.02198962
9.57217881, 0.01628239
19.16443509, 0.01141446
30.18047990, 0.00906442

0.00000024, 0.00000000
0.35400342, 0.15569790
0.71372002, 0.11711355
0.99500327, 0.09991931
1.52191225, 0.08087979
5.20369245, 0.04397884
9.57213769, 0.03256473
19.16442485, 0.02282891
30.18047578, 0.01812884

0.00000053, 0.00000001
0.31401851, 0.22510056
0.70185166, 0.17470237
0.98876913, 0.14956664
1.51922376, 0.12124828
5.20346175, 0.06596729
9.57206917, 0.04884698
19.16440778, 0.03424336
30.18046890, 0.02719326

0.00000095, 0.00000002
0.26042236, 0.28474601
0.68534596, 0.23113681
0.98006326, 0.19884009
1.51546252, 0.16153114
5.20313878, 0.08795456
9.57197324, 0.06512909
19.16438389, 0.04565779
30.18045927, 0.03625768

0.00000148, 0.00000005
0.19549515, 0.33200186
0.66431208, 0.28604401
0.96890754, 0.24761648
1.51063117, 0.20169993
5.20272354, 0.10994028
9.57184991, 0.08141101
19.16435318, 0.05707221
30.18044689, 0.04532209

0.00000212, 0.00000008
0.12202267, 0.36474523
0.63888908, 0.33906120
0.95532996, 0.29577392
1.50473310, 0.24172626
5.20221605, 0.13192404
9.57169917, 0.09769271
19.16431563, 0.06848660
30.18043176, 0.05438650

0.00000289, 0.00000012
0.04318869, 0.38146154
0.60924506, 0.38983815
0.93936463, 0.34319207
1.49777245, 0.28158187
5.20161630, 0.15390547
9.57152102, 0.11397412
19.16427127, 0.07990097
30.18041388, 0.06345091

0.00000376, 0.00000018
-0.03755341, 0.38132232
0.57557599, 0.43803945
0.92105162, 0.38975248
1.48975410, 0.32123860
5.20092431, 0.17588416
9.57131546, 0.13025522
19.16422007, 0.09131532
30.18039325, 0.07251531

0.00000475, 0.00000026
-0.11662634, 0.36423711
0.53810445, 0.48334673
0.90043690, 0.43533886
1.48068370, 0.36066843
5.20014010, 0.19785973
9.57108250, 0.14653594
19.16416205, 0.10272963
30.18036986, 0.08157970

0.00000585, 0.00000036
-0.19048702, 0.33087448
0.49707815, 0.52546078
0.87757220, 0.47983737
1.47056759, 0.39984351
5.19926367, 0.21983180
9.57082213, 0.16281625
19.16409721, 0.11414390
30.18034373, 0.09064409

0.00000706, 0.00000047
-0.25579027, 0.28264833
0.45276826, 0.56410352
0.85251488, 0.52313694
1.45941289, 0.43873615
5.19829504, 0.24179996
9.57053436, 0.17909609
19.16402554, 0.12555814
30.18031484, 0.09970846

0.00000837, 0.00000060
-0.30954989, 0.22166695
0.40546763, 0.59901984
0.82532780, 0.56512954
1.44722743, 0.47731887
5.19723424, 0.26376383
9.57021919, 0.19537543
19.16394704, 0.13697233
30.18028320, 0.10877283

0.00000980, 0.00000075
-0.34928774, 0.15064503
0.35548886, 0.62997927
0.79607915, 0.60571041
1.43401977, 0.51556438
5.19608127, 0.28572302
9.56987661, 0.21165421
19.16386172, 0.14838647
30.18024881, 0.11783719

0.00001133, 0.00000092
-0.37316116, 0.07278119
0.30316220, 0.65677750
0.76484224, 0.64477839
1.41979918, 0.55344566
5.19483617, 0.30767714
9.56950664, 0.22793239
19.16376957, 0.15980056
30.18021168, 0.12690154

0.00001296, 0.00000112
-0.38005981, -0.00839323
0.24883339, 0.67923776
0.73169538, 0.68223611
1.40457565, 0.59093592
5.19349895, 0.32962581
9.56910926, 0.24420992
19.16367060, 0.17121459
30.18017178, 0.13596587

0.00001470, 0.00000134
-0.36966464, -0.08918568
0.19286136, 0.69721193
0.69672161, 0.71799029
1.38835987, 0.62800863
5.19206963, 0.35156863
9.56868448, 0.26048676
19.16356480, 0.18262857
30.18012914, 0.14503020

0.00001653, 0.00000157
-0.34246449, -0.16592386
0.13561585, 0.71058154
0.66000856, 0.75195193
1.37116324, 0.66463759
5.19054825, 0.37350520
9.56823231, 0.27676285
19.16345217, 0.19404247
30.18008375, 0.15409451

0.00001847, 0.00000184
-0.29972916, -0.23513557
0.07747499, 0.71925856
0.62164815, 0.78403655
1.35299783, 0.70079686
5.18893483, 0.39543516
9.56775274, 0.29303817
19.16333272, 0.20545631
30.18003561, 0.16315880

0.00002051, 0.00000212
-0.24344114, -0.29371591
0.01882277, 0.72318592
0.58173640, 0.81416440
1.33387642, 0.73646087
5.18722939, 0.41735809
9.56724578, 0.30931265
19.16320645, 0.21687008
30.17998471, 0.17222308

0.00002265, 0.00000243
-0.17619128, -0.33907170
-0.03995349, 0.72233797
0.54037320, 0.84226066
1.31381243, 0.77160436
5.18543198, 0.43927363
9.56671142, 0.32558625
19.16307335, 0.22828377
30.17993107, 0.18128735

0.00002489, 0.00000276
-0.10104636, -0.36923585
-0.09846567, 0.71672055
0.49766202, 0.86825560
1.29281999, 0.80620245
5.18354262, 0.46118136
9.56614968, 0.34185892
19.16293342, 0.23969738
30.17987467, 0.19035160

0.00002722, 0.00000311
-0.02139757, -0.38294651
-0.15632746, 0.70637099
0.45370964, 0.89208478
1.27091383, 0.84023063
5.18156134, 0.48308092
9.56556054, 0.35813063
19.16278667, 0.25111090
30.17981552, 0.19941583

0.00002966, 0.00000349
0.05920060, -0.37968954
-0.21315686, 0.69135789
0.40862594, 0.91368921
1.24810937, 0.87366480
5.17948819, 0.50497191
9.56494401, 0.37440132
19.16263309, 0.26252434
30.17975362, 0.20848005

0.00003218, 0.00000389
0.13719199, -0.35970457
-0.26857873, 0.67178057
0.36252356, 0.93301548
1.22442264, 0.90648126
5.17732320, 0.52685394
9.56430010, 0.39067094
19.16247269, 0.27393768
30.17968897, 0.21754424

0.00003481, 0.00000432
0.20917339, -0.32395781
-0.32222725, 0.64776849
0.31551765, 0.95001587
1.19987031, 0.93865675
5.17506641, 0.54872662
9.56362881, 0.40693946
19.16230546, 0.28535092
30.17962157, 0.22660842

0.00003752, 0.00000477
0.27203584, -0.27408532
-0.37374834, 0.61948037
0.26772554, 0.96464850
1.17446965, 0.97016844
5.17271786, 0.57058957
9.56293013, 0.42320682
19.16213141, 0.29676407
30.17955142, 0.23567257

0.00004034, 0.00000525
0.32308830, -0.21231190
-0.42280198, 0.58710312
0.21926651, 0.97687743
1.14823853, 1.00099398
5.17027758, 0.59244239
9.56220407, 0.43947297
19.16195053, 0.30817710
30.17947852, 0.24473671

0.00004324, 0.00000575
0.36016068, -0.14135024
-0.46906447, 0.55085062
0.17026143, 0.98667271
1.12119541, 1.03111148
5.16774564, 0.61428470
9.56145064, 0.45573788
19.16176283, 0.31959003
30.17940287, 0.25380082

0.00004624, 0.00000628
0.38168428, -0.06428520
-0.51223054, 0.51096229
0.12083248, 0.99401047
1.09335935, 1.06049957
5.16512207, 0.63611612
9.56066983, 0.47200150
19.16156830, 0.33100285
30.17932446, 0.26286491

0.00004933, 0.00000684
0.38674887, 0.01555261
-0.55201536, 0.46770152
0.07110285, 0.99887300
1.06474992, 1.08913737
5.16240691, 0.65793625
9.55986165, 0.48826377
19.16136695, 0.34241555
30.17924331, 0.27192897

0.00005250, 0.00000742
0.37513569, 0.09471997
-0.58815642, 0.42135396
0.02119642, 1.00124874
1.03538729, 1.11700452
5.15960023, 0.67974471
9.55902609, 0.50452466
19.16115877, 0.35382813
30.17915940, 0.28099301

0.00005577, 0.00000803
0.34732621, 0.16979759
-0.62041529, 0.37222556
-0.02876255, 1.00113232
1.00529215, 1.14408120
5.15670206, 0.70154112
9.55816317, 0.52078411
19.16094377, 0.36524058
30.17907274, 0.29005703

0.00005913, 0.00000867
0.30448639, 0.23752645
-0.64857912, 0.32064064
-0.07864971, 0.99852460
0.97448569, 1.17034816
5.15371246, 0.72332507
9.55727289, 0.53704208
19.16072195, 0.37665290
30.17898333, 0.29912101

0.00006257, 0.00000934
0.24842617, 0.29494054
-0.67246208, 0.26693967
-0.12834096, 0.99343263
0.94298964, 1.19578669
5.15063149, 0.74509620
9.55635524, 0.55329853
19.16049330, 0.38806509
30.17889117, 0.30818498

0.00006610, 0.00001003
0.18153431, 0.33949200
-0.69190662, 0.21147710
-0.17771273, 0.98586961
0.91082619, 1.22037868
5.14745920, 0.76685411
9.55541023, 0.56955341
19.16025782, 0.39947715
30.17879626, 0.31724891

0.00006971, 0.00001075
0.10668897, 0.36916433
-0.70678441, 0.15461897
-0.22664230, 0.97585491
0.87801803, 1.24410660
5.14419565, 0.78859841
9.55443787, 0.58580667
19.16001552, 0.41088906
30.17869860, 0.32631281

0.00007340, 0.00001149
0.02714521, 0.38256876
-0.71699728, 0.09674053
-0.27500811, 0.96341395
0.84458831, 1.26695352
5.14084090, 0.81032873
9.55343815, 0.60205826
19.15976640, 0.42230082
30.17859819, 0.33537669

0.00007718, 0.00001226
-0.05359828, 0.37901839
-0.72247781, 0.03822375
-0.32269005, 0.94857820
0.81056061, 1.28890315
5.13739500, 0.83204467
9.55241108, 0.61830814
19.15951045, 0.43371244
30.17849503, 0.34444053

0.00008104, 0.00001306
-0.13194926, 0.35857488
-0.72318979, -0.02054519
-0.36956975, 0.93138502
0.77595895, 1.30993980
5.13385802, 0.85374586
9.55135667, 0.63455627
19.15924768, 0.44512390
30.17838911, 0.35350435

0.00008498, 0.00001388
-0.20438332, 0.32206268
-0.71912847, -0.07917844
-0.41553088, 0.91187764
0.74080775, 1.33004844
5.13023003, 0.87543190
9.55027491, 0.65080260
19.15897809, 0.45653521
30.17828045, 0.36256813

0.00008899, 0.00001473
-0.26760920, 0.27104724
-0.71032057, -0.13728904
-0.46045945, 0.89010499
0.70513185, 1.34921467
5.12651109, 0.89710241
9.54916581, 0.66704707
19.15870167, 0.46794635
30.17816903, 0.37163188

0.00009309, 0.00001560
-0.31872930, 0.20777531
-0.69682412, -0.19449345
-0.50424406, 0.86612159
0.66895645, 1.36742478
5.12270126, 0.91875701
9.54802937, 0.68328965
19.15841843, 0.47935733
30.17805487, 0.38069559

0.00009726, 0.00001648
-0.35538552, 0.13507810
-0.67872808, -0.25041412
-0.54677620, 0.83998745
0.63230711, 1.38466572
5.11880061, 0.94039531
9.54686560, 0.69953029
19.15812836, 0.49076814
30.17793795, 0.38975927

0.00010151, 0.00001739
-0.37588088, 0.05624078
-0.65615174, -0.30468194
-0.58795050, 0.81176785
0.59520973, 1.40092510
5.11480922, 0.96201694
9.54567450, 0.71576895
19.15783147, 0.50217877
30.17781828, 0.39882292

0.00010584, 0.00001832
-0.37926821, -0.02515481
-0.62924397, -0.35693868
-0.62766499, 0.78153322
0.55769055, 1.41619124
5.11072716, 0.98362150
9.54445607, 0.73200557
19.15752776, 0.51358923
30.17769586, 0.40788652

0.00011024, 0.00001927
-0.36539937, -0.10540539
-0.59818221, -0.40683936
-0.66582135, 0.74935897
0.51977610, 1.43045316
5.10655450, 1.00520861
9.54321031, 0.74824011
19.15721722, 0.52499950
30.17757069, 0.41695010

0.00011472, 0.00002023
-0.33493141, -0.18086827
-0.56317132, -0.45405453
-0.70232515, 0.71532526
0.48149322, 1.44370059
5.10229132, 1.02677790
9.54193724, 0.76447252
19.15689986, 0.53640959
30.17744277, 0.42601363

0.00011928, 0.00002120
-0.28928948, -0.24813890
-0.52444222, -0.49827242
-0.73708607, 0.67951683
0.44286899, 1.45592395
5.09793769, 1.04832897
9.54063686, 0.78070276
19.15657568, 0.54781949
30.17731210, 0.43507713

0.00012392, 0.00002219
-0.23058971, -0.30421283
-0.48225038, -0.53920101
-0.77001815, 0.64202280
0.40393077, 1.46711440
5.09349369, 1.06986146
9.53930916, 0.79693079
19.15624467, 0.55922920
30.17717868, 0.44414058

0.00012863, 0.00002320
-0.16152817, -0.34662309
-0.43687415, -0.57656999
-0.80103995, 0.60293640
0.36470614, 1.47726384
5.08895940, 1.09137496
9.53795415, 0.81315655
19.15590684, 0.57063870
30.17704251, 0.45320400

0.00013343, 0.00002421
-0.08524416, -0.37354606
-0.38861292, -0.61013249
-0.83007480, 0.56235479
0.32522287, 1.48636488
5.08433491, 1.11286911
9.53657184, 0.82938000
19.15556219, 0.58204801
30.17690358, 0.46226737

0.00013831, 0.00002524
-0.00516696, -0.38387211
-0.33778513, -0.63966675
-0.85705093, 0.52037880
0.28550897, 1.49441089
5.07962029, 1.13434353
9.53516224, 0.84560110
19.15521072, 0.59345711
30.17676191, 0.47133071

0.00014327, 0.00002628
0.07514465, -0.37723972
-0.28472622, -0.66497758
-0.88190171, 0.47711266
0.24559258, 1.50139596
5.07481564, 1.15579783
9.53372534, 0.86181979
19.15485242, 0.60486599
30.17661748, 0.48039400

0.00014831, 0.00002733
0.15216163, -0.35403460
-0.22978635, -0.68589763
-0.90456574, 0.43266379
0.20550201, 1.50731496
5.06992103, 1.17723163
9.53226114, 0.87803603
19.15448730, 0.61627467
30.17647031, 0.48945724

0.00015344, 0.00002838
0.22253556, -0.31535661
-0.17332817, -0.70228856
-0.92498706, 0.38714249
0.16526571, 1.51216350
5.06493656, 1.19864455
9.53076967, 0.89424978
19.15411536, 0.62768313
30.17632038, 0.49852044

0.00015865, 0.00002945
0.28323561, -0.26295890
-0.11572437, -0.71404187
-0.94311522, 0.34066168
0.12491223, 1.51593795
5.05986232, 1.22003622
9.52925091, 0.91046099
19.15373660, 0.63909136
30.17616770, 0.50758360

0.00016395, 0.00003053
0.33166773, -0.19916374
-0.05735524, -0.72107971
-0.95890549, 0.29333665
0.08447023, 1.51863543
5.05469840, 1.24140625
9.52770487, 0.92666961
19.15335101, 0.65049937
30.17601228, 0.51664671

0.00016934, 0.00003163
0.36577316, -0.12675988
0.00139382, -0.72335534
-0.97231887, 0.24528474
0.04396843, 1.52025384
5.04944489, 1.26275427
9.52613157, 0.94287560
19.15295861, 0.66190714
30.17585410, 0.52570978

0.00017482, 0.00003273
0.38410497, -0.04888567
0.06013488, -0.72085349
-0.98332224, 0.19662508
0.00343560, 1.52079185
5.04410189, 1.28407989
9.52453099, 0.95907891
19.15255938, 0.67331469
30.17569317, 0.53477279

0.00018039, 0.00003384
0.38588128, 0.03109799
0.11848000, -0.71359041
-0.99188847, 0.14747828
-0.03709945, 1.52024886
5.03866949, 1.30538275
9.52290316, 0.97527949
19.15215333, 0.68472199
30.17552949, 0.54383576

0.00018605, 0.00003497
0.37101488, 0.10974127
0.17604384, -0.70161382
-0.99799638, 0.09796614
-0.07760789, 1.51862509
5.03314779, 1.32666246
9.52124807, 0.99147731
19.15174046, 0.69612905
30.17536306, 0.55289868

0.00019180, 0.00003611
0.34011848, 0.18364220
0.23244618, -0.68500261
-1.00163090, 0.04821135
-0.11806092, 1.51592149
5.02753689, 1.34791864
9.51956572, 1.00767231
19.15132077, 0.70753587
30.17519388, 0.56196155

0.00019764, 0.00003727
0.29448536, 0.24958329
0.28731441, -0.66386625
-1.00278306, -0.00166279
-0.15842976, 1.51213979
5.02183689, 1.36915093
9.51785613, 1.02386444
19.15089426, 0.71894243
30.17502195, 0.57102437

0.00020357, 0.00003844
0.23604483, 0.30466406
0.34028606, -0.63834415
-1.00145000, -0.05153271
-0.19868566, 1.50728250
5.01604790, 1.39035894
9.51611930, 1.04005367
19.15046092, 0.73034874
30.17484726, 0.58008713

0.00020960, 0.00003963
0.16729271, 0.34642568
0.39101115, -0.60860472
-0.99763498, -0.10127483
-0.23879996, 1.50135287
5.01017001, 1.41154229
9.51435523, 1.05623994
19.15002077, 0.74175480
30.17466983, 0.58914984

0.00021572, 0.00004084
0.09119689, 0.37296264
0.43915449, -0.57484425
-0.99134742, -0.15076589
-0.27874410, 1.49435493
5.00420334, 1.43270062
9.51256393, 1.07242320
19.14957379, 0.75316059
30.17448965, 0.59821250

0.00022193, 0.00004206
0.01107981, 0.38301647
0.48439797, -0.53728561
-0.98260280, -0.19988326
-0.31848961, 1.48629349
4.99814800, 1.45383355
9.51074541, 1.08860343
19.14912000, 0.76456611
30.17430672, 0.60727511

0.00022824, 0.00004330
-0.06951985, 0.37604569
0.52644260, -0.49617681
-0.97142270, -0.24850520
-0.35800816, 1.47717408
4.99200408, 1.47494070
9.50889966, 1.10478056
19.14865938, 0.77597136
30.17412103, 0.61633766

0.00023464, 0.00004456
-0.14700153, 0.35226679
0.56501051, -0.45178933
-0.95783467, -0.29651119
-0.39727157, 1.46700302
4.98577171, 1.49602170
9.50702670, 1.12095455
19.14819195, 0.78737634
30.17393260, 0.62540015

0.00024113, 0.00004584
-0.21786718, 0.31266109
0.59984682, -0.40441636
-0.94187223, -0.34378222
-0.43625184, 1.45578737
4.97945099, 1.51707618
9.50512654, 1.13712535
19.14771769, 0.79878103
30.17374141, 0.63446259

0.00024771, 0.00004714
-0.27888774, 0.25894453
0.63072129, -0.35437083
-0.92357477, -0.39020108
-0.47492115, 1.44353493
4.97304204, 1.53810376
9.50319917, 1.15329292
19.14723662, 0.81018545
30.17354748, 0.64352497

0.00025439, 0.00004846
-0.32726224, 0.19349887
0.65742987, -0.30198336
-0.90298743, -0.43565264
-0.51325189, 1.43025425
4.96654498, 1.55910408
9.50124460, 1.16945722
19.14674872, 0.82158958
30.17335079, 0.65258730

0.00026117, 0.00004981
-0.36075967, 0.11926601
0.67979605, -0.24760007
-0.88016103, -0.48002415
-0.55121669, 1.41595463
4.95995992, 1.58007676
9.49926284, 1.18561819
19.14625401, 0.83299342
30.17315135, 0.66164956

0.00026803, 0.00005117
-0.37783406, 0.03960998
0.69767201, -0.19158029
-0.85515191, -0.52320548
-0.58878845, 1.40064606
4.95328697, 1.60102143
9.49725390, 1.20177580
19.14575248, 0.84439696
30.17294917, 0.67071176

0.00027499, 0.00005256
-0.37770436, -0.04184601
0.71093965, -0.13429416
-0.82802183, -0.56508945
-0.62594030, 1.38433931
4.94652627, 1.62193771
9.49521778, 1.21792999
19.14524412, 0.85580020
30.17274423, 0.67977390

0.00028205, 0.00005396
-0.36039359, -0.12139750
0.71951131, -0.07612022
-0.79883778, -0.60557203
-0.66264569, 1.36704582
4.93967793, 1.64282525
9.49315449, 1.23408072
19.14472895, 0.86720314
30.17253654, 0.68883598

0.00028920, 0.00005539
-0.32672454, -0.19544062
0.72333041, -0.01744287
-0.76767186, -0.64455265
-0.69887838, 1.34877776
4.93274208, 1.66368366
9.49106403, 1.25022794
19.14420697, 0.87860578
30.17232611, 0.69789800

0.00029644, 0.00005685
-0.27827282, -0.26064636
0.72237176, 0.04135014
-0.73460110, -0.68193440
-0.73461245, 1.32954799
4.92571884, 1.68451259
9.48894641, 1.26637161
19.14367816, 0.89000810
30.17211292, 0.70695996

0.00030378, 0.00005832
-0.21728158, -0.31411685
0.71664181, 0.09987034
-0.69970721, -0.71762433
-0.76982232, 1.30937009
4.91860833, 1.70531165
9.48680163, 1.28251168
19.14314253, 0.90141010
30.17189698, 0.71602185

0.00031121, 0.00005982
-0.14654441, -0.35351512
0.70617853, 0.15773103
-0.66307650, -0.75153363
-0.80448280, 1.28825829
4.91141069, 1.72608049
9.48462972, 1.29864811
19.14260009, 0.91281179
30.17167829, 0.72508367

0.00031874, 0.00006135
-0.06926517, -0.37716260
0.69105119, 0.21454992
-0.62479955, -0.78357784
-0.83856907, 1.26622750
4.90412605, 1.74681874
9.48243066, 1.31478084
19.14205083, 0.92421316
30.17145685, 0.73414543

0.00032637, 0.00006290
0.01109630, -0.38410131
0.67135989, 0.26995160
-0.58497107, -0.81367713
-0.87205671, 1.24329331
4.89675453, 1.76752603
9.48020446, 1.33090984
19.14149475, 0.93561419
30.17123266, 0.74320713

0.00033410, 0.00006448
0.09098350, -0.37412022
0.64723493, 0.32357005
-0.54368963, -0.84175644
-0.90492172, 1.21947193
4.88929627, 1.78820199
9.47795114, 1.34703506
19.14093185, 0.94701490
30.17100572, 0.75226875

0.00034192, 0.00006608
0.16689984, -0.34774772
0.61883589, 0.37505108
-0.50105744, -0.86774568
-0.93714057, 1.19478025
4.88175141, 1.80884626
9.47567071, 1.36315645
19.14036214, 0.95841527
30.17077603, 0.76133031

0.00034984, 0.00006772
0.23555572, -0.30621340
0.58635059, 0.42405462
-0.45718010, -0.89157991
-0.96869014, 1.16923577
4.87412007, 1.82945847
9.47336315, 1.37927397
19.13978561, 0.96981530
30.17054360, 0.77039180

0.00035786, 0.00006938
0.29400133, -0.25138328
0.54999387, 0.47025704
-0.41216632, -0.91319952
-0.99954780, 1.14285658
4.86640241, 1.85003826
9.47102850, 1.39538756
19.13920226, 0.98121499
30.17030841, 0.77945322

0.00036598, 0.00007108
0.33974144, -0.18567306
0.51000612, 0.51335322
-0.36612768, -0.93255036
-1.02969144, 1.11566142
4.85859855, 1.87058527
9.46866674, 1.41149719
19.13861210, 0.99261433
30.17007047, 0.78851457

0.00037419, 0.00007281
0.37082989, -0.11194372
0.46665172, 0.55305861
-0.31917834, -0.94958387
-1.05909940, 1.08766960
4.85070863, 1.89109912
9.46627789, 1.42760281
19.13801512, 1.00401332
30.16982978, 0.79757585

0.00038250, 0.00007457
0.38594224, -0.03338353
0.42021729, 0.58911109
-0.27143478, -0.96425724
-1.08775058, 1.05890099
4.84273281, 1.91157947
9.46386196, 1.44370438
19.13741132, 1.01541195
30.16958634, 0.80663705

0.00039091, 0.00007637
0.38442556, 0.04661976
0.37100974, 0.62127271
-0.22301548, -0.97653349
-1.11562442, 1.02937605
4.83467121, 1.93202594
9.46141895, 1.45980184
19.13680071, 1.02681022
30.16934015, 0.81569818

0.00039942, 0.00007821
0.36632457, 0.12461314
0.31935430, 0.64933125
-0.17404067, -0.98638159
-1.14270088, 0.99911578
4.82652400, 1.95243818
9.45894887, 1.47589515
19.13618328, 1.03820813
30.16909121, 0.82475924

0.00040802, 0.00008008
0.33238343, 0.19721568
0.26559234, 0.67310161
-0.12463198, -0.99377650
-1.16896053, 0.96814170
4.81829131, 1.97281582
9.45645173, 1.49198426
19.13555904, 1.04960568
30.16883952, 0.83382022

0.00041672, 0.00008200
0.28402256, 0.26125542
0.21007908, 0.69242704
-0.07491221, -0.99869930
-1.19438448, 0.93647587
4.80997329, 1.99315851
9.45392754, 1.50806914
19.13492798, 1.06100285
30.16858508, 0.84288113

0.00042551, 0.00008395
0.22328993, 0.31390194
0.15318130, 0.70718018
-0.02500495, -1.00113719
-1.21895447, 0.90414082
4.80157010, 2.01346588
9.45137630, 1.52414973
19.13429011, 1.07239964
30.16832789, 0.85194196

0.00043440, 0.00008595
0.15278666, 0.35279026
0.09527486, 0.71726386
0.02496565, -1.00108353
-1.24265282, 0.87115961
4.79308188, 2.03373758
9.44879802, 1.54022599
19.13364542, 1.08379605
30.16806795, 0.86100272

0.00044337, 0.00008799
0.07556753, 0.37613080
0.03674226, 0.72261178
0.07487527, -0.99853792
-1.26546250, 0.83755573
4.78450879, 2.05397325
9.44619270, 1.55629787
19.13299392, 1.09519209
30.16780526, 0.87006339

0.00045244, 0.00009008
-0.00498206, 0.38280003
-0.02202991, 0.72318889
0.12459966, -0.99350611
-1.28736709, 0.80335315
4.77585098, 2.07417253
9.44356037, 1.57236533
19.13233560, 1.10658773
30.16753982, 0.87912399

0.00046159, 0.00009220
-0.08528924, 0.37240580
-0.08065354, 0.71899166
0.17401498, -0.98600010
-1.30835084, 0.76857626
4.76710860, 2.09433507
9.44090102, 1.58842832
19.13167047, 1.11798298
30.16727163, 0.88818451

0.00047084, 0.00009437
-0.16175236, 0.34532187
-0.13874153, 0.71004807
0.22299811, -0.97603802
-1.32839864, 0.73324987
4.75828182, 2.11446050
9.43821466, 1.60448679
19.13099853, 1.12937783
30.16700069, 0.89724494

0.00048017, 0.00009659
-0.23090794, 0.30268702
-0.19591035, 0.69641743
0.27142695, -0.96364415
-1.34749605, 0.69739919
4.74937080, 2.13454847
9.43550131, 1.62054071
19.13031977, 1.14077229
30.16672700, 0.90630530

0.00048958, 0.00009885
-0.28959760, 0.24636588
-0.25178258, 0.67818997
0.31918074, -0.94884883
-1.36562933, 0.66104982
4.74037569, 2.15459864
9.43276096, 1.63659002
19.12963420, 1.15216634
30.16645056, 0.91536557

0.00049908, 0.00010115
-0.33512509, 0.17887096
-0.30598940, 0.65548626
0.36614033, -0.93168843
-1.38278542, 0.62422772
4.73129665, 2.17461063
9.42999363, 1.65263467
19.12894182, 1.16355998
30.16617137, 0.92442576

0.00050866, 0.00010350
-0.36539332, 0.10324832
-0.35817301, 0.62845638
0.41218853, -0.91220521
-1.39895196, 0.58695918
4.72213386, 2.19458411
9.42719933, 1.66867463
19.12824262, 1.17495321
30.16588943, 0.93348587

0.00051832, 0.00010588
-0.37901207, 0.02293239
-0.40798897, 0.59727896
0.45721036, -0.89044727
-1.41411729, 0.54927085
4.71288746, 2.21451872
9.42437806, 1.68470985
19.12753661, 1.18634603
30.16560475, 0.94254589

0.00052807, 0.00010831
-0.37536859, -0.05842170
-0.45510852, 0.56215995
0.50109336, -0.86646839
-1.42827050, 0.51118964
4.70355764, 2.23441410
9.42152983, 1.70074028
19.12682379, 1.19773842
30.16531731, 0.95160582

0.00053790, 0.00011079
-0.35465646, -0.13711804
-0.49922070, 0.52333132
0.54372787, -0.84032795
-1.44140136, 0.47274278
4.69414456, 2.25426991
9.41865466, 1.71676587
19.12610416, 1.20913039
30.16502712, 0.96066567

0.00054780, 0.00011330
-0.31786086, -0.20960054
-0.54003440, 0.48104948
0.58500732, -0.81209074
-1.45350042, 0.43395777
4.68464839, 2.27408580
9.41575254, 1.73278659
19.12537771, 1.22052193
30.16473418, 0.96972544

0.00055779, 0.00011585
-0.26670236, -0.27262319
-0.57728029, 0.43559358
0.62482847, -0.78182682
-1.46455895, 0.39486232
4.67506929, 2.29386141
9.41282350, 1.74880238
19.12464446, 1.23191304
30.16443850, 0.97878511

0.00056785, 0.00011844
-0.20354401, -0.32340004
-0.61071260, 0.38726373
0.66309171, -0.74961134
-1.47456897, 0.35548442
4.66540745, 2.31359639
9.40986753, 1.76481320
19.12390439, 1.24330372
30.16414006, 0.98784470

0.00057800, 0.00012107
-0.13126912, -0.35972719
-0.64011071, 0.33637894
0.69970128, -0.71552437
-1.48352326, 0.31585222
4.65566303, 2.33329041
9.40688465, 1.78081900
19.12315751, 1.25469395
30.16383887, 0.99690420

0.00058823, 0.00012374
-0.05313828, -0.38007197
-0.66528061, 0.28327511
0.73456555, -0.67965070
-1.49141534, 0.27599408
4.64583621, 2.35294310
9.40387487, 1.79681974
19.12240382, 1.26608374
30.16353494, 1.00596360

0.00059853, 0.00012645
0.02736525, -0.38362692
-0.68605619, 0.22830270
0.76759719, -0.64207961
-1.49823953, 0.23593851
4.63592717, 2.37255413
9.40083819, 1.81281537
19.12164332, 1.27747308
30.16322826, 1.01502292

0.00060892, 0.00012920
0.10669338, -0.37032896
-0.70230032, 0.17182455
0.79871348, -0.60290466
-1.50399089, 0.19571419
4.62593608, 2.39212315
9.39777463, 1.82880585
19.12087601, 1.28886197
30.16291882, 1.02408214

0.00061939, 0.00013198
0.18138679, -0.34084569
-0.71390576, 0.11421337
0.82783645, -0.56222346
-1.50866526, 0.15534989
4.61586313, 2.41164981
9.39468418, 1.84479114
19.12010189, 1.30025040
30.16260664, 1.03314127

0.00062994, 0.00013480
0.24821831, -0.29653251
-0.72079585, 0.05584938
0.85489311, -0.52013743
-1.51225927, 0.11487452
4.60570850, 2.43113378
9.39156688, 1.86077117
19.11932096, 1.31163837
30.16229170, 1.04220031

0.00064057, 0.00013766
0.30432165, -0.23936435
-0.72292504, -0.00288226
0.87981565, -0.47675152
-1.51477030, 0.07431704
4.59547236, 2.45057469
9.38842271, 1.87674592
19.11853323, 1.32302587
30.16197402, 1.05125925

0.00065129, 0.00014055
0.34730209, -0.17184652
-0.72027916, -0.06159393
0.90254155, -0.43217399
-1.51619654, 0.03370648
4.58515491, 2.46997222
9.38525170, 1.89271534
19.11773868, 1.33441291
30.16165359, 1.06031810

0.00066209, 0.00014348
0.37532725, -0.09690870
-0.71287554, -0.11989817
0.92301385, -0.38651608
-1.51653694, -0.00692809
4.57475633, 2.48932603
9.38205384, 1.90867937
19.11693732, 1.34579947
30.16133041, 1.06937685

0.00067297, 0.00014645
0.38719607, -0.01778571
-0.70076290, -0.17741017
0.94118118, -0.33989181
-1.51579124, -0.04755758
4.56427680, 2.50863576
9.37882916, 1.92463798
19.11612916, 1.35718556
30.16100448, 1.07843550

0.00068393, 0.00014946
0.38238528, 0.06211115
-0.68402100, -0.23375033
0.95699798, -0.29241759
-1.51395998, -0.08815289
4.55371652, 2.52790108
9.37557766, 1.94059111
19.11531419, 1.36857117
30.16067580, 1.08749406

0.00069498, 0.00015251
0.36107214, 0.13932920
-0.66276015, -0.28854678
0.97042456, -0.24421203
-1.51104445, -0.12868498
4.54307567, 2.54712165
9.37229935, 1.95653873
19.11449241, 1.37995629
30.16034437, 1.09655251

0.00070611, 0.00015560
0.32413262, 0.21051239
-0.63712046, -0.34143780
0.98142724, -0.19539557
-1.50704675, -0.16912483
4.53235444, 2.56629714
9.36899424, 1.97248079
19.11366382, 1.39134092
30.16001019, 1.10561087

0.00071733, 0.00015873
0.27311421, 0.27253864
-0.60727095, -0.39207421
0.98997842, -0.14609019
-1.50196973, -0.20944348
4.52155304, 2.58542720
9.36566234, 1.98841724
19.11282843, 1.40272506
30.15967327, 1.11466913

0.00072863, 0.00016189
0.21018261, 0.32265238
-0.57340842, -0.44012170
0.99605664, -0.09641913
-1.49581706, -0.24961208
4.51067164, 2.60451149
9.36230366, 2.00434804
19.11198623, 1.41410871
30.15933359, 1.12372728

0.00074001, 0.00016510
0.13804230, 0.35858761
-0.53575614, -0.48526300
0.99964667, -0.04650654
-1.48859314, -0.28960188
4.49971046, 2.62354969
9.35891821, 2.02027314
19.11113722, 1.42549185
30.15899117, 1.13278534

0.00075147, 0.00016835
0.05983150, 0.37867581
-0.49456243, -0.52719998
1.00073951, 0.00352280
-1.48030318, -0.32938425
4.48866968, 2.64254145
9.35550601, 2.03619250
19.11028140, 1.43687449
30.15864599, 1.14184329

0.00076302, 0.00017163
-0.02100631, 0.38193304
-0.45009899, -0.56565566
0.99933243, 0.05354384
-1.47095313, -0.36893073
4.47754950, 2.66148645
9.35206705, 2.05210607
19.10941878, 1.44825662
30.15829807, 1.15090114

0.00077465, 0.00017496
-0.10087061, 0.36812001
-0.40265911, -0.60037599
0.99542901, 0.10343152
-1.46054971, -0.40821302
4.46635012, 2.68038434
9.34860136, 2.06801380
19.10854936, 1.45963823
30.15794740, 1.15995888

0.00078637, 0.00017833
-0.17616637, 0.33776969
-0.35255576, -0.63113154
0.98903905, 0.15306113
-1.44910041, -0.44720301
4.45507175, 2.69923480
9.34510893, 2.08391566
19.10767313, 1.47101933
30.15759397, 1.16901652

0.00079817, 0.00018174
-0.24347312, 0.29217811
-0.30011952, -0.65771903
0.98017863, 0.20230862
-1.43661346, -0.48587282
4.44371459, 2.71803749
9.34158979, 2.09981159
19.10679009, 1.48239991
30.15723780, 1.17807405

0.00081005, 0.00018519
-0.29971167, 0.23335600
-0.24569641, -0.67996270
0.96887003, 0.25105091
-1.42309785, -0.52419478
4.43227883, 2.73679209
9.33804395, 2.11570155
19.10590025, 1.49377996
30.15687889, 1.18713148

0.00082202, 0.00018868
-0.34229820, 0.16394157
-0.18964559, -0.69771540
0.95514166, 0.29916618
-1.40856329, -0.56214149
4.42076470, 2.75549826
9.33447140, 2.13158550
19.10500361, 1.50515948
30.15651722, 1.19618880

0.00083407, 0.00019221
-0.36927565, 0.08707782
-0.13233701, -0.71085966
0.93902801, 0.34653420
-1.39302024, -0.59968582
4.40917238, 2.77415567
9.33087218, 2.14746339
19.10410016, 1.51653847
30.15615280, 1.20524601

0.00084620, 0.00019578
-0.37941340, 0.00626091
-0.07414896, -0.71930841
0.92056956, 0.39303666
-1.37647988, -0.63680093
4.39750210, 2.79276400
9.32724627, 2.16333517
19.10318991, 1.52791692
30.15578564, 1.21430311

0.00085842, 0.00019939
-0.37226827, -0.07483164
-0.01546558, -0.72300557
0.89981266, 0.43855741
-1.35895411, -0.67346029
4.38575406, 2.81132291
9.32359371, 2.17920080
19.10227285, 1.53929483
30.15541572, 1.22336010

0.00087072, 0.00020304
-0.34820291, -0.15252172
0.04332567, -0.72192644
0.87680942, 0.48298279
-1.34045552, -0.70963771
4.37392847, 2.82983209
9.31991449, 2.19506024
19.10134900, 1.55067220
30.15504306, 1.23241698

0.00088311, 0.00020673
-0.30836102, -0.22330935
0.10183660, -0.71607788
0.85161759, 0.52620192
-1.32099742, -0.74530735
4.36202555, 2.84829120
9.31620863, 2.21091344
19.10041833, 1.56204901
30.15466765, 1.24147375

0.00089559, 0.00021046
-0.25460229, -0.28403816
0.15968079, -0.70549823
0.82430038, 0.56810697
-1.30059379, -0.78044374
4.35004550, 2.86669993
9.31247614, 2.22676035
19.09948087, 1.57342528
30.15428949, 1.25053040

0.00090815, 0.00021424
-0.18940265, -0.33203870
0.21647624, -0.69025712
0.79492633, 0.60859341
-1.27925932, -0.81502179
4.33798855, 2.88505795
9.30871702, 2.24260093
19.09853661, 1.58480098
30.15390858, 1.25958694

0.00092081, 0.00021805
-0.11572759, -0.36524259
0.27184779, -0.67045497
0.76356911, 0.64756032
-1.25700932, -0.84901681
4.32585490, 2.90336493
9.30493131, 2.25843513
19.09758554, 1.59617612
30.15352492, 1.26864337

0.00093355, 0.00022191
-0.03688712, -0.38226344
0.32542969, -0.64622233
0.73030735, 0.68491061
-1.23385980, -0.88240457
4.31364479, 2.92162056
9.30111899, 2.27426291
19.09662767, 1.60755070
30.15313851, 1.27769968

0.00094638, 0.00022580
0.04361873, -0.38244310
0.37686796, -0.61771908
0.69522442, 0.72055126
-1.20982738, -0.91516124
4.30135842, 2.93982450
9.29728009, 2.29008423
19.09566300, 1.61892471
30.15274936, 1.28675588

0.00095931, 0.00022975
0.12225587, -0.36586392
0.42582277, -0.58513330
0.65840823, 0.75439357
-1.18492933, -0.94726347
4.28899602, 2.95797646
9.29341462, 2.30589904
19.09469153, 1.63029815
30.15235746, 1.29581196

0.00097233, 0.00023373
0.19560674, -0.33332952
0.47197068, -0.54868009
0.61995101, 0.78635336
-1.15918354, -0.97868838
4.27655780, 2.97607610
9.28952258, 2.32170729
19.09371326, 1.64167100
30.15196280, 1.30486792

0.00098544, 0.00023777
0.26051004, -0.28631750
0.51500676, -0.50860012
0.57994906, 0.81635121
-1.13260848, -1.00941359
4.26404400, 2.99412310
9.28560400, 2.33750894
19.09272819, 1.65304328
30.15156540, 1.31392377

0.00099865, 0.00024185
0.31418550, -0.22690805
0.55464664, -0.46515807
0.53850251, 0.84431263
-1.10522326, -1.03941721
4.25145484, 3.01211716
9.28165887, 2.35330394
19.09173632, 1.66441497
30.15116526, 1.32297949

0.00101195, 0.00024598
0.35434084, -0.15769253
0.59062839, -0.41864083
0.49571507, 0.87016826
-1.07704751, -1.06867790
4.23879054, 3.03005794
9.27768722, 2.36909225
19.09073766, 1.67578607
30.15076236, 1.33203510

0.00102535, 0.00025016
0.37925882, -0.08166581
0.62271425, -0.36935567
0.45169376, 0.89385401
-1.04810147, -1.09717482
4.22605133, 3.04794515
9.27368906, 2.38487383
19.08973219, 1.68715657
30.15035671, 1.34109058

0.00103884, 0.00025440
0.38786295, -0.00210585
0.65069219, -0.31762816
0.40654864, 0.91531126
-1.01840589, -1.12488773
4.21323744, 3.06577847
9.26966439, 2.40064863
19.08871992, 1.69852648
30.14994832, 1.35014595

0.00105242, 0.00025869
0.37976057, 0.07755609
0.67437737, -0.26380003
0.36039256, 0.93448698
-0.98798209, -1.15179693
4.20034909, 3.08355757
9.26561323, 2.41641660
19.08770086, 1.70989579
30.14953718, 1.35920119

0.00106610, 0.00026304
0.35526216, 0.15387149
0.69361327, -0.20822692
0.31334080, 0.95133385
-0.95685189, -1.17788330
4.18738653, 3.10128216
9.26153559, 2.43217770
19.08667500, 1.72126449
30.14912329, 1.36825630

0.00107988, 0.00026745
0.31537578, 0.22351343
0.70827285, -0.15127601
0.26551087, 0.96581040
-0.92503759, -1.20312833
4.17434998, 3.11895191
9.25743149, 2.44793188
19.08564234, 1.73263258
30.14870665, 1.37731130

0.00109375, 0.00027192
0.26177565, 0.28341440
0.71825928, -0.09332359
0.21702215, 0.97788108
-0.89256200, -1.22751411
4.16123967, 3.13656653
9.25330093, 2.46367911
19.08460289, 1.74400006
30.14828727, 1.38636616

0.00110771, 0.00027645
0.19674395, 0.33089881
0.72350666, -0.03475261
0.16799562, 0.98751635
-0.85944840, -1.25102335
4.14805585, 3.15412570
9.24914393, 2.47941933
19.08355663, 1.75536692
30.14786513, 1.39542091

0.00112177, 0.00028104
0.12308600, 0.36380487
0.72398042, 0.02404994
0.11855353, 0.99469279
-0.82572050, -1.27363940
4.13479874, 3.17162910
9.24496051, 2.49515250
19.08250359, 1.76673315
30.14744025, 1.40447552

0.00113591, 0.00028570
0.04401953, 0.38059020
0.71967755, 0.08269550
0.06881914, 0.99939308
-0.79140246, -1.29534624
4.12146859, 3.18907645
9.24075066, 2.51087857
19.08144374, 1.77809876
30.14701262, 1.41353001

0.00115015, 0.00029043
-0.03695936, 0.38041480
0.71062664, 0.14079658
0.01891636, 1.00160609
-0.75651884, -1.31612854
4.10806563, 3.20646742
9.23651441, 2.52659751
19.08037710, 1.78946374
30.14658224, 1.42258437

0.00116447, 0.00029522
-0.11622940, 0.36319540
0.69688765, 0.19796929
-0.03103053, 1.00132689
-0.72109463, -1.33597159
4.09459011, 3.22380172
9.23225177, 2.54230927
19.07930367, 1.80082809
30.14614912, 1.43163860

0.00117888, 0.00030009
-0.19021013, 0.32962553
0.67855157, 0.25383589
-0.08089720, 0.99855675
-0.68515515, -1.35486140
4.08104226, 3.24107904
9.22796276, 2.55801379
19.07822344, 1.81219180
30.14571325, 1.44069270

0.00119338, 0.00030503
-0.25553267, 0.28115761
0.65573975, 0.30802731
-0.13055958, 0.99330315
-0.64872612, -1.37278464
4.06742233, 3.25829908
9.22364737, 2.57371104
19.07713642, 1.82355486
30.14527462, 1.44974667

0.00120796, 0.00031003
-0.30920532, 0.21994514
0.62860315, 0.36018556
-0.17989414, 0.98557972
-0.61183358, -1.38972869
4.05373057, 3.27546153
9.21930564, 2.58940098
19.07604260, 1.83491728
30.14483325, 1.45880051

0.00122262, 0.00031511
-0.34876402, 0.14874637
0.59732131, 0.40996611
-0.22877824, 0.97540624
-0.57450392, -1.40568161
4.03996721, 3.29256611
9.21493756, 2.60508355
19.07494199, 1.84627905
30.14438914, 1.46785422

0.00123736, 0.00032026
-0.37239731, 0.07079365
0.56210113, 0.45704019
-0.27709042, 0.96280855
-0.53676379, -1.42063222
4.02613251, 3.30961249
9.21054316, 2.62075871
19.07383459, 1.85764017
30.14394227, 1.47690779

0.00125219, 0.00032549
-0.37903742, -0.01036419
0.52317558, 0.50109692
-0.32471068, 0.94781852
-0.49864016, -1.43457001
4.01222671, 3.32660040
9.20612244, 2.63642642
19.07272039, 1.86900063
30.14349266, 1.48596123

0.00126709, 0.00033078
-0.36841126, -0.09103662
0.48080205, 0.54184540
-0.37152079, 0.93047392
-0.46016026, -1.44748522
3.99825006, 3.34352953
9.20167543, 2.65208664
19.07159940, 1.88036042
30.14304030, 1.49501454

0.00128207, 0.00033615
-0.34104845, -0.16757249
0.43526074, 0.57901664
-0.41740459, 0.91081836
-0.42135155, -1.45936884
3.98420282, 3.36039958
9.19720212, 2.66773932
19.07047162, 1.89171955
30.14258519, 1.50406771

0.00129712, 0.00034160
-0.29824679, -0.23653577
0.38685273, 0.61236529
-0.46224825, 0.88890117
-0.38224172, -1.47021256
3.97008523, 3.37721026
9.19270255, 2.68338441
19.06933705, 1.90307801
30.14212734, 1.51312074

0.00131225, 0.00034712
-0.24199894, -0.29486589
0.33589802, 0.64167129
-0.50594058, 0.86477724
-0.34285868, -1.48000884
3.95589754, 3.39396128
9.18817671, 2.69902187
19.06819569, 1.91443579
30.14166674, 1.52217364

0.00132746, 0.00035271
-0.17488656, -0.34001394
0.28273341, 0.66674132
-0.54837328, 0.83850693
-0.30323051, -1.48875091
3.94164002, 3.41065234
9.18362463, 2.71465165
19.06704754, 1.92579290
30.14120339, 1.53122640

0.00134274, 0.00035837
-0.09994984, -0.37004892
0.22771027, 0.68741005
-0.58944122, 0.81015588
-0.26338545, -1.49643270
3.92731291, 3.42728315
9.17904631, 2.73027372
19.06589259, 1.93714932
30.14073729, 1.54027901

0.00135809, 0.00036411
-0.02054109, -0.38373073
0.17119217, 0.70354126
-0.62904266, 0.77979487
-0.22335190, -1.50304895
3.91291648, 3.44385342
9.17444178, 2.74588802
19.06473086, 1.94850505
30.14026844, 1.54933149

0.00137351, 0.00036992
0.05982920, -0.38054892
0.11355257, 0.71502870
-0.66707957, 0.74749960
-0.18315838, -1.50859513
3.89845098, 3.46036285
9.16981104, 2.76149452
19.06356234, 1.95986010
30.13979685, 1.55838383

0.00138900, 0.00037581
0.13764622, -0.36072865
0.05517226, 0.72179682
-0.70345779, 0.71335057
-0.14283350, -1.51306750
3.88391666, 3.47681117
9.16515411, 2.77709316
19.06238703, 1.97121445
30.13932251, 1.56743603

0.00140457, 0.00038177
0.20953837, -0.32520621
-0.00356313, 0.72380122
-0.73808731, 0.67743280
-0.10240597, -1.51646305
3.86931380, 3.49319808
9.16047100, 2.79268391
19.06120493, 1.98256810
30.13884543, 1.57648809

0.00142020, 0.00038781
0.27241333, -0.27557783
-0.06226562, 0.72102898
-0.77088247, 0.63983568
-0.06190455, -1.51877957
3.85464264, 3.50952330
9.15576172, 2.80826672
19.06001604, 1.99392105
30.13836559, 1.58554000

0.00143590, 0.00039392
0.32357919, -0.21402537
-0.12054755, 0.71349869
-0.80176215, 0.60065272
-0.02135805, -1.52001560
3.83990346, 3.52578654
9.15102630, 2.82384154
19.05882037, 2.00527329
30.13788301, 1.59459177

0.00145166, 0.00040011
0.36084781, -0.14322275
-0.17802404, 0.70126036
-0.83065003, 0.55998132
0.01920469, -1.52017047
3.82509652, 3.54198752
9.14626474, 2.83940833
19.05761790, 2.01662482
30.13739768, 1.60364339

0.00146750, 0.00040638
0.38261850, -0.06622670
-0.23431558, 0.68439508
-0.85747468, 0.51792252
0.05975486, -1.51924425
3.81022208, 3.55812596
9.14147706, 2.85496705
19.05640865, 2.02797564
30.13690961, 1.61269487

0.00148339, 0.00041272
0.38794045, 0.01364502
-0.28905051, 0.66301446
-0.88216981, 0.47458078
0.10026364, -1.51723780
3.79528041, 3.57420156
9.13666328, 2.87051765
19.05519262, 2.03932574
30.13641879, 1.62174620

0.00149935, 0.00041914
0.37655255, 0.09294467
-0.34186749, 0.63725990
-0.90467442, 0.43006370
0.14070226, -1.51415274
3.78027177, 3.59021406
9.13182340, 2.88606009
19.05396980, 2.05067511
30.13592522, 1.63079739

0.00151538, 0.00042563
0.34889924, 0.16823171
-0.39241786, 0.60730163
-0.92493288, 0.38448174
0.18104201, -1.50999146
3.76519644, 3.60616317
9.12695744, 2.90159433
19.05274019, 2.06202376
30.13542890, 1.63984842

0.00153146, 0.00043220
0.30612103, 0.23621261
-0.44036794, 0.57333762
-0.94289517, 0.33794799
0.22125426, -1.50475710
3.75005468, 3.62204862
9.12206542, 2.91712031
19.05150380, 2.07337168
30.13492984, 1.64889931

0.00154760, 0.00043885
0.25001847, 0.29387926
-0.48540126, 0.53559225
-0.95851690, 0.29057787
0.26131049, -1.49845358
3.73484677, 3.63787012
9.11714735, 2.93263800
19.05026062, 2.08471886
30.13442803, 1.65795005

0.00156380, 0.00044558
0.18298887, 0.33864124
-0.52722058, 0.49431482
-0.97175949, 0.24248883
0.30118228, -1.49108556
3.71957297, 3.65362741
9.11220324, 2.94814735
19.04901066, 2.09606531
30.13392347, 1.66700064

0.00158006, 0.00045238
0.10793570, 0.36844637
-0.56554990, 0.44977792
-0.98259022, 0.19380009
0.34084139, -1.48265845
3.70423356, 3.66932020
9.10723312, 2.96364831
19.04775392, 2.10741101
30.13341617, 1.67605108

0.00159637, 0.00045925
0.02815198, 0.38188350
-0.60013625, 0.40227561
-0.99098232, 0.14463234
0.38025969, -1.47317844
3.68882882, 3.68494822
9.10223699, 2.97914085
19.04649039, 2.11875596
30.13290612, 1.68510136

0.00161273, 0.00046620
-0.05281943, 0.37826092
-0.63075136, 0.35212151
-0.99691505, 0.09510743
0.41940927, -1.46265243
3.67335901, 3.70051121
9.09721487, 2.99462492
19.04522008, 2.13010016
30.13239332, 1.69415149

0.00162915, 0.00047322
-0.13134372, 0.35765426
-0.65719318, 0.29964671
-1.00037373, 0.04534810
0.45826240, -1.45108808
3.65782442, 3.71600888
9.09216677, 3.01010048
19.04394299, 2.14144361
30.13187778, 1.70320147

0.00164561, 0.00048032
-0.20386338, 0.32091860
-0.67928717, 0.24519759
-1.00134977, -0.00452235
0.49679159, -1.43849376
3.64222533, 3.73144097
9.08709272, 3.02556747
19.04265911, 2.15278630
30.13135949, 1.71225130

0.00166213, 0.00048749
-0.26706972, 0.26966135
-0.69688747, 0.18913354
-0.99984073, -0.05438034
0.53496956, -1.42487859
3.62656201, 3.74680722
9.08199272, 3.04102586
19.04136846, 2.16412823
30.13083846, 1.72130097

0.00167869, 0.00049472
-0.31806688, 0.20617491
-0.70987786, 0.13182459
-0.99585028, -0.10410231
0.57276932, -1.41025239
3.61083474, 3.76210734
9.07686679, 3.05647561
19.04007102, 2.17546938
30.13031467, 1.73035048

0.00169530, 0.00050203
-0.35451763, 0.13333138
-0.71817255, 0.07364899
-0.98938821, -0.15356506
0.61016413, -1.39462571
3.59504380, 3.77734108
9.07171495, 3.07191666
19.03876681, 2.18680977
30.12978814, 1.73939983

0.00171196, 0.00050940
-0.37476121, 0.05444435
-0.72171667, 0.01499069
-0.98047041, -0.20264600
0.64712756, -1.37800980
3.57918948, 3.79250817
9.06653721, 3.08734898
19.03745581, 2.19814938
30.12925887, 1.74844903

0.00172866, 0.00051684
-0.37789530, -0.02689380
-0.72048672, -0.04376317
-0.96911882, -0.25122347
0.68363349, -1.36041658
3.56327205, 3.80760835
9.06133358, 3.10277253
19.03613803, 2.20948822
30.12872685, 1.75749807

0.00174541, 0.00052434
-0.36381685, -0.10698907
-0.71449067, -0.10222480
-0.95536140, -0.29917705
0.71965614, -1.34185869
3.54729181, 3.82264135
9.05610409, 3.11818725
19.03481348, 2.22082626
30.12819208, 1.76654695

0.00176220, 0.00053190
-0.33321977, -0.18222609
-0.70376793, -0.16000836
-0.93923204, -0.34638785
0.75517007, -1.32234944
3.53124904, 3.83760692
9.05084874, 3.13359310
19.03348215, 2.23216353
30.12765457, 1.77559567

0.00177905, 0.00053953
-0.28755108, -0.24924036
-0.68838908, -0.21673244
-0.92077048, -0.39273878
0.79015020, -1.30190278
3.51514402, 3.85250478
9.04556755, 3.14899004
19.03214403, 2.24350000
30.12711431, 1.78464423

0.00179593, 0.00054721
-0.22893000, -0.30507272
-0.66845542, -0.27202262
-0.90002225, -0.43811487
0.82457186, -1.28053336
3.49897705, 3.86733469
9.04026055, 3.16437803
19.03079915, 2.25483567
30.12657130, 1.79369263

0.00181287, 0.00055495
-0.16003664, -0.34729835
-0.64409830, -0.32551392
-0.87703850, -0.48240353
0.85841076, -1.25825645
3.48274841, 3.88209638
9.03492774, 3.17975702
19.02944748, 2.26617055
30.12602555, 1.80274086

0.00182986, 0.00056274
-0.08397849, -0.37412512
-0.61547825, -0.37685320
-0.85187592, -0.52549482
0.89164305, -1.23508795
3.46645838, 3.89678961
9.02956914, 3.19512697
19.02808904, 2.27750462
30.12547705, 1.81178893

0.00184689, 0.00057060
-0.00414320, -0.38445879
-0.58278394, -0.42570149
-0.82459661, -0.56728175
0.92424528, -1.21104440
3.45010727, 3.91141410
9.02418476, 3.21048784
19.02672382, 2.28883789
30.12492580, 1.82083684

0.00186397, 0.00057850
0.07595438, -0.37793486
-0.54623092, -0.47173626
-0.79526789, -0.60766052
0.95619448, -1.18614296
3.43369536, 3.92596961
9.01877463, 3.22583958
19.02535182, 2.30017034
30.12437181, 1.82988458

0.00188111, 0.00058646
0.15282376, -0.35491844
-0.50606021, -0.51465350
-0.76396219, -0.64653079
0.98746815, -1.16040135
3.41722295, 3.94045589
9.01333876, 3.24118215
19.02397305, 2.31150198
30.12381508, 1.83893215

0.00189830, 0.00059447
0.22314318, -0.31647521
-0.46253673, -0.55416975
-0.73075682, -0.68379590
1.01804425, -1.13383793
3.40069033, 3.95487268
9.00787716, 3.25651550
19.02258751, 2.32283280
30.12325560, 1.84797956

0.00191554, 0.00060254
0.28389229, -0.26431648
-0.41594753, -0.59002397
-0.69573382, -0.71936315
1.04790125, -1.10647158
3.38409780, 3.96921974
9.00238985, 3.27183959
19.02119519, 2.33416279
30.12269337, 1.85702680

0.00193284, 0.00061065
0.33246975, -0.20072230
-0.36659992, -0.62197928
-0.65897976, -0.75314400
1.07701815, -1.07832179
3.36744564, 3.98349681
8.99687685, 3.28715437
19.01979610, 2.34549196
30.12212839, 1.86607387

0.00195019, 0.00061882
0.36679323, -0.12844580
-0.31481944, -0.64982450
-0.62058552, -0.78505430
1.10537444, -1.04940856
3.35073417, 3.99770365
8.99133818, 3.30245982
19.01839023, 2.35682030
30.12156067, 1.87512078

0.00196760, 0.00062704
0.38537994, -0.05060227
-0.26094770, -0.67337557
-0.58064605, -0.81501449
1.13295018, -1.01975244
3.33396367, 4.01184001
8.98577384, 3.31775587
19.01697760, 2.36814780
30.12099021, 1.88416751

0.00198507, 0.00063532
0.38740593, 0.02945409
-0.20534017, -0.69247675
-0.53926019, -0.84294984
1.15972597, -0.98937450
3.31713445, 4.02590564
8.98018386, 3.33304249
19.01555819, 2.37947446
30.12041700, 1.89321407

0.00200260, 0.00064364
0.37274271, 0.10826262
-0.14836379, -0.70700166
-0.49653037, -0.86879056
1.18568298, -0.95829629
3.30024680, 4.03990031
8.97456825, 3.34831963
19.01413201, 2.39080027
30.11984104, 1.90226046

0.00202019, 0.00065203
0.34196943, 0.18239476
-0.09039458, -0.71685414
-0.45256242, -0.89247206
1.21080296, -0.92653987
3.28330103, 4.05382376
8.96892703, 3.36358725
19.01269905, 2.40212524
30.11926234, 1.91130668

0.00203784, 0.00066046
0.29635929, 0.24859489
-0.03181514, -0.72196884
-0.40746525, -0.91393506
1.23506827, -0.89412777
3.26629744, 4.06767576
8.96326022, 3.37884531
19.01125933, 2.41344936
30.11868090, 1.92035272

0.00205555, 0.00066895
0.23783868, 0.30391935
0.02698785, -0.72231172
-0.36135063, -0.93312575
1.25846185, -0.86108296
3.24923633, 4.08145607
8.95756784, 3.39409376
19.00981284, 2.42477262
30.11809670, 1.92939859

0.00207332, 0.00067749
0.16891837, 0.34586830
0.08562621, -0.71788022
-0.31433289, -0.94999595
1.28096727, -0.82742887
3.23211800, 4.09516444
8.95184989, 3.40933257
19.00835957, 2.43609503
30.11750977, 1.93844429

0.00209115, 0.00068609
0.09259689, 0.37250469
0.14371281, -0.70870334
-0.26652867, -0.96450322
1.30256871, -0.79318933
3.21494277, 4.10880065
8.94610640, 3.42456168
19.00689954, 2.44741656
30.11692008, 1.94748981

0.00210905, 0.00069474
0.01223786, 0.38255368
0.20086412, -0.69484139
-0.21805659, -0.97661093
1.32325102, -0.75838861
3.19771094, 4.12236445
8.94033738, 3.43978105
19.00543274, 2.45873723
30.11632766, 1.95653515

0.00212701, 0.00070345
-0.06857537, 0.37547596
0.25670275, -0.67638566
-0.16903700, -0.98628845
1.34299968, -0.72305133
3.18042281, 4.13585561
8.93454286, 3.45499064
19.00395918, 2.47005703
30.11573248, 1.96558031

0.00214504, 0.00071222
-0.14620222, 0.35150857
0.31085996, -0.65345777
-0.11959164, -0.99351113
1.36180081, -0.68720252
3.16307869, 4.14927390
8.92872284, 3.47019041
19.00247884, 2.48137596
30.11513457, 1.97462530

0.00216312, 0.00072105
-0.21711663, 0.31166854
0.36297808, -0.62620892
-0.06984338, -0.99826044
1.37964124, -0.65086753
3.14567890, 4.16261908
8.92287735, 3.48538032
19.00099174, 2.49269400
30.11453390, 1.98367011

0.00218128, 0.00072993
-0.27807894, 0.25771618
0.41271288, -0.59481886
-0.01991589, -1.00052397
1.39650844, -0.61407207
3.12822374, 4.17589093
8.91700640, 3.50056031
18.99949787, 2.50401116
30.11393049, 1.99271473

0.00219950, 0.00073887
-0.32629722, 0.19207824
0.45973586, -0.55949471
0.03006664, -1.00029551
1.41239058, -0.57684217
3.11071352, 4.18908920
8.91111002, 3.51573035
18.99799724, 2.51532743
30.11332434, 2.00175918

0.00221778, 0.00074787
-0.35956769, 0.11773376
0.50373640, -0.52046961
0.07997986, -0.99757504
1.42727653, -0.53920414
3.09314855, 4.20221369
8.90518821, 3.53089040
18.99648984, 2.52664281
30.11271544, 2.01080345

0.00223613, 0.00075692
-0.37638477, 0.03806903
0.54442384, -0.47800117
0.12969950, -0.99236875
1.44115585, -0.50118460
3.07552915, 4.21526415
8.89924099, 3.54604041
18.99497567, 2.53795729
30.11210380, 2.01984753

0.00225454, 0.00076604
-0.37601340, -0.04328951
0.58152938, -0.43236979
0.17910174, -0.98468902
1.45401880, -0.46281041
3.05785563, 4.22824037
8.89326839, 3.56118034
18.99345474, 2.54927088
30.11148941, 2.02889143

0.00227303, 0.00077521
-0.35851959, -0.12265381
0.61480790, -0.38387676
0.22806350, -0.97455441
1.46585637, -0.42410870
3.04012831, 4.24114211
8.88727043, 3.57631014
18.99192705, 2.56058356
30.11087228, 2.03793514

0.00229158, 0.00078444
-0.32475810, -0.19645282
0.64403955, -0.33284234
0.27646273, -0.96198960
1.47666027, -0.38510680
3.02234750, 4.25396916
8.88124711, 3.59142977
18.99039259, 2.57189533
30.11025241, 2.04697867

0.00231020, 0.00079374
-0.27631974, -0.26140047
0.66903122, -0.27960357
0.32417873, -0.94702536
1.48642293, -0.34583227
3.00451352, 4.26672130
8.87519845, 3.60653920
18.98885138, 2.58320619
30.10962978, 2.05602202

0.00232889, 0.00080309
-0.21544353, -0.31464396
0.68961781, -0.22451211
0.37109247, -0.92969845
1.49513751, -0.30631285
2.98662668, 4.27939830
8.86912448, 3.62163837
18.98730340, 2.59451613
30.10900442, 2.06506517

0.00234765, 0.00081251
-0.14490074, -0.35388528
0.70566335, -0.16793186
0.41708685, -0.91005154
1.50279791, -0.26657644
2.96868731, 4.29199995
8.86302522, 3.63672725
18.98574866, 2.60582515
30.10837631, 2.07410815

0.00236648, 0.00082199
-0.06785906, -0.37747190
0.71706186, -0.11023657
0.46204704, -0.88813312
1.50939876, -0.22665111
2.95069572, 4.30452602
8.85690067, 3.65180579
18.98418715, 2.61713325
30.10774545, 2.08315093

0.00238538, 0.00083153
0.01226500, -0.38445457
0.72373812, -0.05180738
0.50586072, -0.86399739
1.51493545, -0.18656504
2.93265223, 4.31697631
8.85075086, 3.66687394
18.98261889, 2.62844042
30.10711186, 2.09219352

0.00240436, 0.00084114
0.09195770, -0.37461255
0.72564809, 0.00696969
0.54841843, -0.83770410
1.51940411, -0.14634654
2.91455716, 4.32935060
8.84457581, 3.68193167
18.98104387, 2.63974666
30.10647551, 2.10123592

0.00242340, 0.00085082
0.16775728, -0.34844817
0.72277925, 0.06570636
0.58961378, -0.80931841
1.52280161, -0.10602400
2.89641084, 4.34164867
8.83837554, 3.69697894
18.97946209, 2.65105196
30.10583642, 2.11027814

0.00244253, 0.00086056
0.23639524, -0.30715331
0.71515069, 0.12401457
0.62934376, -0.77891075
1.52512557, -0.06562589
2.87821359, 4.35387031
8.83215005, 3.71201569
18.97787355, 2.66235633
30.10519459, 2.11932016

0.00246172, 0.00087038
0.29492579, -0.25255122
0.70281296, 0.18150914
0.66750898, -0.74655665
1.52637439, -0.02518072
2.85996573, 4.36601532
8.82589938, 3.72704189
18.97627825, 2.67365974
30.10455002, 2.12836199

0.00248099, 0.00088026
0.34084021, -0.18701706
0.68584774, 0.23781022
0.70401396, -0.71233651
1.52654720, 0.01528296
2.84166759, 4.37808348
8.81962354, 3.74205750
18.97467619, 2.68496221
30.10390270, 2.13740362

0.00250034, 0.00089022
0.37216376, -0.11338018
0.66436730, 0.29254591
0.73876731, -0.67633545
1.52564388, 0.05573658
2.82331949, 4.39007458
8.81332255, 3.75706247
18.97306738, 2.69626373
30.10325263, 2.14644507

0.00251976, 0.00090026
0.38753316, -0.03481145
0.63851376, 0.34535463
0.77168203, -0.63864308
1.52366509, 0.09615159
2.80492176, 4.40198842
8.80699643, 3.77205676
18.97145181, 2.70756429
30.10259983, 2.15548631

0.00253925, 0.00091037
0.38625289, 0.04530172
0.60845815, 0.39588757
0.80267568, -0.59935327
1.52061221, 0.13649945
2.78647472, 4.41382480
8.80064519, 3.78704033
18.96982949, 2.71886390
30.10194427, 2.16452736

0.00255882, 0.00092056
0.36832844, 0.12348945
0.57439927, 0.44381097
0.83167063, -0.55856392
1.51648741, 0.17675168
2.76797870, 4.42558351
8.79426886, 3.80201313
18.96820041, 2.73016253
30.10128598, 2.17356822

0.00257846, 0.00093084
0.33447476, 0.19633940
0.53656238, 0.48880834
0.85859424, -0.51637670
1.51129358, 0.21687987
2.74943404, 4.43726435
8.78786745, 3.81697512
18.96656457, 2.74146020
30.10062494, 2.18260888

0.00259817, 0.00094119
0.28609816, 0.26063885
0.49519768, 0.53058255
0.88337903, -0.47289685
1.50503439, 0.25685569
2.73084106, 4.44886711
8.78144099, 3.83192626
18.96492198, 2.75275690
30.09996116, 2.19164934

0.00261795, 0.00095163
0.22525028, 0.31351412
0.45057870, 0.56885779
0.90596289, -0.42823283
1.49771423, 0.29665090
2.71220009, 4.46039160
8.77498949, 3.84686652
18.96327264, 2.76405262
30.09929463, 2.20068960

0.00263780, 0.00096216
0.15455334, 0.35256189
0.40300045, 0.60338139
0.92628921, -0.38249614
1.48933824, 0.33623740
2.69351146, 4.47183763
8.76851297, 3.86179583
18.96161655, 2.77534736
30.09862536, 2.20972966

0.00265771, 0.00097278
0.07709732, 0.37596605
0.35277746, 0.63392550
0.94430703, -0.33580095
1.47991232, 0.37558724
2.67477551, 4.48320498
8.76201144, 3.87671417
18.95995370, 2.78664111
30.09795335, 2.21876952

0.00267770, 0.00098348
-0.00368899, 0.38259329
0.30024175, 0.66028857
0.95997119, -0.28826389
1.46944309, 0.41467262
2.65599256, 4.49449348
8.75548494, 3.89162149
18.95828410, 2.79793388
30.09727859, 2.22780918

0.00269775, 0.00099428
-0.08418892, 0.37206054
0.24574055, 0.68229672
0.97324242, -0.24000369
1.45793790, 0.45346594
2.63716295, 4.50570292
8.74893348, 3.90651775
18.95660775, 2.80922565
30.09660109, 2.23684864

0.00271786, 0.00100516
-0.16076442, 0.34476826
0.18963408, 0.69980484
0.98408746, -0.19114094
1.44540485, 0.49193977
2.61828702, 4.51683312
8.74235707, 3.92140290
18.95492465, 2.82051643
30.09592085, 2.24588789

0.00273803, 0.00101614
-0.22992998, 0.30189495
0.13229313, 0.71269756
0.99247914, -0.14179772
1.43185273, 0.53006695
2.59936510, 4.52788388
8.73575574, 3.93627691
18.95323480, 2.83180621
30.09523786, 2.25492694

0.00275826, 0.00102721
-0.28852381, 0.24535082
0.07409659, 0.72089002
0.99839644, -0.09209736
1.41729107, 0.56782051
2.58039753, 4.53885501
8.72912951, 3.95113973
18.95153820, 2.84309498
30.09455213, 2.26396579

0.00277854, 0.00103837
-0.33386576, 0.17769133
0.01542899, 0.72432841
1.00182457, -0.04216407
1.40173011, 0.60517376
2.56138463, 4.54974632
8.72247840, 3.96599132
18.94983485, 2.85438275
30.09386365, 2.27300443

0.00279889, 0.00104962
-0.36389152, 0.10199484
-0.04332208, 0.72299033
1.00275496, 0.00787733
1.38518078, 0.64210031
2.54232676, 4.56055764
8.71580242, 3.98083163
18.94812475, 2.86566950
30.09317244, 2.28204286

0.00281929, 0.00106097
-0.37725419, 0.02171132
-0.10176851, 0.71688492
1.00118535, 0.05790177
1.36765471, 0.67857402
2.52322425, 4.57128876
8.70910160, 3.99566063
18.94640791, 2.87695524
30.09247848, 2.29108109

0.00283974, 0.00107241
-0.37338683, -0.05950827
-0.15952424, 0.70605279
0.99711974, 0.10778421
1.34916423, 0.71456910
2.50407743, 4.58193952
8.70237595, 4.01047828
18.94468432, 2.88823995
30.09178177, 2.30011911

0.00286024, 0.00108394
-0.35252267, -0.13799092
-0.21620781, 0.69056579
0.99056839, 0.15739997
1.32972232, 0.75006008
2.48488665, 4.59250973
8.69562550, 4.02528453
18.94295398, 2.89952364
30.09108233, 2.30915692

0.00288079, 0.00109556
-0.31567315, -0.21021785
-0.27144488, 0.67052645
0.98154782, 0.20662505
1.30934268, 0.78502183
2.46565225, 4.60299920
8.68885026, 4.04007933
18.94121690, 2.91080630
30.09038014, 2.31819452

0.00290140, 0.00110728
-0.26456705, -0.27298759
-0.32487068, 0.64606738
0.97008074, 0.25533644
1.28803962, 0.81942961
2.44637457, 4.61340776
8.68205026, 4.05486265
18.93947307, 2.92208793
30.08967521, 2.32723191

0.00292205, 0.00111908
-0.20155637, -0.32355779
-0.37613243, 0.61735033
0.95619601, 0.30341244
1.26582813, 0.85325905
2.42705395, 4.62373523
8.67522552, 4.06963445
18.93772250, 2.93336853
30.08896754, 2.33626909

0.00294275, 0.00113098
-0.12949647, -0.35975937
-0.42489169, 0.58456515
0.93992853, 0.35073294
1.24272383, 0.88648617
2.40769073, 4.63398144
8.66837605, 4.08439469
18.93596519, 2.94464808
30.08825712, 2.34530606

0.00296350, 0.00114296
-0.05160847, -0.38007969
-0.47082653, 0.54792850
0.92131921, 0.39717978
1.21874299, 0.91908744
2.38828525, 4.64414620
8.66150188, 4.09914331
18.93420113, 2.95592659
30.08754396, 2.35434281

0.00298429, 0.00115504
0.02866826, -0.38371331
-0.51363371, 0.50768248
0.90041481, 0.44263697
1.19390248, 0.95103973
2.36883787, 4.65422935
8.65460302, 4.11388029
18.93243033, 2.96720405
30.08682806, 2.36337936

0.00300513, 0.00116721
0.10782618, -0.37058118
-0.55303062, 0.46409294
0.87726785, 0.48699105
1.16821979, 0.98232039
2.34934892, 4.66423072
8.64767950, 4.12860557
18.93065278, 2.97848045
30.08610941, 2.37241568

0.00302601, 0.00117947
0.18243632, -0.34132008
-0.58875721, 0.41744782
0.85193647, 0.53013134
1.14171299, 1.01290722
2.32981875, 4.67415012
8.64073133, 4.14331912
18.92886850, 2.98975580
30.08538803, 2.38145179

0.00304694, 0.00119181
0.24928668, -0.29724516
-0.62057763, 0.36805517
0.82448425, 0.57195025
1.11440076, 1.04277852
2.31024771, 4.68398740
8.63375855, 4.15802089
18.92707748, 3.00103009
30.08466390, 2.39048769

0.00306792, 0.00120425
0.30550858, -0.24028867
-0.64828182, 0.31624115
0.79498010, 0.61234351
1.08630232, 1.07191307
2.29063614, 4.69374239
8.62676116, 4.17271085
18.92527971, 3.01230332
30.08393703, 2.39952337

0.00308893, 0.00121678
0.34868807, -0.17291795
-0.67168689, 0.26234789
0.76349805, 0.65121046
1.05743749, 1.10029016
2.27098439, 4.70341492
8.61973919, 4.18738895
18.92347521, 3.02357547
30.08320741, 2.40855883

0.00310999, 0.00122940
0.37695986, -0.09803566
-0.69063833, 0.20673121
0.73011706, 0.68845428
1.02782660, 1.12788964
2.25129282, 4.71300482
8.61269266, 4.20205515
18.92166396, 3.03484656
30.08247506, 2.41759407

0.00313110, 0.00124211
0.38908198, -0.01886519
-0.70501097, 0.14975829
0.69492084, 0.72398227
0.99749052, 1.15469188
2.23156176, 4.72251194
8.60562159, 4.21670941
18.91984598, 3.04611656
30.08173996, 2.42662909

0.00315224, 0.00125491
0.38448900, 0.06117621
-0.71470990, 0.09180526
0.65799760, 0.75770604
0.96645064, 1.18067779
2.21179156, 4.73193611
8.59852600, 4.23135169
18.91802126, 3.05738549
30.08100212, 2.43566389

0.00317343, 0.00126780
0.36332184, 0.13861332
-0.71967100, 0.03325468
0.61943985, 0.78954177
0.93472886, 1.20582890
2.19198258, 4.74127716
8.59140591, 4.24598194
18.91618981, 3.06865333
30.08026154, 2.44469847

0.00319465, 0.00128078
0.32643222, 0.21005464
-0.71986142, -0.02550694
0.57934417, 0.81941035
0.90234755, 1.23012726
2.17213517, 4.75053496
8.58426135, 4.26060013
18.91435162, 3.07992008
30.07951822, 2.45373283

0.00321591, 0.00129385
0.27535973, 0.27233556
-0.71527977, -0.08409169
0.53781094, 0.84723768
0.86932957, 1.25355558
2.15224968, 4.75970932
8.57709233, 4.27520621
18.91250669, 3.09118574
30.07877215, 2.46276697

0.00323722, 0.00130701
0.21228024, 0.32265817
-0.70595613, -0.14211285
0.49494411, 0.87295474
0.83569822, 1.27609713
2.13232647, 4.76880011
8.56989887, 4.28980014
18.91065503, 3.10245031
30.07802334, 2.47180088

0.00325855, 0.00132026
0.13992498, 0.35872164
-0.69195187, -0.19918738
0.45085092, 0.89649786
0.80147725, 1.29773584
2.11236587, 4.77780716
8.56268101, 4.30438189
18.90879664, 3.11371377
30.07727180, 2.48083457

0.00327993, 0.00133361
0.06147118, 0.37883654
-0.67335922, -0.25493851
0.40564163, 0.91780878
0.76669083, 1.31845623
2.09236825, 4.78673033
8.55543874, 4.31895140
18.90693151, 3.12497613
30.07651751, 2.48986803

0.00330134, 0.00134704
-0.01959316, 0.38201593
-0.65030070, -0.30899817
0.35942924, 0.93683490
0.73136353, 1.33824350
2.07233397, 4.79556946
8.54817211, 4.33350864
18.90505965, 3.13623738
30.07576047, 2.49890127

0.00332278, 0.00136056
-0.09962545, 0.36803638
-0.62292828, -0.36100944
0.31232921, 0.95352929
0.69552033, 1.35708348
2.05226336, 4.80432440
8.54088113, 4.34805357
18.90318105, 3.14749751
30.07500070, 2.50793428

0.00334426, 0.00137417
-0.17499877, 0.33746304
-0.59142239, -0.41062891
0.26445916, 0.96785090
0.65918656, 1.37496270
2.03215680, 4.81299500
8.53356582, 4.36258614
18.90129573, 3.15875653
30.07423819, 2.51696706

0.00336577, 0.00138786
-0.24227708, 0.29163479
-0.55599074, -0.45752890
0.21593860, 0.97976461
0.62238793, 1.39186832
2.01201464, 4.82158112
8.52622620, 4.37710631
18.89940367, 3.17001443
30.07347293, 2.52599962

0.00338731, 0.00140165
-0.29838504, 0.23260800
-0.51686695, -0.50139969
0.16688858, 0.98924131
0.58515045, 1.40778821
1.99183722, 4.83008262
8.51886230, 4.39161406
18.89750489, 3.18127121
30.07270493, 2.53503194

0.00340888, 0.00141552
-0.34076156, 0.16306084
-0.47430903, -0.54195151
0.11743144, 0.99625798
0.54750049, 1.42271094
1.97162492, 4.83849934
8.51147413, 4.40610932
18.89559937, 3.19252685
30.07193419, 2.54406404

0.00343049, 0.00142947
-0.36748710, 0.08616304
-0.42859763, -0.57891648
0.06769047, 1.00079775
0.50946469, 1.43662576
1.95137808, 4.84683115
8.50406173, 4.42059206
18.89368713, 3.20378137
30.07116071, 2.55309590

0.00345212, 0.00144351
-0.37737632, 0.00541918
-0.38003426, -0.61205036
0.01778960, 1.00284992
0.47106999, 1.44952265
1.93109706, 4.85507791
8.49662510, 4.43506225
18.89176815, 3.21503474
30.07038449, 2.56212754

0.00347379, 0.00145763
-0.37003053, -0.07550454
-0.32893927, -0.64113417
-0.03214688, 1.00240999
0.43234358, 1.46139229
1.91078223, 4.86323947
8.48916428, 4.44951983
18.88984245, 3.22628698
30.06960553, 2.57115894

0.00349548, 0.00147183
-0.34584785, -0.15295889
-0.27564973, -0.66597566
-0.08199467, 0.99947967
0.39331291, 1.47222610
1.89043394, 4.87131570
8.48167928, 4.46396478
18.88791003, 3.23753807
30.06882383, 2.58019010

0.00351721, 0.00148611
-0.30599200, -0.22348472
-0.22051722, -0.68641056
-0.13162973, 0.99406684
0.35400565, 1.48201622
1.87005255, 4.87930647
8.47417012, 4.47839704
18.88597088, 3.24878801
30.06803939, 2.58922103

0.00353897, 0.00150048
-0.25232376, -0.28397081
-0.16390553, -0.70230366
-0.18092861, 0.98618558
0.31444965, 1.49075554
1.84963843, 4.88721164
8.46663683, 4.49281657
18.88402500, 3.26003680
30.06725220, 2.59825173

0.00356076, 0.00151492
-0.18730145, -0.33178893
-0.10618824, -0.71354973
-0.22976876, 0.97585607
0.27467299, 1.49843767
1.82919192, 4.89503107
8.45907944, 4.50722335
18.88207240, 3.27128443
30.06646228, 2.60728219

0.00358258, 0.00152944
-0.11385770, -0.36490067
-0.04774626, -0.72007420
-0.27802882, 0.96310458
0.23470388, 1.50505700
1.80871340, 4.90276464
8.45149795, 4.52161732
18.88011307, 3.28253090
30.06566961, 2.61631242

0.00360444, 0.00154405
-0.03526059, -0.38193333
0.01103469, -0.72183370
-0.32558891, 0.94796336
0.19457070, 1.51060864
1.78820322, 4.91041221
8.44389241, 4.53599844
18.87814702, 3.29377621
30.06487421, 2.62534241

0.00362634, 0.00155873
0.04503332, -0.38222411
0.06976659, -0.71881627
-0.37233096, 0.93047060
0.15430194, 1.51508847
1.76766175, 4.91797366
8.43626281, 4.55036668
18.87617425, 3.30502035
30.06407606, 2.63437215

0.00364826, 0.00157349
0.12352749, -0.36583358
0.12806175, -0.71104153
-0.41813898, 0.91067029
0.11392620, 1.51849314
1.74708935, 4.92544886
8.42860920, 4.56472200
18.87419475, 3.31626331
30.06327517, 2.64340166

0.00367023, 0.00158832
0.19682966, -0.33353044
0.18553528, -0.69856052
-0.46289932, 0.88861214
0.07347218, 1.52082005
1.72648638, 4.93283769
8.42093159, 4.57906434
18.87220854, 3.32750510
30.06247154, 2.65243093

0.00369223, 0.00160324
0.26178751, -0.28675038
0.24180773, -0.68145536
-0.50650100, 0.86435140
0.03296862, 1.52206736
1.70585321, 4.94014001
8.41323001, 4.59339368
18.87021560, 3.33874571
30.06166518, 2.66145996

0.00371427, 0.00161824
0.31561213, -0.22753178
0.29650752, -0.65983871
-0.54883595, 0.83794879
-0.00755568, 1.52223401
1.68519021, 4.94735572
8.40550447, 4.60770997
18.86821595, 3.34998513
30.06085607, 2.67048875

0.00373634, 0.00163332
0.35598660, -0.15843134
0.34927343, -0.63385307
-0.58979927, 0.80947029
-0.04807189, 1.52131970
1.66449772, 4.95448468
8.39775500, 4.62201318
18.86620957, 3.36122336
30.06004422, 2.67951730

0.00375846, 0.00164848
0.38115720, -0.08242209
0.39975700, -0.60366979
-0.62928950, 0.77898700
-0.08855119, 1.51932491
1.64377613, 4.96152679
8.38998163, 4.63630325
18.86419648, 3.37246041
30.05922963, 2.68854560

0.00378061, 0.00166372
0.39000525, -0.00277671
0.44762482, -0.56948799
-0.66720885, 0.74657496
-0.12896475, 1.51625087
1.62302579, 4.96848191
8.38218437, 4.65058015
18.86217667, 3.38369625
30.05841231, 2.69757366

0.00380281, 0.00167905
0.38209719, 0.07706140
0.49256072, -0.53153322
-0.70346347, 0.71231495
-0.16928382, 1.51209959
1.60224708, 4.97534994
8.37436325, 4.66484385
18.86015014, 3.39493089
30.05759224, 2.70660147

0.00382504, 0.00169446
0.35771083, 0.15361597
0.53426791, -0.49005596
-0.73796365, 0.67629228
-0.20947966, 1.50687385
1.58144035, 4.98213076
8.36651829, 4.67909429
18.85811690, 3.40616433
30.05676943, 2.71562904

0.00384731, 0.00170996
0.31783547, 0.22352126
0.57247089, -0.44533000
-0.77062403, 0.63859660
-0.24952365, 1.50057720
1.56060598, 4.98882426
8.35864952, 4.69333145
18.85607694, 3.41739656
30.05594388, 2.72465636

0.00386963, 0.00172554
0.26414386, 0.28366638
0.60691732, -0.39765062
-0.80136385, 0.59932169
-0.28938723, 1.49321393
1.53974434, 4.99543033
8.35075695, 4.70755528
18.85403027, 3.42862758
30.05511559, 2.73368343

0.00389198, 0.00174121
0.19893469, 0.33133520
0.63737967, -0.34733264
-0.83010708, 0.55856515
-0.32904200, 1.48478912
1.51885578, 5.00194885
8.34284062, 4.72176573
18.85197688, 3.43985738
30.05428457, 2.74271026

0.00391436, 0.00175697
0.12504514, 0.36433547
0.66365674, -0.29470832
-0.85678268, 0.51642828
-0.36845965, 1.47530860
1.49794069, 5.00837972
8.33490054, 4.73596278
18.84991678, 3.45108596
30.05345080, 2.75173683

0.00393679, 0.00177282
0.04573486, 0.38111000
0.68557496, -0.24012519
-0.88132471, 0.47301570
-0.40761208, 1.46477894
1.47699942, 5.01472284
8.32693674, 4.75014637
18.84784996, 3.46231331
30.05261430, 2.76076316

0.00395925, 0.00178876
-0.03545538, 0.38082273
0.70298958, -0.18394375
-0.90367251, 0.42843520
-0.44647134, 1.45320749
1.45603235, 5.02097809
8.31894924, 4.76431648
18.84577644, 3.47353944
30.05177505, 2.76978923

0.00398175, 0.00180479
-0.11486502, 0.36341264
0.71578564, -0.12653505
-0.92377086, 0.38279742
-0.48500968, 1.44060232
1.43503985, 5.02714537
8.31093806, 4.77847305
18.84369620, 3.48476433
30.05093307, 2.77881506

0.00400428, 0.00182092
-0.18888706, 0.32961021
0.72387868, -0.06827829
-0.94157008, 0.33621558
-0.52319958, 1.42697225
1.41402228, 5.03322459
8.30290323, 4.79261605
18.84160926, 3.49598799
30.05008834, 2.78784063

0.00402684, 0.00183713
-0.25414387, 0.28091275
0.72721533, -0.00955827
-0.95702620, 0.28880521
-0.56101376, 1.41232684
1.39298002, 5.03921564
8.29484478, 4.80674545
18.83951560, 3.50721041
30.04924088, 2.79686595

0.00404944, 0.00185344
-0.30765476, 0.21951839
0.72577368, 0.04923714
-0.97010100, 0.24068388
-0.59842518, 1.39667637
1.37191344, 5.04511842
8.28676271, 4.82086119
18.83741523, 3.51843158
30.04839068, 2.80589101

0.00407207, 0.00186984
-0.34698446, 0.14822133
0.71956340, 0.10771957
-0.98076217, 0.19197090
-0.63540712, 1.38003184
1.35082290, 5.05093284
8.27865707, 4.83496324
18.83530816, 3.52965150
30.04753773, 2.81491583

0.00409473, 0.00188633
-0.37036281, 0.07027443
0.70862567, 0.16550272
-0.98898333, 0.14278701
-0.67193312, 1.36240498
1.32970879, 5.05665879
8.27052787, 4.84905156
18.83319438, 3.54087017
30.04668205, 2.82394038

0.00411743, 0.00190292
-0.37676805, -0.01077222
0.69303296, 0.22220492
-0.99474415, 0.09325412
-0.70797704, 1.34380820
1.30857147, 5.06229619
8.26237514, 4.86312612
18.83107389, 3.55208758
30.04582364, 2.83296468

0.00414015, 0.00191960
-0.36596925, -0.09124626
0.67288847, 0.27745164
-0.99803033, 0.04349500
-0.74351311, 1.32425464
1.28741131, 5.06784494
8.25419890, 4.87718686
18.82894670, 3.56330373
30.04496248, 2.84198872

0.00416290, 0.00193637
-0.33852650, -0.16753052
0.64832552, 0.33087801
-0.99883369, -0.00636705
-0.77851588, 1.30375809
1.26622869, 5.07330496
8.24599917, 4.89123376
18.82681280, 3.57451862
30.04409858, 2.85101250

0.00418568, 0.00195324
-0.29575098, -0.23623234
0.61950662, 0.38213118
-0.99715219, -0.05620846
-0.81296028, 1.28233306
1.24502398, 5.07867614
8.23777598, 4.90526676
18.82467220, 3.58573224
30.04323195, 2.86003603

0.00420848, 0.00197020
-0.23962950, -0.29433580
0.58662241, 0.43087267
-0.99298989, -0.10590569
-0.84682166, 1.25999471
1.22379755, 5.08395841
8.22952936, 4.91928584
18.82252489, 3.59694459
30.04236257, 2.86905929

0.00423132, 0.00198725
-0.17272002, -0.33932989
0.54989039, 0.47678065
-0.98635698, -0.15533559
-0.88007574, 1.23675884
1.20254978, 5.08915168
8.22125932, 4.93329095
18.82037088, 3.60815566
30.04149046, 2.87808230

0.00425418, 0.00200439
-0.09802583, -0.36930817
0.50955348, 0.51955201
-0.97726974, -0.20437564
-0.91269870, 1.21264192
1.18128104, 5.09425587
8.21296589, 4.94728206
18.81821017, 3.61936544
30.04061561, 2.88710504

0.00427707, 0.00202163
-0.01885584, -0.38303771
0.46587842, 0.55890440
-0.96575051, -0.25290426
-0.94466715, 1.18766106
1.15999170, 5.09927088
8.20464910, 4.96125912
18.81604275, 3.63057395
30.03973802, 2.89612752

0.00429998, 0.00203896
0.06132165, -0.37999699
0.41915400, 0.59457808
-0.95182763, -0.30080112
-0.97595817, 1.16183398
1.13868214, 5.10419664
8.19630897, 4.97522209
18.81386864, 3.64178116
30.03885769, 2.90514974

0.00432292, 0.00205639
0.13902565, -0.36038405
0.36968913, 0.62633763
-0.93553536, -0.34794746
-1.00654930, 1.13517902
1.11735273, 5.10903307
8.18794552, 4.98917093
18.81168783, 3.65298709
30.03797463, 2.91417169

0.00434589, 0.00207391
0.21090434, -0.32509700
0.31781081, 0.65397353
-0.91691384, -0.39422633
-1.03641860, 1.10771510
1.09600385, 5.11378008
8.17955878, 5.00310562
18.80950031, 3.66419171
30.03708882, 2.92319338

0.00436888, 0.00209153
0.27386809, -0.27568935
0.26386196, 0.67730351
-0.89600893, -0.43952289
-1.06554464, 1.07946176
1.07463588, 5.11843762
8.17114878, 5.01702609
18.80730610, 3.67539504
30.03620028, 2.93221481

0.00439189, 0.00210924
0.32521030, -0.21430292
0.20819917, 0.69617377
-0.87287218, -0.48372472
-1.09390650, 1.05043908
1.05324918, 5.12300559
8.16271553, 5.03093233
18.80510520, 3.68659706
30.03530900, 2.94123597

0.00441493, 0.00212705
0.36271331, -0.14358098
0.15119029, 0.71045999
-0.84756061, -0.52672208
-1.12148381, 1.02066770
1.03184415, 5.12748392
8.15425907, 5.04482428
18.80289759, 3.69779777
30.03441499, 2.95025686

0.00443799, 0.00214495
0.38473706, -0.06656405
0.09321207, 0.72006813
-0.82013667, -0.56840817
-1.14825678, 0.99016883
1.01042114, 5.13187255
8.14577942, 5.05870191
18.80068329, 3.70899717
30.03351823, 2.95927748

0.00446107, 0.00216295
0.39028813, 0.01342912
0.03464759, 0.72493508
-0.79066801, -0.60867939
-1.17420616, 0.95896417
0.98898054, 5.13617140
8.13727659, 5.07256519
18.79846229, 3.72019525
30.03261874, 2.96829783

0.00448417, 0.00218105
0.37906665, 0.09293263
-0.02411620, 0.72502902
-0.75922738, -0.64743563
-1.19931330, 0.92707596
0.96752273, 5.14038040
8.12875063, 5.08641406
18.79623460, 3.73139202
30.03171651, 2.97731792

0.00450729, 0.00219925
0.35148877, 0.16847352
-0.08269110, 0.72034969
-0.72589240, -0.68458049
-1.22356015, 0.89452692
0.94604807, 5.14449948
8.12020155, 5.10024849
18.79400022, 3.74258745
30.03081154, 2.98633773

0.00453043, 0.00221754
0.30868218, 0.23671687
-0.14069017, 0.71092832
-0.69074541, -0.72002150
-1.24692929, 0.86134026
0.92455696, 5.14852859
8.11162937, 5.11406845
18.79175914, 3.75378156
30.02990383, 2.99535728

0.00455359, 0.00223593
0.25245258, 0.29461126
-0.19773032, 0.69682747
-0.65387326, -0.75367041
-1.26940390, 0.82753964
0.90304976, 5.15246765
8.10303413, 5.12787389
18.78951137, 3.76497434
30.02899339, 3.00437655

0.00457676, 0.00225442
0.18521984, 0.33952851
-0.25343483, 0.67814058
-0.61536709, -0.78544335
-1.29096782, 0.79314917
0.88152686, 5.15631661
8.09441585, 5.14166477
18.78725691, 3.77616578
30.02808021, 3.01339555

0.00459995, 0.00227301
0.10992379, 0.36939107
-0.30743581, 0.65499135
-0.57532213, -0.81526106
-1.31160552, 0.75819340
0.85998863, 5.16007539
8.08577455, 5.15544106
18.78499576, 3.78735588
30.02716429, 3.02241427

0.00462315, 0.00229169
0.02990143, 0.38277963
-0.35937668, 0.62753293
-0.53383745, -0.84304910
-1.33130216, 0.72269729
0.83843545, 5.16374395
8.07711026, 5.16920272
18.78272792, 3.79854464
30.02624564, 3.03143272

0.00464635, 0.00231048
-0.05126065, 0.37901336
-0.40891446, 0.59594691
-0.49101571, -0.86873804
-1.35004356, 0.68668617
0.81686770, 5.16732223
8.06842300, 5.18294971
18.78045339, 3.80973204
30.02532425, 3.04045090

0.00466957, 0.00232936
-0.12989218, 0.35819623
-0.45572208, 0.56044209
-0.44696294, -0.89226361
-1.36781622, 0.65018577
0.79528576, 5.17081016
8.05971281, 5.19668198
18.77817217, 3.82091810
30.02440012, 3.04946880

0.00469280, 0.00234833
-0.20241511, 0.32122417
-0.49949050, 0.52125313
-0.40178826, -0.91356686
-1.38460733, 0.61322216
0.77369000, 5.17420770
8.05097969, 5.21039951
18.77588427, 3.83210279
30.02347325, 3.05848642

0.00471603, 0.00236740
-0.26551927, 0.26975051
-0.53993076, 0.47863895
-0.35560362, -0.93259437
-1.40040481, 0.57582176
0.75208081, 5.17751479
8.04222369, 5.22410225
18.77358968, 3.84328613
30.02254365, 3.06750377

0.00473927, 0.00238656
-0.31632681, 0.20611013
-0.57677587, 0.43288111
-0.30852353, -0.94929830
-1.41519726, 0.53801130
0.73045857, 5.18073138
8.03344483, 5.23779016
18.77128840, 3.85446811
30.02161131, 3.07652083

0.00476251, 0.00240582
-0.35253474, 0.13320607
-0.60978261, 0.38428183
-0.26066475, -0.96363658
-1.42897403, 0.49981781
0.70882364, 5.18385741
8.02464312, 5.25146321
18.76898044, 3.86564871
30.02067623, 3.08553762

0.00478576, 0.00242517
-0.37252638, 0.05436563
-0.63873306, 0.33316210
-0.21214604, -0.97557299
-1.44172518, 0.46126860
0.68717642, 5.18689285
8.01581861, 5.26512136
18.76666579, 3.87682794
30.01973842, 3.09455413

0.00480901, 0.00244460
-0.37544504, -0.02682495
-0.66343609, 0.27985952
-0.16308785, -0.98507726
-1.45344151, 0.42239123
0.66551729, 5.18983765
8.00697130, 5.27876456
18.76434447, 3.88800580
30.01879787, 3.10357035

0.00483226, 0.00246413
-0.36122635, -0.10669629
-0.68372858, 0.22472605
-0.11361204, -0.99212516
-1.46411458, 0.38321352
0.64384661, 5.19269175
7.99810124, 5.29239279
18.76201646, 3.89918227
30.01785459, 3.11258629

0.00485552, 0.00248373
-0.33058886, -0.18167138
-0.69947654, 0.16812574
-0.06384153, -0.99669853
-1.47373668, 0.34376349
0.62216478, 5.19545512
7.98920844, 5.30600600
18.75968176, 3.91035737
30.01690857, 3.12160196

0.00487878, 0.00250343
-0.28498596, -0.24843054
-0.71057593, 0.11043228
-0.01390006, -0.99878540
-1.48230086, 0.30406937
0.60047217, 5.19812772
7.98029294, 5.31960415
18.75734039, 3.92153107
30.01595981, 3.13061733

0.00490204, 0.00252321
-0.22652408, -0.30405770
-0.71695338, 0.05202659
0.03608815, -0.99837994
-1.48980094, 0.26415956
0.57876916, 5.20070950
7.97135475, 5.33318720
18.75499234, 3.93270338
30.01500832, 3.13963243

0.00492530, 0.00254307
-0.15785411, -0.34616165
-0.71856668, -0.00670573
0.08599874, -0.99548255
-1.49623149, 0.22406262
0.55705614, 5.20320042
7.96239391, 5.34675513
18.75263761, 3.94387430
30.01405409, 3.14864724

0.00494857, 0.00256301
-0.08204342, -0.37296876
-0.71540503, -0.06537693
0.13570745, -0.99009983
-1.50158788, 0.18380726
0.53533348, 5.20560046
7.95341043, 5.36030788
18.75027619, 3.95504381
30.01309712, 3.15766176

0.00497184, 0.00258303
-0.00243583, -0.38338521
-0.70748913, -0.12359965
0.18509047, -0.98224458
-1.50586621, 0.14342227
0.51360157, 5.20790956
7.94440435, 5.37384543
18.74790811, 3.96621192
30.01213742, 3.16667599

0.00499511, 0.00260313
0.07749367, -0.37702911
-0.69487104, -0.18098951
0.23402478, -0.97193576
-1.50906340, 0.10293659
0.49186078, 5.21012771
7.93537570, 5.38736772
18.74553334, 3.97737862
30.01117498, 3.17568994

0.00501840, 0.00262331
0.15428378, -0.35423383
-0.67763384, -0.23716759
0.28238838, -0.95919847
-1.51117711, 0.06237918
0.47011149, 5.21225486
7.92632449, 5.40087474
18.74315190, 3.98854391
30.01020981, 3.18470360

0.00504168, 0.00264356
0.22462652, -0.31602435
-0.65589106, -0.29176295
0.33006067, -0.94406387
-1.51220581, 0.02177908
0.44835410, 5.21429099
7.91725076, 5.41436642
18.74076379, 3.99970779
30.00924190, 3.19371697

0.00506498, 0.00266390
0.28549776, -0.26406949
-0.62978598, -0.34441510
0.37692272, -0.92656914
-1.51214873, -0.01883464
0.42658897, 5.21623607
7.90815453, 5.42784275
18.73836900, 4.01087024
30.00827125, 3.20273005

0.00508828, 0.00268431
0.33427561, -0.20061194
-0.59949065, -0.39477635
0.42285757, -0.90675735
-1.51100590, -0.05943291
0.40481649, 5.21809006
7.89903583, 5.44130368
18.73596754, 4.02203127
30.00729787, 3.21174284

0.00511159, 0.00270480
0.36884399, -0.12837897
-0.56520478, -0.44251408
0.46775052, -0.88467738
-1.50877812, -0.09998665
0.38303704, 5.21985295
7.88989469, 5.45474918
18.73355940, 4.03319087
30.00632176, 3.22075534

0.00513491, 0.00272536
0.38767874, -0.05047577
-0.52715440, -0.48731298
0.51148944, -0.86038380
-1.50546696, -0.14046684
0.36125100, 5.22152471
7.88073112, 5.46817920
18.73114460, 4.04434904
30.00534291, 3.22976755

0.00515825, 0.00274600
0.38991386, 0.02973606
-0.48559042, -0.52887713
0.55396503, -0.83393675
-1.50107481, -0.18084448
0.33945876, 5.22310532
7.87154517, 5.48159370
18.72872312, 4.05550577
30.00436132, 3.23877946

0.00518159, 0.00276672
0.37538519, 0.10877201
-0.44078692, -0.56693189
0.59507113, -0.80540177
-1.49560479, -0.22109069
0.31766069, 5.22459475
7.86233685, 5.49499266
18.72629497, 4.06666107
30.00337700, 3.24779108

0.00520494, 0.00278751
0.34464879, 0.18316707
-0.39303939, -0.60122578
0.63470494, -0.77484963
-1.48906082, -0.26117664
0.29585718, 5.22599299
7.85310620, 5.50837603
18.72386016, 4.07781492
30.00238994, 3.25680240

0.00522831, 0.00280838
0.29897147, 0.24962265
-0.34266278, -0.63153213
0.67276734, -0.74235622
-1.48144761, -0.30107364
0.27404860, 5.22730001
7.84385323, 5.52174378
18.72141867, 4.08896732
30.00140015, 3.26581343

0.00525169, 0.00282933
0.24029139, 0.30515289
-0.28998941, -0.65765055
0.70916308, -0.70800227
-1.47277060, -0.34075314
0.25223534, 5.22851581
7.83457799, 5.53509586
18.71897052, 4.10011827
30.00040763, 3.27482416

0.00527508, 0.00285036
0.17114754, 0.34722404
-0.23536678, -0.67940828
0.74380108, -0.67187323
-1.46303603, -0.38018673
0.23041778, 5.22964036
7.82528048, 5.54843225
18.71651571, 4.11126776
29.99941237, 3.28383459

0.00529848, 0.00287146
0.09457850, 0.37387955
-0.17915529, -0.69666133
0.77659461, -0.63405901
-1.45225089, -0.41934620
0.20859631, 5.23067366
7.81596075, 5.56175289
18.71405422, 4.12241580
29.99841437, 3.29284473

0.00532190, 0.00289264
0.01399275, 0.38384345
-0.12172588, -0.70929544
0.80746157, -0.59465377
-1.44042291, -0.45820353
0.18677130, 5.23161569
7.80661881, 5.57505776
18.71158608, 4.13356237
29.99741364, 3.30185457

0.00534533, 0.00291390
-0.06698479, 0.37659411
-0.06345754, -0.71722683
0.83632464, -0.55375568
-1.42756059, -0.49673091
0.16494313, 5.23246644
7.79725470, 5.58834682
18.70911126, 4.14470747
29.99641018, 3.31086410

0.00536878, 0.00293524
-0.14468288, 0.35240231
-0.00473485, -0.72040275
0.86311153, -0.51146670
-1.41367318, -0.53490079
0.14311219, 5.23322591
7.78786845, 5.60162004
18.70662979, 4.15585110
29.99540398, 3.31987334

0.00539224, 0.00295666
-0.21556171, 0.31232874
0.05405458, -0.71880188
0.88775512, -0.46789227
-1.39877063, -0.57268586
0.12127886, 5.23389408
7.77846007, 5.61487736
18.70414165, 4.16699326
29.99439504, 3.32888227

0.00541571, 0.00297816
-0.27638750, 0.25817937
0.11252266, -0.71243441
0.91019365, -0.42314112
-1.38286366, -0.61005911
0.09944352, 5.23447095
7.76902960, 5.62811876
18.70164686, 4.17813393
29.99338338, 3.33789090

0.00543920, 0.00299973
-0.32439289, 0.19241994
0.17028338, -0.70134203
0.93037092, -0.37732491
-1.36596369, -0.64699382
0.07760655, 5.23495653
7.75957707, 5.64134420
18.69914540, 4.18927312
29.99236897, 3.34689923

0.00546270, 0.00302139
-0.35741285, 0.11805459
0.22695537, -0.68559763
0.94823634, -0.33055802
-1.34808285, -0.68346357
0.05576833, 5.23535080
7.75010250, 5.65455365
18.69663728, 4.20041083
29.99135184, 3.35590726

0.00548622, 0.00304312
-0.37398740, 0.03847607
0.28216443, -0.66530487
0.96374516, -0.28295723
-1.32923400, -0.71944232
0.03392925, 5.23565377
7.74060593, 5.66774705
18.69412251, 4.21154704
29.99033197, 3.36491498

0.00550975, 0.00306493
-0.37342544, -0.04270248
0.33554598, -0.64059742
0.97685852, -0.23464142
-1.30943066, -0.75490435
0.01208968, 5.23586543
7.73108737, 5.68092439
18.69160107, 4.22268176
29.98930936, 3.37392239

0.00553330, 0.00308682
-0.35582713, -0.12182330
0.38674748, -0.61163816
0.98754358, -0.18573129
-1.28868706, -0.78982433
-0.00974999, 5.23598580
7.72154685, 5.69408562
18.68907298, 4.23381498
29.98828403, 3.38292950

0.00555686, 0.00310880
-0.32206546, -0.19535692
0.43543077, -0.57861808
0.99577358, -0.13634904
-1.26701808, -0.82417732
-0.03158938, 5.23601487
7.71198441, 5.70723070
18.68653824, 4.24494669
29.98725596, 3.39193630

0.00558045, 0.00313085
-0.27373048, -0.26006233
0.48127431, -0.54175501
1.00152794, -0.08661805
-1.24443930, -0.85793881
-0.05342811, 5.23595265
7.70240008, 5.72035960
18.68399684, 4.25607690
29.98622515, 3.40094279

0.00560405, 0.00315298
-0.21304201, -0.31312703
0.52397529, -0.50129218
1.00479229, -0.03666261
-1.22096690, -0.89108469
-0.07526579, 5.23579914
7.69279387, 5.73347228
18.68144878, 4.26720559
29.98519161, 3.40994898

0.00562767, 0.00317519
-0.14273745, -0.35228165
0.56325166, -0.45749665
1.00555850, 0.01339246
-1.19661775, -0.92359131
-0.09710206, 5.23555437
7.68316582, 5.74656871
18.67889407, 4.27833277
29.98415534, 3.41895485

0.00565131, 0.00319748
-0.06594221, -0.37588570
0.59884399, -0.41065750
1.00382475, 0.06342207
-1.17140932, -0.95543549
-0.11893652, 5.23521833
7.67351596, 5.75964884
18.67633271, 4.28945843
29.98311634, 3.42796042

0.00567497, 0.00321985
0.01397036, -0.38298373
0.63051718, -0.36108398
0.99959545, 0.11330118
-1.14535968, -0.98659453
-0.14076879, 5.23479105
7.66384431, 5.77271264
18.67376470, 4.30058257
29.98207460, 3.43696567

0.00569866, 0.00324231
0.09352319, -0.37333198
0.65806202, -0.30910339
0.99288131, 0.16290516
-1.11848754, -1.01704621
-0.16259850, 5.23427253
7.65415091, 5.78576008
18.67119004, 4.31170518
29.98103013, 3.44597061

0.00572236, 0.00326486
0.16927851, -0.34739709
0.68129659, -0.25505897
0.98369927, 0.21211008
-1.09081217, -1.04676885
-0.18442526, 5.23366278
7.64443578, 5.79879111
18.66860873, 4.32282626
29.97998292, 3.45497524

0.00574609, 0.00328749
0.23797538, -0.30632883
0.70006745, -0.19930764
0.97207247, 0.26079300
-1.06235341, -1.07574127
-0.20624870, 5.23296184
7.63469894, 5.81180571
18.66602077, 4.33394580
29.97893298, 3.46397955

0.00576984, 0.00331021
0.29665797, -0.25190904
0.71425066, -0.14221758
0.95803017, 0.30883233
-1.03313166, -1.10394285
-0.22806843, 5.23216971
7.62494044, 5.82480383
18.66342616, 4.34506380
29.97788031, 3.47298355

0.00579362, 0.00333301
0.34279176, -0.18647905
0.72375263, -0.08416584
0.94160771, 0.35610810
-1.00316788, -1.13135354
-0.24988406, 5.23128642
7.61516029, 5.83778544
18.66082490, 4.35618027
29.97682491, 3.48198723

0.00581742, 0.00335591
0.37436476, -0.11284767
0.72851070, -0.02553584
0.92284639, 0.40250226
-0.97248354, -1.15795382
-0.27169523, 5.23031198
7.60535852, 5.85075050
18.65821700, 4.36729518
29.97576677, 3.49099060

0.00584124, 0.00337891
0.38997128, -0.03418191
0.72849357, 0.03328518
0.90179336, 0.44789902
-0.94110062, -1.18372480
-0.29350155, 5.22924643
7.59553517, 5.86369898
18.65560245, 4.37840854
29.97470590, 3.49999365

0.00586508, 0.00340199
0.38887523, 0.04611717
0.72370151, 0.09190872
0.87850152, 0.49218510
-0.90904161, -1.20864817
-0.31530264, 5.22808978
7.58569026, 5.87663084
18.65298126, 4.38952035
29.97364230, 3.50899638

0.00588895, 0.00342518
0.37105037, 0.12455068
0.71416638, 0.14994758
0.85302938, 0.53525003
-0.87632947, -1.23270624
-0.33709812, 5.22684207
7.57582382, 5.88954604
18.65035343, 4.40063060
29.97257597, 3.51799880

0.00591283, 0.00344846
0.33719423, 0.19766663
0.69995137, 0.20701845
0.82544090, 0.57698643
-0.84298761, -1.25588193
-0.35888760, 5.22550332
7.56593589, 5.90244454
18.64771895, 4.41173929
29.97150690, 3.52700089

0.00593674, 0.00347184
0.28871334, 0.26220871
0.68115063, 0.26274440
0.79580532, 0.61729029
-0.80903991, -1.27815882
-0.38067072, 5.22407356
7.55602648, 5.91532632
18.64507784, 4.42284641
29.97043511, 3.53600266

0.00596067, 0.00349533
0.22767747, 0.31526320
0.65788861, 0.31675743
0.76419701, 0.65606120
-0.77451066, -1.29952111
-0.40244709, 5.22255282
7.54609562, 5.92819133
18.64243008, 4.43395195
29.96936058, 3.54500412

0.00598461, 0.00351892
0.15674207, 0.35439750
0.63031926, 0.36870087
0.73069525, 0.69320262
-0.73942456, -1.31995369
-0.42421634, 5.22094114
7.53614336, 5.94103955
18.63977568, 4.44505593
29.96828331, 3.55400525

0.00600857, 0.00354261
0.07903984, 0.37778245
0.59862499, 0.41823174
0.69538403, 0.72862215
-0.70380671, -1.33944209
-0.44597807, 5.21923854
7.52616971, 5.95387092
18.63711465, 4.45615832
29.96720332, 3.56300605

0.00603254, 0.00356641
-0.00195581, 0.38429061
0.56301546, 0.46502305
0.65835187, 0.76223168
-0.66768257, -1.35797255
-0.46773192, 5.21744507
7.51617470, 5.96668543
18.63444697, 4.46725913
29.96612059, 3.57200654

0.00605653, 0.00359032
-0.08258979, 0.37356305
0.52372623, 0.50876591
0.61969154, 0.79394772
-0.63107796, -1.37553197
-0.48947750, 5.21556077
7.50615837, 5.97948302
18.63177266, 4.47835836
29.96503514, 3.58100670

0.00608052, 0.00361433
-0.15919910, 0.34603844
0.48101712, 0.54917162
0.57949986, 0.82369151
-0.59401906, -1.39210797
-0.51121444, 5.21358567
7.49612074, 5.99226367
18.62909172, 4.48945599
29.96394695, 3.59000653

0.00610453, 0.00363846
-0.22829157, 0.30294068
0.43517058, 0.58597354
0.53787746, 0.85138925
-0.55653232, -1.40768887
-0.53294235, 5.21151981
7.48606184, 6.00502734
18.62640414, 4.50055203
29.96285602, 3.59900604

0.00612854, 0.00366269
-0.28671847, 0.24622411
0.38648975, 0.61892888
0.49492850, 0.87697232
-0.51864453, -1.42226371
-0.55466086, 5.20936324
7.47598171, 6.01777400
18.62370992, 4.51164648
29.96176237, 3.60800522

0.00615255, 0.00368703
-0.33183011, 0.17847880
0.33529646, 0.64782029
0.45076040, 0.90037737
-0.48038273, -1.43582224
-0.57636960, 5.20711600
7.46588036, 6.03050360
18.62100908, 4.52273932
29.96066599, 3.61700408

-0.00013142, 0.00368703
-0.33183011, 0.17847880
0.33529646, 0.64782029
0.45076040, 0.90037737
-0.48038273, -1.43582224
-0.57636960, 5.20711600
7.46588036, 6.03050360
18.62100908, 4.52273932
29.96066599, 3.61700408

