0.00 160 -8.47989 151.52
0.02 160.538 -9.03419 151.504
0.04 161.127 -9.62362 151.504
0.06 161.73 -10.2267 151.504
0.08 162.489 -10.9909 151.498
0.1 163.492 -12.0046 151.487
0.12 164.379 -12.897 151.482
0.14 162.794 -11.3126 151.482
0.16 152.413 -0.931596 151.482
0.18 151.665 -0.189062 151.476
0.2 163.613 -12.1424 151.471
0.22 164.349 -12.8674 151.482
0.24 148.459 3.01737 151.476
0.26 148.427 3.04926 151.476
0.28 149.588 1.89955 151.487
0.3 153.579 -2.09719 151.482
0.32 161.856 -10.3849 151.471
0.34 164.892 -13.4263 151.465
0.36 156.618 -5.16966 151.449
0.38 152.876 -1.42692 151.449
0.4 161.499 -10.0397 151.46
0.42 153.235 -1.77477 151.46
0.44 158.823 -7.36286 151.46
0.46 151.03 0.424513 151.454
0.48 146.468 4.99222 151.46
0.5 154.791 -3.33164 151.46
0.52 151.078 0.382251 151.46
0.54 160.296 -8.83122 151.465
0.56 163.401 -11.9299 151.471
0.58 161.858 -10.3818 151.476
0.6 146.595 4.85976 151.454
0.62 154.143 -2.67215 151.471
0.64 150.348 1.12293 151.471
0.66 151.688 -0.217706 151.471
0.68 160.96 -9.47242 151.487
0.7 158.789 -7.30135 151.487
0.72 156.477 -5.00028 151.476
0.74 160.018 -8.55235 151.465
0.76 162.849 -11.3887 151.46
0.78 163.051 -11.5853 151.465
0.8 159.91 -8.42268 151.487
0.82 151.794 -0.31747 151.476
0.84 145.033 6.44904 151.482
0.86 155.313 -3.81497 151.498
0.88 160.942 -9.44335 151.498
0.9 161.332 -9.83951 151.493
0.92 160.506 -9.00771 151.498
0.94 160.156 -8.65227 151.504
0.96 159.356 -7.85269 151.504
0.98 155.336 -3.82735 151.509
1 153.203 -1.69903 151.504
1.02 145.832 5.67742 151.509
1.04 154.242 -2.74354 151.498
1.06 159.026 -7.51707 151.509
1.08 158.656 -7.14132 151.515
1.1 158.013 -6.49798 151.515
1.12 157.633 -6.11822 151.515
1.14 157.517 -6.01348 151.504
1.16 157.581 -6.07687 151.504
1.18 157.592 -6.09431 151.498
1.2 157.042 -5.53266 151.509
1.22 155.826 -4.30001 151.526
1.24 155.651 -4.13083 151.52
1.26 154.782 -3.26143 151.52
1.28 151.752 -0.231488 151.52
1.3 155.9 -4.37484 151.526
1.32 159.046 -7.52554 151.52
1.34 159.847 -8.32173 151.526
1.36 160.184 -8.6476 151.537
1.38 160.389 -8.85799 151.531
1.4 160.004 -8.47327 151.531
1.42 156.088 -4.54103 151.547
1.44 146.557 4.97969 151.537
1.46 155.106 -3.58015 151.526
1.48 154.763 -3.2318 151.531
1.5 144.177 7.36479 151.542
1.52 155.166 -3.62939 151.536
1.54 162.344 -10.8075 151.537
1.56 163.134 -11.5972 151.537
1.58 150.325 1.22293 151.547
1.6 150.224 1.31818 151.542
1.62 152.897 -1.35489 151.542
1.64 155.555 -4.01336 151.542
1.66 158.083 -6.54116 151.542
1.68 156.025 -4.48855 151.536
1.7 136.383 15.1477 151.531
1.72 150.854 0.671397 151.525
1.74 161.367 -9.84687 151.52
1.76 161.528 -10.0081 151.52
1.78 159.136 -7.61578 151.52
1.8 155.595 -4.08608 151.509
1.82 156.227 -4.70674 151.52
1.84 158.554 -7.03897 151.515
1.86 159.667 -8.15245 151.515
1.88 160.104 -8.57888 151.526
1.9 159.393 -7.85627 151.537
1.92 159.61 -8.08978 151.52
1.94 161.719 -10.2046 151.515
1.96 162.901 -11.3864 151.515
1.98 161.042 -9.52744 151.515
2 156.685 -5.18674 151.498
2.02 157.011 -5.51304 151.498
2.04 148.944 2.56529 151.509
2.06 157.317 -5.80815 151.509
2.08 142.497 9.00635 151.504
2.1 151.484 0.0196638 151.503
2.12 158.989 -7.48005 151.509
2.14 154.92 -3.41608 151.504
2.16 150.45 1.05324 151.504
2.18 135.016 16.4826 151.498
2.2 159.923 -8.43023 151.493
2.22 160.087 -8.59935 151.487
2.24 156.513 -5.02535 151.487
2.26 150.007 1.49143 151.498
2.28 150.219 1.2789 151.498
2.3 153.954 -2.45025 151.504
2.32 158.444 -6.94025 151.504
2.34 159.485 -7.9757 151.509
2.36 158.717 -7.19118 151.526
2.38 156.928 -5.38603 151.542
2.4 157.229 -5.68702 151.542
2.42 153.505 -1.9632 151.542
2.44 121.316 30.2313 151.548
2.46 148.599 2.94873 151.547
2.48 158.073 -6.52007 151.553
2.5 159.992 -8.42788 151.564
2.52 159.432 -7.87311 151.558
2.54 158.826 -7.29471 151.531
2.56 158.67 -7.14977 151.52
2.58 158.926 -7.40635 151.52
2.6 158.909 -7.3779 151.531
2.62 154.861 -3.34141 151.52
2.64 148.099 3.4211 151.52
2.66 154.422 -2.89655 151.526
2.68 157.178 -5.6469 151.531
2.7 152.132 -0.600606 151.531
2.72 134.606 16.9356 151.542
2.74 146.787 4.74383 151.531
2.76 159.507 -7.98128 151.526
2.78 160.938 -9.40695 151.531
2.8 160.436 -8.89961 151.537
2.82 160.014 -8.48292 151.531
2.84 159.971 -8.45052 151.52
2.86 160.199 -8.67356 151.526
2.88 160.126 -8.59528 151.531
2.9 158.314 -6.78303 151.531
2.92 154.745 -3.20834 151.537
2.94 149.02 2.50538 151.525
2.96 134.654 16.8716 151.526
2.98 156.672 -5.15174 151.52
3 160.939 -9.43578 151.504
3.02 159.421 -7.91727 151.504
3.04 156.849 -5.34558 151.504
3.06 156.205 -4.70136 151.504
3.08 146.166 5.33725 151.504
3.1 155.179 -3.68115 151.498
3.12 159.747 -8.24384 151.504
3.14 154.015 -2.50624 151.509
3.16 141.222 10.2822 151.504
3.18 156.487 -4.97796 151.509
3.2 162.213 -10.7095 151.504
3.22 161.313 -9.81434 151.498
3.24 159.555 -8.05707 151.498
3.26 157.894 -6.38994 151.504
3.28 154.158 -2.65965 151.498
3.3 152.975 -1.4709 151.504
3.32 157.342 -5.82716 151.515
3.34 154.406 -2.89672 151.509
3.36 158.811 -7.30733 151.504
3.38 156.679 -5.18685 151.493
3.4 141.332 10.1771 151.509
3.42 153.36 -1.84578 151.515
3.44 155.809 -4.27827 151.531
3.46 157.353 -5.82237 151.531
3.48 159.391 -7.86521 151.526
3.5 160.217 -8.69709 151.52
3.52 154.897 -3.3712 151.526
3.54 149.407 2.12409 151.531
3.56 158.843 -7.31224 151.531
3.58 160.409 -8.88352 151.526
3.6 160.263 -8.74813 151.515
3.62 159.945 -8.43084 151.515
3.64 159.146 -7.63123 151.515
3.66 157.453 -5.93246 151.52
3.68 149.081 2.43341 151.515
3.7 148.283 3.23744 151.52
3.72 157.327 -5.81242 151.515
3.74 158.34 -6.83117 151.509
3.76 159.232 -7.72808 151.504
3.78 159.764 -8.26069 151.504
3.8 159.324 -7.82067 151.504
3.82 154.682 -3.17863 151.504
3.84 149.99 1.51955 151.509
3.86 154.743 -3.23424 151.509
3.88 146.354 5.16606 151.52
3.9 155.465 -3.93976 151.526
3.92 159.302 -7.77064 151.531
3.94 159.348 -7.82199 151.526
3.96 155.718 -4.17007 151.547
3.98 146.71 4.83771 151.548
4 152.189 -0.641867 151.547
4.02 142.49 9.04092 151.531
4.04 151.157 0.373832 151.531
4.06 156.333 -4.79642 151.537
4.08 158.389 -6.85829 151.531
4.1 158.333 -6.79654 151.537
4.12 156.656 -5.12502 151.531
4.14 154 -2.46884 151.531
4.16 155.694 -4.16802 151.526
4.18 158.067 -6.55807 151.509
4.2 158.682 -7.16752 151.515
4.22 158.702 -7.18786 151.515
4.24 158.338 -6.82865 151.509
4.26 157.083 -5.57354 151.509
4.28 155.672 -4.15713 151.515
4.3 156.329 -4.82002 151.509
4.32 157.938 -6.41219 151.526
4.34 157.771 -6.23999 151.531
4.36 149.609 1.91091 151.52
4.38 129.838 21.6882 151.526
4.4 152.864 -1.33815 151.526
4.42 161.005 -9.47966 151.526
4.44 160.3 -8.76849 151.531
4.46 160.111 -8.57473 151.537
4.48 156.42 -4.89397 151.526
4.5 141.818 9.70176 151.52
4.52 146.535 4.97997 151.515
4.54 154.767 -3.23553 151.531
4.56 158.749 -7.21289 151.537
4.58 151.243 0.293458 151.537
4.6 138.151 13.3855 151.537
4.62 150.071 1.46564 151.536
4.64 159.09 -7.55921 151.531
4.66 157.662 -6.13084 151.531
4.68 157.792 -6.26078 151.531
4.7 158.615 -7.09531 151.52
4.72 158.989 -7.46894 151.52
4.74 158.967 -7.45738 151.509
4.76 158.643 -7.12278 151.52
4.78 158.311 -6.79618 151.515
4.8 158.401 -6.87503 151.526
4.82 148.89 2.64082 151.531
4.84 137.016 14.5092 151.525
4.86 153.085 -1.55984 151.526
4.88 152.595 -1.07479 151.52
4.9 156.583 -5.07389 151.509
4.92 157.199 -5.68476 151.515
4.94 152.164 -0.649785 151.515
4.96 150.426 1.09394 151.52
4.98 156.488 -4.96764 151.52
5 158.147 -6.62158 151.526
5.02 158.487 -6.96172 151.526
5.04 158.416 -6.8851 151.531
5.06 156.087 -4.54461 151.542
5.08 148.317 3.22462 151.542
5.1 148.651 2.88539 151.537
5.12 155.581 -4.04495 151.537
5.14 156.365 -4.82298 151.542
5.16 156.696 -5.15955 151.537
5.18 157.755 -6.23477 151.52
5.2 157.873 -6.35314 151.52
5.22 157.657 -6.13719 151.52
5.24 157.879 -6.34829 151.531
5.26 154.656 -3.11408 151.542
5.28 153.081 -1.53855 151.542
5.3 148.436 3.09489 151.531
5.32 149.087 2.44371 151.531
5.34 157.427 -5.87927 151.547
5.36 160.54 -9.00312 151.537
5.38 160.275 -8.73837 151.537
5.4 158.632 -7.08998 151.542
5.42 155.253 -3.72728 151.526
5.44 153.148 -1.62281 151.526
5.46 155.753 -4.22789 151.526
5.48 158.576 -7.05015 151.526
5.5 159.511 -7.97958 151.531
5.52 157.775 -6.24916 151.526
5.54 154.011 -2.49127 151.52
5.56 157.337 -5.82771 151.509
5.58 156.835 -5.32567 151.509
5.6 150.392 1.11699 151.509
5.62 145.098 6.40521 151.504
5.64 150.254 1.23868 151.493
5.66 158.23 -6.73217 151.498
5.68 160.722 -9.22338 151.498
5.7 160.829 -9.32502 151.504
5.72 160.723 -9.21892 151.504
5.74 160.778 -9.28016 151.498
5.76 160.723 -9.2251 151.498
5.78 159.719 -8.21584 151.504
5.8 156.423 -4.91421 151.509
5.82 153.701 -2.18669 151.515
5.84 158.891 -7.37067 151.52
5.86 141.243 10.2718 151.515
5.88 153.447 -1.9268 151.52
5.9 157.646 -6.12562 151.52
5.92 148.212 3.30237 151.515
5.94 150.21 1.29931 151.509
5.96 144.913 6.58488 151.498
5.98 152.915 -1.4112 151.504
6 159.596 -8.08112 151.515
6.02 159.189 -7.67417 151.515
6.04 159.117 -7.60277 151.515
6.06 159.758 -8.2384 151.52
6.08 160.037 -8.51642 151.52
6.1 156.832 -5.31174 151.52
6.12 151.963 -0.442556 151.52
6.14 152.849 -1.31753 151.531
6.16 148.219 3.31786 151.537
6.18 153.645 -2.10884 151.537
6.2 161.102 -9.55964 151.542
6.22 162.555 -11.0236 151.531
6.24 163.192 -11.6666 151.526
6.26 161.361 -9.84654 151.515
6.28 150.98 0.529437 151.509
6.3 150.681 0.833098 151.515
6.32 156.717 -5.2074 151.509
6.34 162.646 -11.126 151.52
6.36 163.003 -11.4889 151.515
6.38 159.378 -7.85794 151.52
6.4 154.882 -3.37322 151.509
6.42 157.843 -6.32838 151.515
6.44 152.976 -1.46135 151.515
6.46 150.463 1.05127 151.515
6.48 161.053 -9.53845 151.515
6.5 161.635 -10.1365 151.498
6.52 157.061 -5.56874 151.493
6.54 148.322 3.18184 151.504
6.56 156.624 -5.12572 151.498
6.58 162.183 -10.6796 151.504
6.6 161.857 -10.3588 151.498
6.62 157.386 -5.87149 151.515
6.64 149.551 1.97431 151.526
6.66 141.306 10.236 151.542
6.68 128.82 22.7215 151.542
6.7 152.853 -1.31105 151.542
6.72 157.155 -5.61334 151.542
6.74 157.737 -6.20647 151.531
6.76 152.931 -1.40583 151.526
6.78 154.345 -2.81907 151.526
6.8 157.437 -5.9166 151.52
6.82 158.931 -7.41115 151.52
6.84 160.191 -8.6714 151.52
6.86 160.836 -9.32164 151.515
6.88 161.285 -9.77041 151.515
6.9 161.492 -9.96667 151.526
6.92 157.324 -5.79893 151.526
6.94 141.38 10.1396 151.52
6.96 149.581 1.9391 151.52
6.98 141.944 9.57658 151.52
7 157.475 -5.96011 151.515
7.02 154.789 -3.29124 151.498
7.04 146.295 5.21439 151.509
7.06 158.684 -7.18605 151.498
7.08 161.459 -9.96095 151.498
7.1 161.345 -9.84111 151.504
7.12 158.889 -7.39079 151.498
7.14 155.027 -3.52915 151.498
7.16 155.069 -3.56539 151.504
7.18 156.39 -4.89704 151.493
7.2 156.359 -4.87766 151.482
7.22 156.056 -4.57986 151.476
7.24 157.066 -5.57289 151.493
7.26 158.755 -7.25682 151.498
7.28 159.769 -8.26494 151.504
7.3 159.944 -8.44563 151.498
7.32 159.296 -7.79798 151.498
7.34 157.53 -6.01493 151.515
7.36 156.52 -4.99994 151.52
7.38 155.957 -4.43182 151.526
7.4 147.549 3.97687 151.526
7.42 145.813 5.71838 151.531
7.44 154.496 -2.96493 151.531
7.46 158.994 -7.47378 151.52
7.48 159.025 -7.5046 151.52
7.5 152.126 -0.611925 151.515
7.52 148.266 3.25389 151.52
7.54 156.555 -5.04586 151.509
7.56 157.281 -5.77755 151.504
7.58 156.73 -5.22085 151.509
7.6 156.644 -5.15148 151.493
7.62 157.056 -5.56334 151.493
7.64 157.736 -6.24912 151.487
7.66 158.509 -7.02777 151.482
7.68 157.806 -6.32996 151.476
7.7 147.3 4.18185 151.482
7.72 133.17 18.3011 151.471
7.74 131.37 20.1011 151.471
7.76 154.545 -3.07937 151.465
7.78 155.366 -3.88976 151.476
7.8 156.041 -4.5592 151.482
7.82 156.417 -4.94581 151.471
7.84 148.615 2.86173 151.476
7.86 156.81 -5.33426 151.476
7.88 160.299 -8.8231 151.476
7.9 158.948 -7.46654 151.482
7.92 155.751 -4.25846 151.493
7.94 157.567 -6.06891 151.498
7.96 150.052 1.43524 151.487
7.98 146.136 5.36232 151.498
8 155.069 -3.565 151.504
8.02 162.121 -10.6173 151.504
8.04 161.847 -10.3437 151.504
8.06 156.63 -5.12627 151.504
8.08 156.667 -5.15792 151.509
8.1 159.797 -8.28782 151.509
8.12 159.998 -8.49477 151.504
8.14 159.003 -7.49925 151.504
8.16 155.839 -4.33507 151.504
8.18 152.276 -0.767256 151.509
8.2 155.916 -4.40128 151.515
8.22 158.038 -6.5126 151.526
8.24 158.045 -6.51906 151.526
8.26 157.583 -6.05733 151.526
8.28 156.927 -5.39642 151.531
8.3 156.108 -4.56632 151.542
8.32 155.637 -4.09516 151.542
8.34 155.985 -4.44307 151.542
8.36 156.638 -5.10744 151.531
8.38 156.929 -5.39761 151.531
8.4 156.688 -5.15662 151.531
8.42 155.999 -4.47293 151.526
8.44 155.342 -3.81078 151.531
8.46 155.611 -4.08022 151.531
8.48 156.195 -4.66978 151.526
8.5 153.976 -2.45633 151.52
8.52 148.691 2.8233 151.515
8.54 140.417 11.0922 151.509
8.56 152.347 -0.832543 151.515
8.58 157.7 -6.18557 151.515
8.6 156.934 -5.42468 151.509
8.62 155.781 -4.27756 151.504
8.64 155.78 -4.2876 151.493
8.66 156.697 -5.20439 151.493
8.68 156.888 -5.38447 151.504
8.7 155.503 -3.99387 151.509
8.72 154.12 -2.61073 151.509
8.74 156.263 -4.73226 151.531
8.76 158.721 -7.19008 151.531
8.78 158.892 -7.37151 151.52
8.8 154.716 -3.18454 151.531
8.82 148.187 3.34971 151.537
8.84 140.972 10.5589 151.531
8.86 143.21 8.30465 151.515
8.88 142.884 8.6254 151.509
8.9 154.059 -2.53864 151.52
8.92 158.976 -7.4561 151.52
8.94 152.711 -1.20711 151.504
8.96 153.729 -2.23582 151.493
8.98 157.321 -5.81778 151.504
9 157.955 -6.44584 151.509
9.02 158.65 -7.14047 151.509
9.04 159.511 -7.99668 151.515
9.06 158.611 -7.1014 151.509
9.08 154.098 -2.59458 151.504
9.1 151.971 -0.456036 151.515
9.12 147.421 4.09897 151.52
9.14 151.188 0.320637 151.509
9.16 150.929 0.597012 151.526
9.18 151.629 -0.0873411 151.542
9.2 154.866 -3.31886 151.547
9.22 149.282 2.25985 151.542
9.24 151.214 0.332988 151.547
9.26 157.758 -6.2109 151.547
9.28 159.186 -7.64982 151.537
9.3 157.748 -6.2275 151.52
9.32 156.656 -5.13583 151.52
9.34 157.542 -6.02199 151.52
9.36 158.33 -6.80969 151.52
9.38 158.72 -7.19479 151.526
9.4 158.967 -7.44664 151.52
9.42 157.37 -5.85 151.52
9.44 150.188 1.33161 151.52
9.46 151.025 0.4954 151.52
9.48 159.323 -7.7924 151.531
9.5 161 -9.4631 151.537
9.52 155.511 -3.95826 151.553
9.54 153.906 -2.35858 151.547
9.56 155.481 -3.94471 151.537
9.58 154.956 -3.43051 151.526
9.6 153.932 -2.40056 151.531
9.62 155.686 -4.14396 151.542
9.64 158.143 -6.60079 151.542
9.66 159.421 -7.88442 151.537
9.68 151.332 0.204715 151.536
9.7 147.302 4.2348 151.537
9.72 158.33 -6.7882 151.542
9.74 159.652 -8.11535 151.537
9.76 159.626 -8.08903 151.537
9.78 158.311 -6.76911 151.542
9.8 145.521 6.01543 151.537
9.82 151.887 -0.356498 151.531
9.84 158.231 -6.69472 151.537
9.86 149.26 2.26561 151.526
9.88 148.364 3.16108 151.526
9.9 155.652 -4.13229 151.52
9.92 156.499 -4.97345 151.526
9.94 157.67 -6.13849 151.531
9.96 156.715 -5.19497 151.52
9.98 154.154 -2.63938 151.515
10 157.039 -5.51868 151.52
10.02 159.844 -8.33501 151.509
10.04 157.807 -6.29258 151.515
10.06 149.79 1.72491 151.515
10.08 152.607 -1.09267 151.515
10.1 156.435 -4.92066 151.515
10.12 158.113 -6.59806 151.515
10.14 159.456 -7.95284 151.504
10.16 153.122 -1.63436 151.487
10.18 157.245 -5.75206 151.493
10.2 159.859 -8.37191 151.487
10.22 159.463 -7.97022 151.493
10.24 160.539 -9.04091 151.498
10.26 160.354 -8.85562 151.498
10.28 150.314 1.18958 151.504
10.3 150.312 1.18106 151.493
10.32 156.407 -4.90919 151.498
10.34 158.29 -6.79165 151.498
10.36 159.892 -8.39979 151.493
10.38 160.513 -9.02613 151.487
10.4 160.601 -9.11398 151.487
10.42 160.537 -9.03843 151.498
10.44 160.524 -9.01527 151.509
10.46 160.615 -9.10084 151.515
10.48 160.689 -9.17487 151.515
10.5 160.041 -8.52055 151.52
10.52 155.892 -4.38243 151.509
10.54 154.582 -3.05664 151.526
10.56 161.205 -9.67985 151.526
10.58 161.595 -10.07 151.526
10.6 156.229 -4.70337 151.526
10.62 156.007 -4.48184 151.526
10.64 156.787 -5.24492 151.542
10.66 157.408 -5.86025 151.547
10.68 160.279 -8.7316 151.547
10.7 161.665 -10.1229 151.542
10.72 162.441 -10.9049 151.537
10.74 162.459 -10.9174 151.542
10.76 160.317 -8.7641 151.553
10.78 155.883 -4.33592 151.547
10.8 156.994 -5.44607 151.547
10.82 159.059 -7.5225 151.536
10.84 159.421 -7.87857 151.542
10.86 159.854 -8.32286 151.531
10.88 160.801 -9.2696 151.531
10.9 160.422 -8.90164 151.52
10.92 158.16 -6.65043 151.509
10.94 155.259 -3.76079 151.498
10.96 155.573 -4.06915 151.504
10.98 158.636 -7.13762 151.498
11 160.869 -9.36497 151.504
11.02 160.069 -8.56498 151.504
11.04 146.071 5.43293 151.504
11.06 155.46 -3.96239 151.498
11.08 149.177 2.32702 151.504
11.1 148.759 2.73943 151.498
11.12 146.738 4.73844 151.476
11.14 153.616 -2.13942 151.476
11.16 156.864 -5.38242 151.482
11.18 149.58 1.91276 151.493
11.2 141.805 9.68796 151.493
11.22 153.37 -1.87233 151.498
11.24 136.553 14.9615 151.515
11.26 157.306 -5.78564 151.52
11.28 160.507 -8.99237 151.515
11.3 160.738 -9.22386 151.515
11.32 161.094 -9.58992 151.504
11.34 161.417 -9.90289 151.515
11.36 161.392 -9.87766 151.515
11.38 160.378 -8.8631 151.515
11.4 157.468 -5.95323 151.515
11.42 154.528 -3.01313 151.515
11.44 155.723 -4.20838 151.515
11.46 158.192 -6.6885 151.504
11.48 160.113 -8.59299 151.52
11.5 160.267 -8.73577 151.531
11.52 158.541 -7.00987 151.531
11.54 155.579 -4.05356 151.526
11.56 156.296 -4.78677 151.509
11.58 158.573 -7.06437 151.509
11.6 158.2 -6.68511 151.515
11.62 156.341 -4.82681 151.515
11.64 155.19 -3.67544 151.515
11.66 156.839 -5.3303 151.509
11.68 158.905 -7.4065 151.498
11.7 157.405 -5.90102 151.504
11.72 153.086 -1.5823 151.504
11.74 155.881 -4.38251 151.498
11.76 157.401 -5.90272 151.498
11.78 156.228 -4.72935 151.498
11.8 156.429 -4.93064 151.498
11.82 157.417 -5.92388 151.493
11.84 157.891 -6.38781 151.504
11.86 158.254 -6.74463 151.509
11.88 157.797 -6.30469 151.493
11.9 137.989 13.5036 151.493
11.92 152.476 -0.983669 151.493
11.94 159.286 -7.7991 151.487
11.96 158.826 -7.32259 151.504
11.98 157.833 -6.32425 151.509
12 156.867 -5.35789 151.509
12.02 156.369 -4.85472 151.515
12.04 153.858 -2.36022 151.498
12.06 148.581 2.92305 151.504
12.08 158.949 -7.43411 151.515
12.1 162.62 -11.1001 151.52
12.12 159.012 -7.48606 151.526
12.14 150.498 1.03899 151.537
12.16 152.059 -0.527873 151.531
12.18 155.359 -3.82835 151.531
12.2 158.444 -6.91798 151.526
12.22 160.977 -9.44091 151.536
12.24 161.606 -10.0747 151.531
12.26 157.13 -5.62083 151.509
12.28 156.651 -5.1417 151.509
12.3 162.077 -10.5789 151.498
12.32 163.26 -11.7619 151.498
12.34 150.554 0.938998 151.493
12.36 146.117 5.376 151.493
12.38 142.42 9.07776 151.498
12.4 157.628 -6.13568 151.493
12.42 155.367 -3.87451 151.493
12.44 138.194 13.3098 151.504
12.46 151.932 -0.428077 151.504
12.48 161.879 -10.3811 151.498
12.5 160.578 -9.06923 151.509
12.52 154.898 -3.38859 151.509
12.54 147.529 3.99629 151.526
12.56 152.307 -0.792458 151.515
12.58 157.185 -5.66999 151.515
12.6 159.068 -7.55388 151.515
12.62 159.61 -8.09527 151.515
12.64 159.396 -7.87625 151.52
12.66 154.376 -2.85039 151.526
12.68 148.906 2.61372 151.52
12.7 156.787 -5.2671 151.52
12.72 154.627 -3.10725 151.52
12.74 153.772 -2.25731 151.515
12.76 157.526 -6.0172 151.509
12.78 159.799 -8.29561 151.504
12.8 158.001 -6.49146 151.509
12.82 154.181 -2.67147 151.509
12.84 151.565 -0.0505351 151.515
12.86 155.573 -4.05819 151.515
12.88 145.777 5.73174 151.509
12.9 151.359 0.155376 151.514
12.92 149.538 1.97126 151.509
12.94 159.073 -7.55322 151.52
12.96 159.652 -8.13245 151.52
12.98 155.778 -4.25272 151.525
13 136.589 14.9309 151.52
13.02 144.505 7.00931 151.514
13.04 145.337 6.17749 151.515
13.06 158.505 -6.9964 151.509
13.08 158.156 -6.6524 151.504
13.1 157.8 -6.30166 151.498
13.12 160.43 -8.93216 151.498
13.14 162.04 -10.5414 151.498
13.16 160.104 -8.6063 151.498
13.18 141.25 10.2426 151.493
13.2 135.348 16.1506 151.498
13.22 160.926 -9.41648 151.509
13.24 161.438 -9.91754 151.52
13.26 151.002 0.518162 151.52
13.28 128.639 22.8752 151.515
13.3 149.778 1.73676 151.514
13.32 158.345 -6.81981 151.526
13.34 160.316 -8.78538 151.531
13.36 160.495 -8.95309 151.542
13.38 158.778 -7.24121 151.536
13.4 156.195 -4.66448 151.531
13.42 157.745 -6.21915 151.526
13.44 159.898 -8.37792 151.52
13.46 160.588 -9.05682 151.531
13.48 160.813 -9.27095 151.542
13.5 159.997 -8.44989 151.547
13.52 152.27 -0.722544 151.547
13.54 150.42 1.12754 151.547
13.56 157.732 -6.1846 151.547
13.58 158.738 -7.20116 151.536
13.6 157.971 -6.44023 151.531
13.62 137.562 13.9693 151.531
13.64 142.013 9.52316 151.536
13.66 155.585 -4.04891 151.536
13.68 160.405 -8.86291 151.542
13.7 160.083 -8.55739 151.526
13.72 159.447 -7.938 151.509
13.74 157.725 -6.21623 151.509
13.76 152.59 -1.08632 151.504
13.78 145.539 5.98145 151.52
13.8 154.916 -3.39036 151.526
13.82 157.917 -6.38096 151.536
13.84 159.189 -7.65218 151.536
13.86 159.536 -7.99374 151.542
13.88 158.392 -6.86068 151.531
13.9 155.235 -3.69895 151.536
13.92 155.239 -3.71863 151.52
13.94 156.291 -4.77138 151.52
13.96 155.569 -4.05407 151.515
13.98 157.475 -5.95458 151.52
14 157.035 -5.51513 151.52
14.02 148.866 2.63205 151.498
14.04 155.164 -3.66078 151.504
14.06 158.622 -7.11243 151.509
14.08 158.254 -6.74997 151.504
14.1 155.727 -4.22371 151.504
14.12 141.15 10.3591 151.509
14.14 130.88 20.6294 151.509
14.16 154.881 -3.36692 151.514
14.18 158.373 -6.85286 151.52
14.2 157.465 -5.97248 151.493
14.22 154.729 -3.23637 151.493
14.24 148.558 2.93436 151.493
14.26 146.555 4.93787 151.493
14.28 150.4 1.0814 151.482
14.3 159.085 -7.60341 151.482
14.32 156.605 -5.10684 151.498
14.34 145.664 5.83957 151.504
14.36 154.058 -2.54867 151.509
14.38 152.47 -0.955298 151.515
14.4 156.531 -5.01636 151.515
14.42 158.917 -7.40212 151.515
14.44 156.168 -4.64203 151.526
14.46 155.72 -4.19403 151.526
14.48 157.308 -5.772 151.536
14.5 152.51 -0.967762 151.542
14.52 148.06 3.47693 151.537
14.54 157.387 -5.8619 151.526
14.56 159.966 -8.44079 151.526
14.58 160.235 -8.7092 151.526
14.6 159.916 -8.37982 151.536
14.62 156.208 -4.65539 151.553
14.64 148.819 2.72817 151.547
14.66 156.554 -5.01238 151.542
14.68 158.95 -7.40759 151.542
14.7 158.528 -6.98578 151.542
14.72 158.108 -6.57149 151.536
14.74 158.114 -6.58327 151.531
14.76 158.359 -6.83373 151.526
14.78 158.595 -7.06972 151.526
14.8 158.697 -7.16644 151.531
14.82 158.181 -6.65041 151.531
14.84 152.852 -1.32117 151.531
14.86 137.773 13.7476 151.52
14.88 148.361 3.15368 151.515
14.9 156.272 -4.77436 151.498
14.92 159.118 -7.64146 151.476
14.94 159.661 -8.18516 151.476
14.96 158.321 -6.83356 151.487
14.98 156.674 -5.18108 151.493
15 158.038 -6.551 151.487
15.02 160.111 -8.62948 151.482
15.04 160.397 -8.94312 151.454
15.06 159.818 -8.36876 151.449
15.08 159.983 -8.53949 151.443
15.1 160.93 -9.48086 151.449
15.12 161.963 -10.5192 151.443
15.14 160.706 -9.25763 151.449
15.16 140.361 11.0881 151.449
15.18 158.203 -6.75431 151.449
15.2 157.818 -6.37444 151.443
15.22 154.626 -3.19942 151.427
15.24 157.823 -6.37983 151.443
15.26 160.507 -9.06946 151.438
15.28 161.23 -9.79729 151.432
15.3 151.602 -0.174706 151.427
15.32 155.65 -4.22349 151.427
15.34 161.232 -9.80558 151.427
15.36 156.184 -4.75728 151.427
15.38 154.824 -3.39152 151.432
15.4 153.148 -1.70465 151.443
15.42 146.884 4.55416 151.438
15.44 151.142 0.301147 151.443
15.46 159.865 -8.41028 151.454
15.48 159.856 -8.3959 151.46
15.5 148.672 2.79852 151.471
15.52 157.172 -5.70677 151.465
15.54 150.052 1.41887 151.471
15.56 148.953 2.52298 151.476
15.58 153.122 -1.63511 151.487
15.6 150.321 1.16592 151.487
15.62 159.979 -8.46954 151.509
15.64 160.764 -9.2545 151.509
15.66 159.22 -7.71131 151.509
15.68 151.569 -0.0543111 151.515
15.7 152.656 -1.1471 151.509
15.72 154.068 -2.55298 151.515
15.74 154.695 -3.1637 151.531
15.76 157.533 -5.99627 151.536
15.78 157.23 -5.69391 151.536
15.8 157.249 -5.70746 151.542
15.82 156.915 -5.37868 151.536
15.84 157.418 -5.88179 151.536
15.86 158.545 -7.01429 151.531
15.88 159.124 -7.59802 151.526
15.9 159.205 -7.66834 151.536
15.92 157.571 -6.03447 151.536
15.94 149.306 2.22462 151.531
15.96 154.657 -3.1319 151.525
15.98 154.366 -2.84064 151.525
16 146.149 5.37121 151.52
16.02 146.843 4.67698 151.52
16.04 157.711 -6.1855 151.525
16.06 161.522 -10.0022 151.52
16.08 157.985 -6.47053 151.515
16.1 153.465 -1.94472 151.52
16.12 159.381 -7.85592 151.526
16.14 160.981 -9.455 151.526
16.16 160.674 -9.14813 151.526
16.18 160.562 -9.03645 151.526
16.2 160.911 -9.38042 151.531
16.22 161.356 -9.83561 151.52
16.24 159.983 -8.45178 151.531
16.26 151.587 -0.0720734 151.515
16.28 148.52 2.99493 151.515
16.3 140.279 11.2304 151.509
16.32 154.311 -2.80206 151.509
16.34 161.274 -9.76464 151.509
16.36 161.586 -10.0659 151.52
16.38 161.051 -9.53601 151.515
16.4 159.821 -8.30666 151.515
16.42 156.381 -4.87145 151.509
16.44 141.42 10.0889 151.509
16.46 144.674 6.82952 151.503
16.48 157.928 -6.44103 151.487
16.5 156.963 -5.46994 151.493
16.52 155.027 -3.53948 151.487
16.54 142.142 9.36146 151.504
16.56 152.25 -0.751503 151.498
16.58 159.067 -7.58021 151.487
16.6 161.197 -9.7098 151.487
16.62 159.902 -8.40971 151.493
16.64 154.895 -3.40276 151.493
16.66 158.13 -6.63786 151.493
16.68 157.819 -6.33704 151.482
16.7 146.977 4.5161 151.493
16.72 146.296 5.18528 151.482
16.74 144.431 7.06153 151.493
16.76 160.11 -8.61744 151.493
16.78 162.678 -11.1691 151.509
16.8 162.749 -11.2457 151.504
16.82 161.609 -10.1328 151.476
16.84 153.469 -1.98748 151.482
16.86 155.954 -4.47764 151.476
16.88 162.114 -10.6319 151.482
16.9 160.884 -9.39091 151.493
16.92 156.001 -4.51373 151.487
16.94 154.306 -2.82946 151.476
16.96 157.894 -6.41828 151.476
16.98 154.544 -3.05149 151.493
17 140.748 10.7608 151.509
17.02 158.708 -7.19878 151.509
17.04 161.242 -9.72186 151.52
17.06 158.409 -6.88382 151.526
17.08 159.007 -7.48713 151.52
17.1 157.534 -6.01349 151.52
17.12 157.918 -6.40314 151.515
17.14 145.159 6.34958 151.509
17.16 129.157 22.3517 151.509
17.18 152.848 -1.33339 151.515
17.2 156.941 -5.43216 151.509
17.22 158.789 -7.26946 151.52
17.24 158.872 -7.34688 151.526
17.26 158.983 -7.46308 151.52
17.28 158.813 -7.30407 151.509
17.3 156.009 -4.49952 151.509
17.32 154.01 -2.50685 151.504
17.34 157.93 -6.43216 151.498
17.36 159.994 -8.4959 151.498
17.38 160.463 -8.97049 151.493
17.4 160.434 -8.94158 151.493
17.42 159.28 -7.78741 151.493
17.44 153.4 -1.91839 151.482
17.46 151.462 0.0254053 151.487
17.48 156.689 -5.20178 151.487
17.5 153.427 -1.92884 151.498
17.52 157.727 -6.22301 151.504
17.54 161.371 -9.86763 151.504
17.56 161.714 -10.2215 151.493
17.58 161.076 -9.58893 151.487
17.6 159.168 -7.68059 151.487
17.62 150.244 1.22653 151.471
17.64 147.366 4.10438 151.471
17.66 148.83 2.64592 151.476
17.68 154.817 -3.33518 151.482
17.7 153.659 -2.18854 151.471
17.72 137.812 13.6751 151.487
17.74 148.477 3.00428 151.482
17.76 158.655 -7.18478 151.471
17.78 161.852 -10.3813 151.471
17.8 156.808 -5.337 151.471
17.82 152.205 -0.739451 151.465
17.84 161.413 -9.94768 151.465
17.86 162.386 -10.8988 151.487
17.88 157.587 -6.11111 151.476
17.9 158.958 -7.48715 151.471
17.92 160.469 -9.00403 151.465
17.94 157.883 -6.40705 151.476
17.96 153.995 -2.51928 151.476
17.98 158.411 -6.92977 151.482
18 160.107 -8.63109 151.476
18.02 144.763 6.71828 151.482
18.04 155.898 -4.41645 151.482
18.06 160.446 -8.96935 151.476
18.08 156.317 -4.82945 151.487
18.1 158.589 -7.10761 151.482
18.12 162.146 -10.6648 151.482
18.14 160.009 -8.52731 151.482
18.16 158.404 -6.92251 151.482
18.18 160.857 -9.36476 151.493
18.2 162.082 -10.5892 151.493
18.22 161.498 -10.0056 151.493
18.24 154.688 -3.1955 151.493
18.26 142.649 8.85462 151.504
18.28 157.578 -6.07955 151.498
18.3 159.894 -8.39063 151.504
18.32 160.595 -9.08572 151.509
18.34 161.124 -9.60961 151.515
18.36 161.687 -10.172 151.515
18.38 162.255 -10.7404 151.515
18.4 161.968 -10.4538 151.515
18.42 160.276 -8.7674 151.509
18.44 159.231 -7.72183 151.509
18.46 158.477 -6.96828 151.509
18.48 151.438 0.0707388 151.509
18.5 155.553 -4.03875 151.515
18.52 161.495 -9.98057 151.515
18.54 161.926 -10.406 151.52
18.56 160.545 -9.03037 151.515
18.58 157.007 -5.48132 151.526
18.6 153.244 -1.72979 151.514
18.62 134.364 17.1401 151.504
18.64 160.184 -8.68602 151.498
18.66 159.307 -7.82573 151.482
18.68 157.964 -6.48739 151.476
18.7 158.847 -7.37651 151.471
18.72 159.578 -8.09655 151.482
18.74 159.61 -8.11741 151.493
18.76 159.628 -8.15221 151.476
18.78 159.821 -8.34452 151.476
18.8 159.559 -8.07705 151.482
18.82 158.507 -7.01436 151.493
18.84 158.627 -7.14009 151.487
18.86 160.618 -9.13122 151.487
18.88 162.434 -10.936 151.498
18.9 162.698 -11.2004 151.498
18.92 153.866 -2.38402 151.482
18.94 143.587 7.90015 151.487
18.96 142.481 8.99475 151.476
18.98 156.823 -5.33545 151.487
19 160.919 -9.43152 151.487
19.02 158.567 -7.07935 151.487
19.04 150.19 1.30243 151.493
19.06 154.836 -3.349 151.487
19.08 156.744 -5.24056 151.504
19.1 154.247 -2.74908 151.498
19.12 159.64 -8.14158 151.498
19.14 159.042 -7.54905 151.493
19.16 154.574 -3.07548 151.498
19.18 147.461 4.04263 151.504
19.2 145.703 5.81184 151.515
19.22 158.386 -6.87116 151.515
19.24 158.466 -6.95099 151.515
19.26 159.077 -7.55649 151.52
19.28 160.714 -9.19938 151.515
19.3 160.906 -9.37544 151.531
19.32 158.705 -7.16825 151.536
19.34 155.285 -3.73202 151.553
19.36 156.997 -5.47165 151.526
19.38 157.279 -5.75375 151.526
19.4 154.819 -3.30435 151.515
19.42 153.097 -1.57728 151.52
19.44 151.569 -0.0485947 151.52
19.46 155.984 -4.46411 151.52
19.48 156.735 -5.22566 151.509
19.5 155.846 -4.34222 151.504
19.52 157.655 -6.15162 151.504
19.54 159.329 -7.82521 151.504
19.56 159.688 -8.17873 151.509
19.58 155.467 -3.9524 151.515
19.6 149.851 1.65284 151.504
19.62 155.932 -4.43346 151.498
19.64 153.732 -2.23973 151.493
19.66 144.279 7.21938 151.498
19.68 134.845 16.6588 151.504
19.7 146.459 5.06667 151.526
19.72 145.883 5.64265 151.526
19.74 148.337 3.1887 151.526
19.76 158.812 -7.28118 151.531
19.78 158.972 -7.4515 151.52
19.8 159.233 -7.7185 151.515
19.82 159.372 -7.85211 151.52
19.84 159.228 -7.72399 151.504
19.86 159.091 -7.59286 151.498
19.88 157.899 -6.41229 151.487
19.9 151.815 -0.311285 151.504
19.92 148.958 2.54032 151.498
19.94 150.729 0.768895 151.498
19.96 153.082 -1.58366 151.498
19.98 157.989 -6.4912 151.498
20 158.951 -7.45867 151.493
20.02 158.916 -7.40687 151.509
20.04 158.772 -7.26324 151.509
20.06 158.152 -6.63711 151.515
20.08 156.72 -5.21041 151.509
20.1 155.626 -4.11176 151.515
20.12 153.88 -2.36494 151.515
20.14 150.742 0.778102 151.52
20.16 150.407 1.11338 151.52
20.18 153.396 -1.87089 151.526
20.2 157.857 -6.3202 151.536
20.22 159.982 -8.46224 151.52
20.24 160.23 -8.69936 151.531
20.26 159.6 -8.07417 151.526
20.28 158.032 -6.50658 151.526
20.3 156.252 -4.72613 151.526
20.32 157.165 -5.63967 151.526
20.34 158.755 -7.2352 151.52
20.36 157.567 -6.05229 151.515
20.38 153.125 -1.594 151.531
20.4 150.715 0.832635 151.547
20.42 148.498 3.0438 151.542
20.44 152.402 -0.848805 151.553
20.46 155.241 -3.69891 151.542
20.48 145.675 5.86108 151.537
20.5 154.282 -2.74561 151.536
20.52 159.177 -7.65101 151.526
20.54 159.162 -7.64165 151.52
20.56 157.548 -6.02233 151.526
20.58 154.152 -2.63146 151.52
20.6 145.446 6.0739 151.52
20.62 139.238 12.2931 151.531
20.64 140.617 10.908 151.525
20.66 142.563 8.96786 151.531
20.68 154.356 -2.81986 151.536
20.7 154.844 -3.2969 151.547
20.72 149.264 2.27253 151.537
20.74 154.476 -2.93443 151.542
20.76 158.32 -6.78305 151.536
20.78 156.697 -5.16043 151.536
20.8 154.608 -3.06061 151.547
20.82 157.093 -5.54572 151.547
20.84 159.406 -7.85859 151.547
20.86 159.887 -8.35644 151.531
20.88 138.345 13.1802 151.525
20.9 151.489 0.0418566 151.531
20.92 155.574 -4.03783 151.536
20.94 153.992 -2.44999 151.542
20.96 152.728 -1.19161 151.536
20.98 146.853 4.68336 151.537
21 157.171 -5.64039 151.531
21.02 160.648 -9.1223 151.526
21.04 161.295 -9.76441 151.531
21.06 148.59 2.93504 151.525
21.08 144.467 7.05318 151.52
21.1 150.125 1.39507 151.52
21.12 148.943 2.58257 151.525
21.14 145.474 6.04612 151.52
21.16 154.188 -2.65726 151.531
21.18 157.19 -5.65906 151.531
21.2 156.783 -5.26816 151.515
21.22 158.007 -6.48153 151.526
21.24 160.401 -8.87037 151.531
21.26 160.397 -8.86027 151.536
21.28 151.117 0.424498 151.542
21.3 141.709 9.8388 151.547
21.32 151.704 -0.161605 151.542
21.34 157.164 -5.61674 151.547
21.36 156.307 -4.75983 151.547
21.38 148.626 2.92179 151.547
21.4 151.747 -0.210274 151.536
21.42 159.904 -8.36168 151.542
21.44 159.936 -8.39448 151.542
21.46 159.276 -7.73437 151.542
21.48 158.928 -7.3858 151.542
21.5 158.858 -7.32136 151.536
21.52 158.261 -6.72464 151.536
21.54 151.869 -0.321793 151.547
21.56 148.411 3.13092 151.542
21.58 157.038 -5.4965 151.542
21.6 158.362 -6.83637 151.526
21.62 158.512 -7.00312 151.509
21.64 158.676 -7.15076 151.526
21.66 158.824 -7.2871 151.536
21.68 158.946 -7.4259 151.52
21.7 159.083 -7.55241 151.531
21.72 159.33 -7.7931 151.536
21.74 159.776 -8.23409 151.542
21.76 160.197 -8.65544 151.542
21.78 159.982 -8.44542 151.537
21.8 159.234 -7.70877 151.526
21.82 157.374 -5.84887 151.526
21.84 149.211 2.32521 151.536
21.86 144.758 6.76715 151.526
21.88 149.769 1.74537 151.515
21.9 161.058 -9.54874 151.509
21.92 152.38 -0.865276 151.515
21.94 148.718 2.78568 151.504
21.96 147.555 3.93744 151.493
21.98 153.916 -2.42366 151.493
22 117.149 34.3439 151.493
22.02 148.251 3.25228 151.503
22.04 156.443 -4.92889 151.515
22.06 148.354 3.15513 151.509
22.08 143.985 7.51319 151.498
22.1 152.89 -1.39235 151.498
22.12 155.941 -4.44848 151.493
22.14 158.298 -6.79461 151.504
22.16 158.945 -7.43021 151.515
22.18 154.936 -3.42735 151.509
22.2 141.344 10.1539 151.498
22.22 154.258 -2.76526 151.493
22.24 158.113 -6.63098 151.482
22.26 159.035 -7.55291 151.482
22.28 159.24 -7.74776 151.493
22.3 156.725 -5.22706 151.498
22.32 150.738 0.765572 151.504
22.34 154.322 -2.81802 151.504
22.36 157.36 -5.84582 151.515
22.38 157.737 -6.22819 151.509
22.4 157.604 -6.09535 151.509
22.42 159.08 -7.57132 151.509
22.44 160.284 -8.77488 151.509
22.46 160.603 -9.08883 151.515
22.48 159.586 -8.06588 151.52
22.5 153.893 -2.36718 151.526
22.52 154.848 -3.3172 151.531
22.54 159.714 -8.1772 151.537
22.56 158.606 -7.06954 151.537
22.58 154.707 -3.1648 151.542
22.6 153.65 -2.1185 151.531
22.62 156.755 -5.22396 151.531
22.64 159.336 -7.80541 151.531
22.66 160.613 -9.0823 151.531
22.68 160.333 -8.8022 151.531
22.7 154.349 -2.82315 151.526
22.72 134.402 17.1184 151.52
22.74 155.205 -3.68547 151.52
22.76 152.887 -1.36732 151.52
22.78 154.626 -3.111 151.515
22.8 161.02 -9.52228 151.498
22.82 160.675 -9.17682 151.498
22.84 155.483 -3.96847 151.515
22.86 152.42 -0.905666 151.515
22.88 153.437 -1.92245 151.515
22.9 151.313 0.207033 151.52
22.92 151.442 0.0777427 151.52
22.94 154.149 -2.6233 151.526
22.96 157.396 -5.87025 151.526
22.98 161.962 -10.4259 151.537
23 162.098 -10.5558 151.542
23.02 153.936 -2.38873 151.547
23.04 137.819 13.712 151.531
23.06 139.246 12.2845 151.531
23.08 151.197 0.328882 151.526
23.1 161.137 -9.60048 151.537
23.12 159.035 -7.48722 151.548
23.14 157.932 -6.38983 151.542
23.16 155.881 -4.3338 151.548
23.18 151.947 -0.410775 151.537
23.2 155.364 -3.81137 151.553
23.22 160.416 -8.88504 151.531
23.24 161.312 -9.78612 151.526
23.26 159.77 -8.24981 151.52
23.28 157.319 -5.79908 151.52
23.3 156.913 -5.39324 151.52
23.32 158.167 -6.64708 151.52
23.34 158.168 -6.63697 151.531
23.36 156.855 -5.32427 151.531
23.38 156.298 -4.76159 151.537
23.4 157.338 -5.79609 151.542
23.42 158.06 -6.51845 151.542
23.44 158.197 -6.66018 151.537
23.46 157.826 -6.28441 151.542
23.48 155.864 -4.32773 151.537
23.5 150.687 0.849414 151.537
23.52 152.611 -1.07473 151.537
23.54 156.132 -4.58481 151.548
23.56 156.545 -4.99209 151.553
23.58 156.552 -5.00465 151.548
23.6 156.752 -5.1988 151.553
23.62 157.067 -5.51925 151.548
23.64 157.436 -5.88888 151.548
23.66 157.892 -6.33945 151.553
23.68 158.486 -6.93322 151.553
23.7 158.607 -7.0539 151.553
23.72 152.825 -1.26636 151.558
23.74 149.061 2.49716 151.558
23.76 157.239 -5.68101 151.558
23.78 150.208 1.33404 151.542
23.8 154.209 -2.67289 151.537
23.82 153.049 -1.51238 151.537
23.84 153.214 -1.68249 151.531
23.86 158.216 -6.68497 151.531
23.88 158.083 -6.54618 151.537
23.9 157.134 -5.60331 151.531
23.92 157.307 -5.79826 151.509
23.94 158.259 -6.74415 151.515
23.96 159.104 -7.58399 151.52
23.98 159.678 -8.16892 151.509
24 159.918 -8.4142 151.504
24.02 159.725 -8.22081 151.504
24.04 159.314 -7.80997 151.504
24.06 153.241 -1.73754 151.504
24.08 145.981 5.51771 151.498
24.1 153.891 -2.40419 151.487
24.12 154.149 -2.66178 151.487
24.14 158.281 -6.78243 151.498
24.16 162.528 -11.0298 151.498
24.18 162.891 -11.3813 151.509
24.2 161.715 -10.2225 151.493
24.22 161.211 -9.7178 151.493
24.24 161.189 -9.70218 151.487
24.26 161.308 -9.81524 151.493
24.28 161.214 -9.71006 151.504
24.3 160.852 -9.3482 151.504
24.32 160.514 -9.00983 151.504
24.34 160.438 -8.9338 151.504
24.36 160.524 -9.01458 151.509
24.38 159.649 -8.13448 151.515
24.4 153.405 -1.90134 151.504
24.42 151.171 0.344075 151.515
24.44 158.794 -7.28466 151.509
24.46 161.686 -10.1827 151.504
24.48 162.605 -11.1016 151.504
24.5 158.647 -7.14915 151.498
24.52 145.804 5.69383 151.498
24.54 151.29 0.203181 151.493
24.56 157.68 -6.18162 151.498
24.58 160.336 -8.83218 151.504
24.6 155.288 -3.77305 151.515
24.62 157.106 -5.59132 151.515
24.64 161.804 -10.2897 151.515
24.66 162.601 -11.0922 151.509
24.68 159.195 -7.68081 151.515
24.7 152.85 -1.34606 151.504
24.72 155.697 -4.18816 151.509
24.74 156.89 -5.38663 151.504
24.76 148.291 3.20217 151.493
24.78 157.115 -5.62241 151.493
24.8 160.388 -8.90105 151.487
24.82 160.002 -8.51462 151.487
24.84 152.648 -1.16652 151.482
24.86 148.932 2.53377 151.465
24.88 159.755 -8.28458 151.471
24.9 160.453 -8.97073 151.482
24.92 158.731 -7.24323 151.487
24.94 157.488 -6.00619 151.482
24.96 157.936 -6.45444 151.482
24.98 156.491 -5.00878 151.482
25 158.104 -6.62208 151.482
25.02 156.538 -5.06148 151.476
25.04 148.654 2.82797 151.482
25.06 155.934 -4.44656 151.487
25.08 156.908 -5.42032 151.487
25.1 162.403 -10.9153 151.487
25.12 163.382 -11.8783 151.504
25.14 150.684 0.836431 151.52
25.16 143.327 8.19877 151.526
25.18 155.756 -4.23077 151.526
25.2 156.292 -4.76682 151.526
25.22 154.184 -2.66379 151.52
25.24 158.33 -6.83165 151.498
25.26 161.876 -10.3724 151.504
25.28 161.098 -9.60508 151.493
25.3 158.917 -7.419 151.498
25.32 157.847 -6.35398 151.493
25.34 158.047 -6.55966 151.487
25.36 158.141 -6.6479 151.493
25.38 157.995 -6.49694 151.498
25.4 157.932 -6.43921 151.493
25.42 157.975 -6.47106 151.504
25.44 156.979 -5.47008 151.509
25.46 151.999 -0.483863 151.515
25.48 153.217 -1.70277 151.515
25.5 157.1 -5.5693 151.531
25.52 151.906 -0.369257 151.537
25.54 147.683 3.83762 151.52
25.56 152.492 -0.983211 151.509
25.58 150.983 0.521096 151.504
25.6 154.17 -2.65534 151.515
25.62 158.365 -6.86709 151.498
25.64 158.727 -7.21248 151.515
25.66 158.395 -6.88006 151.515
25.68 158.107 -6.59743 151.509
25.7 157.864 -6.36042 151.504
25.72 157.714 -6.21034 151.504
25.74 158.033 -6.5346 151.498
25.76 159.039 -7.54079 151.498
25.78 160.092 -8.58818 151.504
25.8 159.909 -8.40019 151.509
25.82 156.764 -5.26023 151.504
25.84 152.741 -1.22052 151.52
25.86 148.609 2.91161 151.52
25.88 145.816 5.69895 151.515
25.9 154.828 -3.31888 151.509
25.92 162.478 -10.9746 151.504
25.94 161.456 -9.94691 151.509
25.96 157.355 -5.85166 151.504
25.98 156.877 -5.38387 151.493
26 160.272 -8.78477 151.487
26.02 160.263 -8.77043 151.493
26.04 147.377 4.1155 151.493
26.06 145.783 5.72655 151.509
26.08 142.546 8.96267 151.509
26.1 153.008 -1.5039 151.504
26.12 159.106 -7.59645 151.509
26.14 154.108 -2.59857 151.509
26.16 146.228 5.27554 151.504
26.18 157.466 -5.96773 151.498
26.2 159.556 -8.0521 151.504
26.22 159.959 -8.46034 151.498
26.24 155.464 -3.96077 151.504
26.26 129.04 22.4586 151.498
26.28 159.556 -8.0638 151.493
26.3 158.471 -6.97875 151.493
26.32 156.702 -5.19837 151.504
26.34 156.276 -4.79414 151.482
26.36 157.021 -5.52861 151.493
26.38 158.923 -7.43006 151.493
26.4 158.881 -7.39339 151.487
26.42 151.073 0.41413 151.487
26.44 146.663 4.83007 151.493
26.46 152.273 -0.780569 151.493
26.48 149.042 2.46173 151.504
26.5 137.255 14.2484 151.504
26.52 157.553 -6.04408 151.509
26.54 160.319 -8.80957 151.509
26.56 157.787 -6.2728 151.515
26.58 157.726 -6.21124 151.515
26.6 159.294 -7.77936 151.515
26.62 136.391 15.1237 151.514
26.64 136.844 14.6754 151.52
26.66 155.988 -4.45721 151.531
26.68 159.679 -8.1644 151.515
26.7 160.238 -8.71801 151.52
26.72 160.077 -8.56738 151.509
26.74 159.773 -8.27525 151.498
26.76 159.629 -8.13103 151.498
26.78 159.646 -8.15341 151.493
26.8 159.577 -8.08423 151.493
26.82 159.186 -7.68791 151.498
26.84 158.635 -7.12625 151.509
26.86 155.041 -3.50966 151.531
26.88 148.861 2.66988 151.531
26.9 122.838 28.6982 151.536
26.92 142.209 9.32206 151.531
26.94 153.929 -2.3975 151.531
26.96 148.774 2.75205 151.526
26.98 153.84 -2.31421 151.526
27 156.129 -4.61463 151.515
27.02 154.051 -2.51942 151.531
27.04 159.877 -8.35092 151.526
27.06 160.377 -8.86263 151.515
27.08 159.965 -8.4557 151.509
27.1 160.149 -8.63987 151.509
27.12 160.358 -8.84314 151.515
27.14 160.209 -8.70015 151.509
27.16 159.284 -7.76942 151.515
27.18 157.035 -5.52571 151.509
27.2 155.791 -4.30956 151.482
27.22 156.328 -4.83489 151.493
27.24 156.256 -4.76351 151.493
27.26 149.223 2.26995 151.493
27.28 142.432 9.06655 151.498
27.3 156.337 -4.83375 151.504
27.32 159.788 -8.29012 151.498
27.34 160.932 -9.42269 151.509
27.36 161.587 -10.0834 151.504
27.38 161.069 -9.5601 151.509
27.4 152.968 -1.45292 151.515
27.42 142.987 8.53288 151.52
27.44 144.137 7.39402 151.531
27.46 126.969 24.5622 151.531
27.48 152.111 -0.59059 151.52
27.5 157.912 -6.40793 151.504
27.52 159.116 -7.60185 151.515
27.54 157.876 -6.35593 151.52
27.56 153.493 -1.96233 151.531
27.58 153.286 -1.75478 151.531
27.6 156.63 -5.10958 151.52
27.62 156.715 -5.21117 151.504
27.64 150.05 1.45363 151.504
27.66 150.58 0.928717 151.509
27.68 157.216 -5.70692 151.509
27.7 158.336 -6.82654 151.509
27.72 158.105 -6.60117 151.504
27.74 157.905 -6.38451 151.52
27.76 157.999 -6.48443 151.515
27.78 158.025 -6.49889 151.526
27.8 152.87 -1.34951 151.52
27.82 139.947 11.5734 151.52
27.84 152.373 -0.842113 151.531
27.86 154.878 -3.34689 151.531
27.88 153.4 -1.88027 151.52
27.9 153.678 -2.15241 151.526
27.92 156.862 -5.33614 151.526
27.94 158.117 -6.59653 151.52
27.96 158.426 -6.91652 151.509
27.98 158.437 -6.93347 151.504
28 157.483 -5.96264 151.52
28.02 153.817 -2.30253 151.515
28.04 148.971 2.54929 151.52
28.06 151.386 0.128324 151.515
28.08 156.4 -4.87961 151.52
28.1 155.029 -3.50341 151.526
28.12 145.183 6.34824 151.531
28.14 144.165 7.3605 151.526
28.16 156.821 -5.27869 151.542
28.18 158.315 -6.77821 151.537
28.2 157.94 -6.40343 151.537
28.22 154.833 -3.29631 151.537
28.24 145.224 6.32356 151.548
28.26 154.796 -3.25445 151.542
28.28 158.198 -6.66115 151.537
28.3 156.675 -5.13303 151.542
28.32 155.111 -3.56856 151.542
28.34 156.654 -5.11708 151.537
28.36 158.082 -6.55111 151.531
28.38 157.628 -6.09141 151.537
28.4 156.127 -4.59628 151.531
28.42 156.009 -4.49469 151.515
28.44 156.828 -5.30214 151.526
28.46 154.751 -3.2202 151.531
28.48 151.019 0.506662 151.526
28.5 156.653 -5.12689 151.526
28.52 158.609 -7.07757 151.531
28.54 155.997 -4.46572 151.531
28.56 144.221 7.32161 151.542
28.58 152.59 -1.05304 151.537
28.6 157.26 -5.73472 151.526
28.62 157.694 -6.17403 151.52
28.64 158.04 -6.51972 151.52
28.66 155.624 -4.10972 151.515
28.68 140.607 10.9242 151.531
28.7 156.078 -4.54126 151.537
28.72 159.935 -8.40952 151.526
28.74 158.802 -7.28741 151.515
28.76 153.223 -1.71421 151.509
28.78 151.747 -0.23261 151.515
28.8 157.818 -6.30342 151.515
28.82 155.043 -3.51742 151.526
28.84 150.953 0.561886 151.515
28.86 157.458 -5.93224 151.526
28.88 160.813 -9.293 151.52
28.9 161.041 -9.52078 151.52
28.92 160.214 -8.6937 151.52
28.94 159.077 -7.56279 151.515
28.96 151.176 0.343875 151.52
28.98 140.051 11.4585 151.509
29 154.881 -3.37146 151.509
29.02 160.514 -9.00461 151.509
29.04 161.783 -10.2687 151.515
29.06 162.069 -10.5654 151.504
29.08 154.433 -2.92954 151.504
29.1 146.687 4.82201 151.509
29.12 159.23 -7.72646 151.504
29.14 144.346 7.16306 151.509
29.16 136.391 15.107 151.498
29.18 158.465 -6.95031 151.515
29.2 161.783 -10.2634 151.52
29.22 160.717 -9.18571 151.531
29.24 158.441 -6.92094 151.52
29.26 157.19 -5.6644 151.526
29.28 159.225 -7.69912 151.526
29.3 160.827 -9.30155 151.526
29.32 161.182 -9.65071 151.531
29.34 161.08 -9.53819 151.542
29.36 161.092 -9.55034 151.542
29.38 161.328 -9.79104 151.537
29.4 160.378 -8.84697 151.531
29.42 156.838 -5.30191 151.537
29.44 156.044 -4.51885 151.526
29.46 158.043 -6.51145 151.531
29.48 160.096 -8.58109 151.515
29.5 159.515 -8.00571 151.509
29.52 156.922 -5.40719 151.515
29.54 154.428 -2.9188 151.509
29.56 154.788 -3.28943 151.498
29.58 157.78 -6.28142 151.498
29.6 158.417 -6.93021 151.487
29.62 159.153 -7.67144 151.482
29.64 159.485 -7.99218 151.493
29.66 156.709 -5.19955 151.509
29.68 150.579 0.918901 151.498
29.7 135.307 16.1914 151.498
29.72 144.487 7.0167 151.504
29.74 157.696 -6.20329 151.493
29.76 160.736 -9.23233 151.504
29.78 156.081 -4.57194 151.509
29.8 147.761 3.73707 151.498
29.82 154.808 -3.30945 151.498
29.84 160.344 -8.85132 151.493
29.86 156.744 -5.25085 151.493
29.88 152.743 -1.25019 151.493
29.9 147.634 3.84266 151.476
29.92 122.573 28.8978 151.471
29.94 139.594 11.8822 151.476
29.96 162.011 -10.5294 151.482
29.98 164.49 -13.0024 151.487
30 162.465 -10.983 151.482
30.02 160.206 -8.70237 151.504
30.04 159.633 -8.12967 151.504
30.06 160.726 -9.22272 151.504
30.08 161.2 -9.70225 151.498
30.1 158.264 -6.76004 151.504
30.12 153.475 -1.97652 151.498
30.14 134.953 16.5562 151.509
30.16 149.887 1.62254 151.509
30.18 149.384 2.13071 151.515
30.2 155.754 -4.239 151.515
30.22 159.453 -7.94912 151.504
30.24 159.566 -8.05716 151.509
30.26 159.073 -7.55812 151.515
30.28 159.378 -7.86925 151.509
30.3 158.684 -7.16408 151.52
30.32 148.994 2.52115 151.515
30.34 154.304 -2.77839 151.526
30.36 160.38 -8.84853 151.531
30.38 157.327 -5.79633 151.531
30.4 149.858 1.67902 151.537
30.42 153.272 -1.72947 151.542
30.44 156.312 -4.77518 151.537
30.46 157.125 -5.58247 151.542
30.48 156.67 -5.128 151.542
30.5 156.245 -4.70803 151.537
30.52 156.676 -5.13952 151.537
30.54 154.998 -3.45092 151.548
30.56 137.537 14.0103 151.548
30.58 151.853 -0.3108 151.542
30.6 155.253 -3.6942 151.559
30.62 154.875 -3.33277 151.542
30.64 156.723 -5.19196 151.531
30.66 157.9 -6.36319 151.537
30.68 158.074 -6.54835 151.526
30.7 157.855 -6.32925 151.526
30.72 157.624 -6.10351 151.52
30.74 157.89 -6.36432 151.526
30.76 158.781 -7.26597 151.515
30.78 154.525 -3.01089 151.515
30.8 113.439 38.0652 151.504
30.82 151.958 -0.449139 151.509
30.84 158.383 -6.86253 151.52
30.86 158.799 -7.29531 151.504
30.88 160.076 -8.56653 151.509
30.9 161.12 -9.60533 151.515
30.92 152.495 -0.980787 151.515
30.94 140.256 11.2638 151.52
30.96 156.239 -4.71841 151.52
30.98 158.798 -7.2778 151.52
31 153.79 -2.26442 151.526
31.02 154.152 -2.62601 151.526
31.04 159.247 -7.72691 151.52
31.06 161.015 -9.50061 151.515
31.08 161.697 -10.1715 151.526
31.1 161.545 -10.0246 151.52
31.12 140.762 10.7422 151.504
31.14 154.559 -3.05525 151.504
31.16 155.756 -4.26366 151.493
31.18 149.052 2.45686 151.509
31.2 155.925 -4.42672 151.498
31.22 158.789 -7.29075 151.498
31.24 159.057 -7.56467 151.493
31.26 159.459 -7.95488 151.504
31.28 159.786 -8.27705 151.509
31.3 159.869 -8.35411 151.515
31.32 159.924 -8.40342 151.52
31.34 160.213 -8.69828 151.515
31.36 160.885 -9.37074 151.515
31.38 161.927 -10.4124 151.515
31.4 163.024 -11.5095 151.515
31.42 160.077 -8.56795 151.509
31.44 132.745 18.7811 151.526
31.46 149.489 2.0258 151.515
31.48 156.805 -5.28994 151.515
31.5 149.482 2.03793 151.52
31.52 144.38 7.13998 151.52
31.54 152.269 -0.759651 151.509
31.56 160.066 -8.56728 151.498
31.58 162.482 -10.9779 151.504
31.6 161.737 -10.2383 151.498
31.62 156.744 -5.25127 151.493
31.64 154.236 -2.74363 151.493
31.66 152.342 -0.838495 151.504
31.68 156.215 -4.7109 151.504
31.7 159.472 -7.96294 151.509
31.72 123.39 28.1251 151.515
31.74 158.257 -6.7316 151.526
31.76 156.775 -5.25534 151.52
31.78 138.1 13.4254 151.526
31.8 153.682 -2.16232 151.52
31.82 159.38 -7.85426 151.526
31.84 158.651 -7.13126 151.52
31.86 136.728 14.8083 151.537
31.88 154.135 -2.59883 151.537
31.9 158.771 -7.24005 151.531
31.92 152.745 -1.2301 151.515
31.94 143.259 8.25062 151.509
31.96 152.483 -0.962346 151.52
31.98 156.013 -4.50909 151.504
32 152.102 -0.598677 151.504
32.02 149.291 2.21299 151.504
32.04 156.589 -5.0747 151.515
32.06 159.952 -8.43211 151.52
32.08 155.718 -4.1981 151.52
32.1 146.028 5.49239 151.52
32.12 156.227 -4.70698 151.52
32.14 142.641 8.86815 151.509
32.16 143.711 7.7873 151.498
32.18 151.143 0.35556 151.498
32.2 158.751 -7.23653 151.515
32.22 156.664 -5.13831 151.526
32.24 151.517 -0.00276899 151.515
32.26 145.219 6.28476 151.504
32.28 156.9 -5.40165 151.498
32.3 119.66 31.8388 151.499
32.32 155.876 -4.37206 151.504
32.34 132.772 18.7374 151.509
32.36 147.067 4.43652 151.504
32.38 158.056 -6.55786 151.498
32.4 157.034 -5.53048 151.504
32.42 145.346 6.14673 151.493
32.44 154.151 -2.66367 151.487
32.46 158.896 -7.409 151.487
32.48 159.865 -8.36139 151.504
32.5 159.604 -8.08919 151.515
32.52 151.64 -0.125416 151.515
32.54 150.039 1.46461 151.504
32.56 156.993 -5.47875 151.515
32.58 158.245 -6.74119 151.504
32.6 153.484 -1.9805 151.504
32.62 145.767 5.72063 151.487
32.64 150.852 0.624179 151.476
32.66 156.77 -5.29942 151.471
32.68 159.883 -8.40149 151.482
32.7 161.547 -10.0647 151.482
32.72 160.771 -9.3002 151.471
32.74 160.065 -8.61069 151.454
32.76 160.858 -9.39219 151.465
32.78 162.512 -11.0414 151.471
32.8 164.151 -12.6806 151.471
32.82 164.713 -13.248 151.465
32.84 157.246 -5.78042 151.465
32.86 141.997 9.47899 151.476
32.88 146.354 5.11638 151.471
32.9 147.039 4.43232 151.471
32.92 153.143 -1.67171 151.471
32.94 158.919 -7.4485 151.471
32.96 162.096 -10.6306 151.465
32.98 165.127 -13.6721 151.454
33 166.753 -15.3037 151.449
33.02 166.924 -15.4753 151.449
33.04 164 -12.54 151.46
33.06 157.003 -5.5372 151.465
33.08 156.055 -4.60089 151.454
33.1 146.597 4.86259 151.46
33.12 160.972 -9.51174 151.46
33.14 166.228 -14.7841 151.443
33.16 165.929 -14.4695 151.46
33.18 160.947 -9.48709 151.46
33.2 138.569 12.8967 151.465
33.22 156.08 -4.61456 151.465
33.24 151.618 -0.157642 151.46
33.26 157.861 -6.3904 151.471
33.28 161.781 -10.31 151.471
33.3 161.604 -10.1224 151.482
33.32 161.429 -9.95851 151.471
33.34 161.82 -10.3329 151.487
33.36 162.348 -10.8496 151.498
33.38 162.501 -10.9917 151.509
33.4 162.106 -10.608 151.498
33.42 161.386 -9.87699 151.509
33.44 159.734 -8.23596 151.498
33.46 156.254 -4.75579 151.498
33.48 158.665 -7.15603 151.509
33.5 162.93 -11.4158 151.515
33.52 163.06 -11.5448 151.515
33.54 160.94 -9.4084 151.531
33.56 158.795 -7.26364 151.531
33.58 158.068 -6.54235 151.526
33.6 154.882 -3.35664 151.526
33.62 160.212 -8.69224 151.52
33.64 161.793 -10.2616 151.531
33.66 160.91 -9.38481 151.526
33.68 158.074 -6.5482 151.526
33.7 141.376 10.1553 151.531
33.72 145.888 5.63809 151.526
33.74 151.341 0.174037 151.515
33.76 158.645 -7.14129 151.504
33.78 159.473 -7.96372 151.509
33.8 158.958 -7.44868 151.509
33.82 158.106 -6.58603 151.52
33.84 156.373 -4.86424 151.509
33.86 154.777 -3.27368 151.504
33.88 156.222 -4.70708 151.515
33.9 158.227 -6.70689 151.52
33.92 159.203 -7.68837 151.515
33.94 159.719 -8.19297 151.526
33.96 159.335 -7.82054 151.515
33.98 148.417 3.09736 151.515
34 150.295 1.21408 151.509
34.02 161.336 -9.82668 151.509
34.04 159.786 -8.28805 151.498
34.06 151.671 -0.167184 151.504
34.08 149.176 2.32725 151.504
34.1 149.872 1.62588 151.498
34.12 154.074 -2.5754 151.498
34.14 142.142 9.36156 151.504
34.16 153.703 -2.18254 151.52
34.18 159 -7.49606 151.504
34.2 148.045 3.45872 151.504
34.22 147.03 4.46854 151.498
34.24 156.825 -5.31548 151.509
34.26 158.115 -6.61105 151.504
34.28 147.61 3.88794 151.498
34.3 143.045 8.45292 151.498
34.32 136.925 14.5737 151.498
34.34 145.135 6.35802 151.493
34.36 157.005 -5.51204 151.493
34.38 161.356 -9.85229 151.504
34.4 161.468 -9.96954 151.498
34.42 154.664 -3.17123 151.493
34.44 155.713 -4.21429 151.498
34.46 159.871 -8.37302 151.498
34.48 152.458 -0.970861 151.487
34.5 151.474 0.0134951 151.487
34.52 158.381 -6.89415 151.487
34.54 158.974 -7.4707 151.504
34.56 158.281 -6.78845 151.493
34.58 157.074 -5.58094 151.493
34.6 155.943 -4.43948 151.504
34.62 156.948 -5.44388 151.504
34.64 158.998 -7.49466 151.504
34.66 158.943 -7.43886 151.504
34.68 154.844 -3.34055 151.504
34.7 155.634 -4.10249 151.531
34.72 158.386 -6.87115 151.515
34.74 155.212 -3.69692 151.515
34.76 148.999 2.50999 151.509
34.78 150.07 1.45046 151.52
34.8 158.924 -7.40379 151.52
34.82 161.32 -9.79965 151.52
34.84 159.709 -8.17757 151.531
34.86 154.119 -2.58189 151.537
34.88 151.49 0.052554 151.542
34.9 153.074 -1.52618 151.548
34.92 155.669 -4.13233 151.537
34.94 157.257 -5.72572 151.531
34.96 157.751 -6.2249 151.526
34.98 153.656 -2.1355 151.52
35 151.033 0.492902 151.526
35.02 153.979 -2.45884 151.52
35.04 158.377 -6.8622 151.515
35.06 159.595 -8.08046 151.515
35.08 159.684 -8.1692 151.515
35.1 159.531 -8.01586 151.515
35.12 158.624 -7.10925 151.515
35.14 156.509 -4.98886 151.52
35.16 150.525 0.994746 151.52
35.18 135.779 15.7307 151.509
35.2 156.09 -4.57555 151.515
35.22 158.084 -6.57518 151.509
35.24 158.502 -6.99326 151.509
35.26 157.023 -5.51375 151.509
35.28 144.19 7.32492 151.515
35.3 147.502 4.00691 151.509
35.32 148.146 3.36916 151.515
35.34 157.499 -5.99579 151.504
35.36 162.584 -11.0803 151.504
35.38 161.921 -10.4168 151.504
35.4 161.049 -9.54538 151.504
35.42 160.224 -8.71978 151.504
35.44 159.484 -7.96913 151.515
35.46 159.92 -8.42136 151.498
35.48 156.676 -5.17243 151.504
35.5 153.149 -1.6449 151.504
35.52 151.154 0.355459 151.509
35.54 151.496 0.0136682 151.509
35.56 149.811 1.69274 151.504
35.58 153.72 -2.22215 151.498
35.6 158.863 -7.37563 151.487
35.62 155.064 -3.57099 151.493
35.64 150.452 1.05133 151.504
35.66 158.023 -6.51915 151.504
35.68 161.184 -9.67433 151.509
35.7 161.114 -9.62111 151.493
35.72 160.632 -9.13897 151.493
35.74 160.564 -9.07701 151.487
35.76 161.026 -9.53863 151.487
35.78 159.219 -7.73711 151.482
35.8 138.921 12.5659 151.487
35.82 115.445 36.0368 151.482
35.84 152.714 -1.22668 151.487
35.86 160.44 -8.95267 151.487
35.88 160.108 -8.62071 151.487
35.9 156.194 -4.71225 151.482
35.92 150.973 0.514188 151.487
35.94 154.472 -2.98494 151.487
35.96 159.916 -8.42886 151.487
35.98 161.684 -10.2019 151.482
36 162.304 -10.8162 151.487
36.02 162.52 -11.033 151.487
36.04 161.906 -10.4129 151.493
36.06 158.765 -7.267 151.498
36.08 151.514 -0.0102396 151.504
36.1 157.326 -5.81721 151.509
36.12 160.703 -9.1988 151.504
36.14 152.458 -0.959608 151.498
36.16 137.252 14.2355 151.487
36.18 147.633 3.85383 151.487
36.2 158.05 -6.55188 151.498
36.22 162.724 -11.2198 151.504
36.24 161.142 -9.63235 151.509
36.26 157.87 -6.37179 151.498
36.28 157.217 -5.72948 151.487
36.3 156.516 -5.02908 151.487
36.32 151.713 -0.220448 151.493
36.34 153.536 -2.03763 151.498
36.36 154.975 -3.48257 151.493
36.38 135.802 15.6911 151.493
36.4 161.047 -9.55412 151.493
36.42 161.01 -9.51687 151.493
36.44 160.283 -8.78462 151.498
36.46 159.984 -8.48564 151.498
36.48 160.099 -8.61158 151.487
36.5 158.46 -6.97278 151.487
36.52 138.836 12.6513 151.487
36.54 154.152 -2.65969 151.493
36.56 156.562 -5.06899 151.493
36.58 156.1 -4.60198 151.498
36.6 157.255 -5.75643 151.498
36.62 158.82 -7.33252 151.487
36.64 159.746 -8.25276 151.493
36.66 160.084 -8.58579 151.498
36.68 160.264 -8.76016 151.504
36.7 160.045 -8.53019 151.515
36.72 158.195 -6.69148 151.504
36.74 147.714 3.78958 151.504
36.76 137.897 13.6126 151.509
36.78 146.466 5.04281 151.509
36.8 160.566 -9.04591 151.52
36.82 163 -11.4691 151.531
36.84 158.59 -7.04198 151.548
36.86 150.617 0.924702 151.542
36.88 153.977 -2.43502 151.542
36.9 154.984 -3.45288 151.531
36.92 160.787 -9.26111 151.526
36.94 161.704 -10.1841 151.52
36.96 161.446 -9.92545 151.52
36.98 161.273 -9.75285 151.52
37 161.159 -9.64467 151.515
37.02 160.255 -8.73994 151.515
37.04 158.205 -6.68486 151.52
37.06 157.107 -5.58717 151.52
37.08 159.332 -7.817 151.515
37.1 162.026 -10.5221 151.504
37.12 162.8 -11.2967 151.504
37.14 157.096 -5.576 151.52
37.16 147.962 3.55265 151.515
37.18 160.941 -9.4372 151.504
37.2 161.647 -10.1491 151.498
37.22 161.007 -9.50271 151.504
37.24 160.277 -8.76796 151.509
37.26 157.569 -6.05976 151.509
37.28 155.474 -3.96988 151.504
37.3 147.895 3.61998 151.515
37.32 147.222 4.28763 151.509
37.34 159.926 -8.41633 151.509
37.36 152.411 -0.901233 151.509
37.38 155.182 -3.68411 151.498
37.4 159.675 -8.17674 151.498
37.42 159.797 -8.30995 151.487
37.44 158.788 -7.29508 151.493
37.46 152.956 -1.46851 151.487
37.48 151.133 0.354122 151.487
37.5 158.772 -7.27363 151.498
37.52 160.595 -9.09712 151.498
37.54 160.395 -8.91312 151.482
37.56 158.121 -6.63916 151.482
37.58 155.577 -4.0955 151.482
37.6 154.486 -2.99873 151.487
37.62 150.19 1.30288 151.493
37.64 153.328 -1.84035 151.487
37.66 151.34 0.152583 151.493
37.68 156.308 -4.81492 151.493
37.7 149.168 2.33022 151.498
37.72 144.7 6.79275 151.493
37.74 159.53 -8.0314 151.498
37.76 162.139 -10.6569 151.482
37.78 161.804 -10.3273 151.476
37.8 161.607 -10.1357 151.471
37.82 161.641 -10.1751 151.465
37.84 157.691 -6.2258 151.465
37.86 136.132 15.3276 151.46
37.88 150.108 1.36249 151.471
37.9 160.056 -8.58497 151.471
37.92 160.471 -8.99436 151.476
37.94 161.701 -10.2358 151.465
37.96 160.379 -8.91337 151.465
37.98 148.91 2.55005 151.46
38 147.63 3.83015 151.46
38.02 156.624 -5.14746 151.476
38.04 163.066 -11.5948 151.471
38.06 163.497 -12.0206 151.476
38.08 162.183 -10.6952 151.487
38.1 151.072 0.425976 151.498
38.12 147.517 3.98161 151.498
38.14 142.724 8.76359 151.487
38.16 149.548 1.93423 151.482
38.18 150.854 0.638888 151.493
38.2 147.404 4.08872 151.493
38.22 152.122 -0.634448 151.487
38.24 155.601 -4.11945 151.482
38.26 158.141 -6.65316 151.487
38.28 161.444 -9.95669 151.487
38.3 162.042 -10.5496 151.493
38.32 161.79 -10.2967 151.493
38.34 161.44 -9.93615 151.504
38.36 161.244 -9.74042 151.504
38.38 160.996 -9.48171 151.515
38.4 159.982 -8.46199 151.52
38.42 157.024 -5.51978 151.504
38.44 145.415 6.0829 151.498
38.46 152.585 -1.08638 151.498
38.48 154.629 -3.14735 151.482
38.5 161.997 -10.5095 151.487
38.52 160.529 -9.03649 151.493
38.54 150.839 0.658956 151.498
38.56 146.886 4.60145 151.487
38.58 139.038 12.433 151.471
38.6 150.155 1.30454 151.46
38.62 153.618 -2.1475 151.471
38.64 154.641 -3.16442 151.476
38.66 159.563 -8.08709 151.476
38.68 157.104 -5.6108 151.493
38.7 153.557 -2.05864 151.498
38.72 154.901 -3.40793 151.493
38.74 158.678 -7.18524 151.493
38.76 160.019 -8.52113 151.498
38.78 160.148 -8.65554 151.493
38.8 157.812 -6.32417 151.487
38.82 148.136 3.34635 151.482
38.84 145.499 6.01042 151.509
38.86 155.211 -3.70741 151.504
38.88 159.556 -8.0518 151.504
38.9 159.657 -8.14809 151.509
38.92 159.126 -7.61715 151.509
38.94 158.68 -7.1816 151.498
38.96 158.52 -7.01655 151.504
38.98 158.735 -7.24727 151.487
39 159.216 -7.72349 151.493
39.02 158.421 -6.93955 151.482
39.04 146.47 5.01186 151.482
39.06 142.798 8.68938 151.487
39.08 158.782 -7.29433 151.487
39.1 156.511 -5.04027 151.471
39.12 128.159 23.3124 151.471
39.14 142.679 8.7976 151.476
39.16 157.645 -6.17452 151.471
39.18 157.422 -5.95698 151.465
39.2 157.286 -5.82075 151.465
39.22 160.861 -9.3841 151.476
39.24 161.674 -10.1863 151.487
39.26 159.029 -7.54726 151.482
39.28 160.444 -8.96768 151.476
39.3 157.45 -5.96223 151.487
39.32 147.257 4.24182 151.498
39.34 155.697 -4.19293 151.504
39.36 160.618 -9.11422 151.504
39.38 159.399 -7.88982 151.509
39.4 160.175 -8.6709 151.504
39.42 146.561 4.93161 151.493
39.44 140.533 10.9601 151.493
39.46 162.116 -10.6291 151.487
39.48 157.867 -6.38484 151.482
39.5 148.515 2.96689 151.482
39.52 150.929 0.558619 151.487
39.54 160.128 -8.6352 151.493
39.56 155.383 -3.87889 151.504
39.58 158.738 -7.22826 151.509
39.6 156.946 -5.4477 151.498
39.62 154.421 -2.91696 151.504
39.64 156.854 -5.35001 151.504
39.66 159.506 -8.00255 151.504
39.68 160.679 -9.17507 151.504
39.7 160.93 -9.41491 151.515
39.72 157.863 -6.35886 151.504
39.74 153.534 -2.01956 151.515
39.76 157.334 -5.8084 151.526
39.78 152.009 -0.488963 151.52
39.8 154.038 -2.51738 151.52
39.82 156.767 -5.24629 151.52
39.84 150.132 1.38262 151.515
39.86 147.177 4.33771 151.515
39.88 156.459 -4.93871 151.52
39.9 157.733 -6.21319 151.52
39.92 159.84 -8.32494 151.515
39.94 160.445 -8.92437 151.52
39.96 159.477 -7.95177 151.526
39.98 149.624 1.89026 151.515
40 150.787 0.727445 151.515
40.02 159.156 -7.61344 151.542
40.04 159.601 -8.05918 151.542
40.06 159.347 -7.79936 151.548
40.08 159.244 -7.70229 151.542
40.1 159.272 -7.73511 151.537
40.12 159.319 -7.77695 151.542
40.14 159.273 -7.73103 151.542
40.16 159.172 -7.64674 151.526
40.18 156.952 -5.42625 151.526
40.2 140.524 11.0023 151.526
40.22 157.543 -6.01691 151.526
40.24 161.822 -10.2965 151.526
40.26 161.623 -10.1082 151.515
40.28 152.61 -1.09511 151.515
40.3 136.834 14.6809 151.515
40.32 142.734 8.76933 151.504
40.34 141.679 9.8353 151.515
40.36 155.719 -4.2148 151.504
40.38 159.763 -8.25363 151.509
40.4 159.619 -8.1149 151.504
40.42 159.065 -7.56635 151.498
40.44 158.954 -7.45037 151.504
40.46 159.471 -7.97233 151.498
40.48 160.236 -8.72707 151.509
40.5 157.502 -5.99319 151.509
40.52 146.902 4.61298 151.515
40.54 149.125 2.4062 151.531
40.56 151.109 0.422076 151.531
40.58 159.702 -8.18197 151.52
40.6 160.395 -8.86397 151.531
40.62 156.565 -5.04491 151.52
40.64 158.052 -6.52048 151.531
40.66 159.725 -8.19379 151.531
40.68 158.743 -7.21759 151.526
40.7 143.439 8.08666 151.526
40.72 153.749 -2.22923 151.52
40.74 154.567 -3.04666 151.52
40.76 150.863 0.662325 151.526
40.78 158.074 -6.5484 151.526
40.8 159.421 -7.8949 151.526
40.82 158.906 -7.38076 151.526
40.84 158.139 -6.62432 151.515
40.86 157.333 -5.81238 151.52
40.88 148.669 2.84617 151.515
40.9 139.13 12.4063 151.537
40.92 146.136 5.41718 151.553
40.94 151.641 -0.093656 151.548
40.96 155.287 -3.75544 151.531
40.98 158.263 -6.74323 151.52
41 159.306 -7.79093 151.515
41.02 159.697 -8.19825 151.498
41.04 159.926 -8.42249 151.504
41.06 159.259 -7.73882 151.52
41.08 156.626 -5.11101 151.515
41.1 157.179 -5.66432 151.515
41.12 159.921 -8.39516 151.526
41.14 157.477 -5.96788 151.509
41.16 149.105 2.39894 151.504
41.18 148.892 2.61223 151.504
41.2 157.498 -5.98904 151.509
41.22 160.594 -9.07934 151.515
41.24 160.981 -9.4661 151.515
41.26 160.812 -9.2866 151.526
41.28 160.69 -9.18113 151.509
41.3 160.589 -9.07451 151.515
41.32 159.74 -8.22511 151.515
41.34 156.322 -4.81277 151.509
41.36 154.745 -3.22486 151.52
41.38 158.553 -7.03233 151.52
41.4 160.055 -8.55653 151.498
41.42 160.237 -8.74383 151.493
41.44 160.379 -8.88068 151.498
41.46 160.584 -9.08614 151.498
41.48 160.552 -9.04841 151.504
41.5 160.654 -9.14447 151.509
41.52 158.104 -6.58393 151.52
41.54 141.366 10.1491 151.515
41.56 153.034 -1.50821 151.526
41.58 148.823 2.70299 151.526
41.6 151.99 -0.469633 151.52
41.62 151.422 0.0979751 151.52
41.64 154.847 -3.32092 151.526
41.66 153.785 -2.26482 151.52
41.68 156.245 -4.71932 151.526
41.7 150.754 0.771556 151.526
41.72 157.977 -6.44601 151.531
41.74 161.22 -9.67792 151.542
41.76 160.115 -8.57336 151.542
41.78 156.666 -5.12424 151.542
41.8 154.238 -2.69039 151.548
41.82 156.808 -5.26628 151.542
41.84 159.01 -7.46764 151.542
41.86 158.994 -7.44649 151.548
41.88 157.953 -6.40572 151.548
41.9 157.235 -5.68232 151.553
41.92 157.367 -5.81411 151.553
41.94 157.689 -6.13581 151.553
41.96 157.857 -6.29825 151.559
41.98 157.805 -6.25158 151.553
42 156.725 -5.18292 151.542
42.02 152.936 -1.39431 151.542
42.04 152.356 -0.813588 151.542
42.06 156.361 -4.82393 151.537
42.08 157.681 -6.14936 151.531
42.1 157.746 -6.21481 151.531
42.12 157.702 -6.165 151.537
42.14 157.829 -6.2814 151.548
42.16 158.132 -6.58411 151.548
42.18 158.126 -6.58339 151.542
42.2 155.115 -3.57829 151.537
42.22 150.385 1.1357 151.52
42.24 156.668 -5.15905 151.509
42.26 159.141 -7.63203 151.509
42.28 158.958 -7.45946 151.498
42.3 158.671 -7.16215 151.509
42.32 158.139 -6.63501 151.504
42.34 155.064 -3.56035 151.504
42.36 154.212 -2.71334 151.498
42.38 159.543 -8.03896 151.504
42.4 161.33 -9.815 151.515
42.42 156.143 -4.6226 151.52
42.44 150.699 0.815894 151.515
42.46 151.671 -0.173058 151.498
42.48 144.618 6.87456 151.493
42.5 156.391 -4.89798 151.493
42.52 163.603 -12.1051 151.498
42.54 162.825 -11.3269 151.498
42.56 156.852 -5.36483 151.487
42.58 151.41 0.0610015 151.471
42.6 159.156 -7.67387 151.482
42.62 161.662 -10.1743 151.487
42.64 154.599 -3.11191 151.487
42.66 143.342 8.1452 151.487
42.68 156.518 -5.01945 151.498
42.7 161.474 -9.97547 151.498
42.72 159.644 -8.14566 151.498
42.74 160.159 -8.66029 151.498
42.76 162.408 -10.8933 151.515
42.78 162.214 -10.7104 151.504
42.8 160.136 -8.64867 151.487
42.82 156.681 -5.183 151.498
42.84 147.988 3.50992 151.498
42.86 156.287 -4.77231 151.515
42.88 161.887 -10.3778 151.509
42.9 162.57 -11.0556 151.515
42.92 162.386 -10.8659 151.52
42.94 162.104 -10.5836 151.52
42.96 161.733 -10.2126 151.52
42.98 161.38 -9.85955 151.52
43 161.195 -9.65835 151.537
43.02 160.796 -9.26489 151.531
43.04 154.811 -3.28016 151.531
43.06 146.819 4.70709 151.526
43.08 159.481 -7.95545 151.526
43.1 161.302 -9.77091 151.531
43.12 161.237 -9.71119 151.526
43.14 161.04 -9.50841 151.531
43.16 160.73 -9.20455 151.526
43.18 160.4 -8.87417 151.526
43.2 160.262 -8.75242 151.509
43.22 159.98 -8.46482 151.515
43.24 158.802 -7.28219 151.52
43.26 157.227 -5.69541 151.531
43.28 155.799 -4.26269 151.537
43.3 154.982 -3.44525 151.537
43.32 150.783 0.742456 151.526
43.34 157.055 -5.52351 151.531
43.36 161.836 -10.3106 151.526
43.38 161.868 -10.3422 151.526
43.4 160.638 -9.11812 151.52
43.42 156.664 -5.14415 151.52
43.44 155.293 -3.78381 151.509
43.46 158.621 -7.11218 151.509
43.48 156.668 -5.15884 151.509
43.5 156.901 -5.38608 151.515
43.52 151.904 -0.405788 151.498
43.54 130.155 21.349 151.504
43.56 148.93 2.57341 151.504
43.58 153.349 -1.85033 151.498
43.6 144.9 6.60373 151.504
43.62 155.092 -3.59873 151.493
43.64 160.785 -9.29786 151.487
43.66 162.785 -11.2922 151.493
43.68 161.793 -10.3162 151.476
43.7 156.591 -5.11454 151.476
43.72 151.94 -0.469239 151.471
43.74 151.91 -0.43397 151.476
43.76 156.417 -4.93536 151.482
43.78 140.918 10.5532 151.471
43.8 150.43 1.05771 151.487
43.82 159.903 -8.42125 151.482
43.84 159.778 -8.29611 151.482
43.86 159.676 -8.17721 151.498
43.88 159.743 -8.25024 151.493
43.9 160.112 -8.61952 151.493
43.92 161.039 -9.53478 151.504
43.94 159.372 -7.86779 151.504
43.96 146.583 4.921 151.504
43.98 146.252 5.26807 151.52
44 154.406 -2.8807 151.526
44.02 160.826 -9.29993 151.526
44.04 161.631 -10.0996 151.531
44.06 159.775 -8.25442 151.52
44.08 155.242 -3.71661 151.526
44.1 151.44 0.09134 151.531
44.12 156.727 -5.19579 151.531
44.14 157.859 -6.33351 151.526
44.16 157.447 -5.92163 151.526
44.18 157.747 -6.21582 151.531
44.2 154.691 -3.15451 151.537
44.22 150.781 0.756061 151.537
44.24 152.652 -1.11507 151.537
44.26 141.215 10.3271 151.542
44.28 142.498 9.02749 151.526
44.3 146.597 4.93408 151.531
44.32 154.615 -3.08888 151.526
44.34 158.841 -7.30448 151.537
44.36 158.904 -7.36728 151.537
44.38 152.443 -0.905948 151.537
44.4 149.85 1.67616 151.526
44.42 157.288 -5.76265 151.526
44.44 157.816 -6.29598 151.52
44.46 155.623 -4.09746 151.526
44.48 153.658 -2.13206 151.526
44.5 155.305 -3.77334 151.531
44.52 154.366 -2.84055 151.526
44.54 150.634 0.885822 151.52
44.56 154.773 -3.24187 151.531
44.58 157.665 -6.12819 151.537
44.6 158.183 -6.64063 151.542
44.62 154.562 -3.02529 151.537
44.64 145.227 6.29847 151.526
44.66 154.104 -2.58377 151.52
44.68 153.262 -1.75804 151.504
44.7 155.331 -3.82148 151.509
44.72 152.224 -0.725362 151.498
44.74 140.46 11.0434 151.504
44.76 152.433 -0.934524 151.498
44.78 159.633 -8.13488 151.498
44.8 159.875 -8.38793 151.487
44.82 153.64 -2.1522 151.487
44.84 151.59 -0.10846 151.482
44.86 156.138 -4.66198 151.476
44.88 144.179 7.30282 151.482
44.9 157.394 -5.90651 151.487
44.92 161.903 -10.4156 151.487
44.94 154.409 -2.91585 151.493
44.96 138.874 12.6135 151.487
44.98 145.647 5.84541 151.493
45 158.7 -7.20209 151.498
45.02 161.305 -9.80623 151.498
45.04 160.99 -9.47531 151.515
45.06 160.418 -8.90372 151.515
45.08 160.045 -8.53007 151.515
45.1 158.959 -7.44396 151.515
45.12 153.956 -2.44632 151.509
45.14 151.42 0.100618 151.52
45.16 151.331 0.172686 151.504
45.18 153.741 -2.23763 151.504
45.2 151.208 0.290015 151.498
45.22 149.144 2.36012 151.504
45.24 157.994 -6.49555 151.498
45.26 159.18 -7.68155 151.498
45.28 159.113 -7.59842 151.515
45.3 159.044 -7.52961 151.515
45.32 159.092 -7.57721 151.515
45.34 159.26 -7.74525 151.515
45.36 159.508 -7.9931 151.515
45.38 159.736 -8.22652 151.509
45.4 159.781 -8.28314 151.498
45.42 159.292 -7.78231 151.509
45.44 155.376 -3.86653 151.509
45.46 145.421 6.08849 151.509
45.48 156.673 -5.16916 151.504
45.5 160.308 -8.78264 151.526
45.52 157.841 -6.31533 151.526
45.54 147.884 3.63086 151.515
45.56 137.709 13.8221 151.531
45.58 158.685 -7.16493 151.52
45.6 160.833 -9.31246 151.52
45.62 160.483 -8.95748 151.526
45.64 159.566 -8.04069 151.526
45.66 155.354 -3.82877 151.526
45.68 149.793 1.73785 151.531
45.7 153.402 -1.86534 151.537
45.72 157.383 -5.84654 151.537
45.74 156.257 -4.73182 151.526
45.76 152.926 -1.39464 151.531
45.78 155.026 -3.511 151.515
45.8 158.851 -7.35261 151.498
45.82 159.291 -7.79233 151.498
45.84 157.827 -6.32867 151.498
45.86 154.733 -3.22908 151.504
45.88 154.152 -2.64248 151.509
45.9 156.444 -4.93524 151.509
45.92 156.986 -5.47655 151.509
45.94 156.601 -5.0914 151.509
45.96 156.918 -5.40345 151.515
45.98 157.903 -6.38309 151.52
46 158.686 -7.1658 151.52
46.02 158.36 -6.8342 151.526
46.04 154.577 -3.04613 151.531
46.06 149.891 1.65146 151.542
46.08 154.669 -3.14368 151.526
46.1 158.575 -7.0549 151.52
46.12 159.545 -8.02443 151.52
46.14 159.656 -8.14634 151.509
46.16 159.569 -8.06534 151.504
46.18 158.858 -7.35975 151.498
46.2 156.74 -5.24169 151.498
46.22 155.283 -3.78497 151.498
46.24 154.29 -2.78103 151.509
46.26 153.225 -1.71532 151.509
46.28 153.147 -1.64292 151.504
46.3 148.443 3.07211 151.515
46.32 159.173 -7.66415 151.509
46.34 144.484 7.01422 151.498
46.36 153.299 -1.80097 151.498
46.38 159.236 -7.74325 151.493
46.4 156.154 -4.66673 151.487
46.42 155.729 -4.23587 151.493
46.44 143.511 7.96515 151.476
46.46 139.472 11.9987 151.471
46.48 155.896 -4.41413 151.482
46.5 156.399 -4.91682 151.482
46.52 160.038 -8.53988 151.498
46.54 161.567 -10.0635 151.504
46.56 161.993 -10.4896 151.504
46.58 159.5 -7.98026 151.52
46.6 140.581 10.9391 151.52
46.62 151.286 0.223294 151.509
46.64 153.493 -1.98883 151.504
46.66 160.116 -8.61192 151.504
46.68 162.71 -11.1957 151.515
46.7 159.456 -7.94098 151.515
46.72 149.517 1.99277 151.509
46.74 155.718 -4.20336 151.515
46.76 159.081 -7.56121 151.52
46.78 154.834 -3.32519 151.509
46.8 151.475 0.0448047 151.52
46.82 150.309 1.21656 151.526
46.84 154.633 -3.1125 151.52
46.86 158.805 -7.30118 151.504
46.88 159.942 -8.44406 151.498
46.9 159.923 -8.41416 151.509
46.92 159.234 -7.7249 151.509
46.94 158.663 -7.14815 151.515
46.96 158.995 -7.48038 151.515
46.98 159.152 -7.64814 151.504
47 158.675 -7.17151 151.504
47.02 158.742 -7.2217 151.52
47.04 159.471 -7.93458 151.537
47.06 159.175 -7.63814 151.537
47.08 156.741 -5.2155 151.526
47.1 153.492 -1.9826 151.509
47.12 156.116 -4.62282 151.493
47.14 159.018 -7.5302 151.487
47.16 159.186 -7.71 151.476
47.18 159.246 -7.76449 151.482
47.2 159.471 -7.98336 151.487
47.22 159.272 -7.77962 151.493
47.24 158.756 -7.26868 151.487
47.26 158.903 -7.41048 151.493
47.28 159.268 -7.77488 151.493
47.3 144.746 6.73594 151.482
47.32 149.978 1.50899 151.487
47.34 159.588 -8.11147 151.476
47.36 159.66 -8.18897 151.471
47.38 159.514 -8.03216 151.482
47.4 159.078 -7.59033 151.487
47.42 158.432 -6.96135 151.471
47.44 158.125 -6.64884 151.476
47.46 158.484 -7.01844 151.465
47.48 159.018 -7.54749 151.471
47.5 158.732 -7.24424 151.487
47.52 155.733 -4.25079 151.482
47.54 151.981 -0.477296 151.504
47.56 151.439 0.0757131 151.515
47.58 151.96 -0.440166 151.52
47.6 156.93 -5.39856 151.531
47.62 161.063 -9.52684 151.537
47.64 159.607 -8.07044 151.537
47.66 155.567 -4.0413 151.526
47.68 154.03 -2.51003 151.52
47.7 155.856 -4.3307 151.526
47.72 157.948 -6.42736 151.52
47.74 157.512 -5.99713 151.515
47.76 158.252 -6.7371 151.515
47.78 159.057 -7.54263 151.515
47.8 159.129 -7.62516 151.504
47.82 158.87 -7.35572 151.515
47.84 155.073 -3.57512 151.498
47.86 135.9 15.6035 151.504
47.88 152.323 -0.813824 151.509
47.9 141.257 10.252 151.509
47.92 154.195 -2.69146 151.504
47.94 150.687 0.822543 151.509
47.96 154.822 -3.3125 151.509
47.98 160.209 -8.71109 151.498
48 161.215 -9.71631 151.498
48.02 158.664 -7.16023 151.504
48.04 134.664 16.8404 151.504
48.06 149.415 2.09452 151.509
48.08 150.966 0.543408 151.509
48.1 154.497 -2.98756 151.509
48.12 149.986 1.52306 151.509
48.14 158.524 -7.00965 151.515
48.16 161.257 -9.7371 151.52
48.18 157.9 -6.37416 151.526
48.2 152.749 -1.22372 151.526
48.22 155.706 -4.18582 151.52
48.24 157.691 -6.16534 151.526
48.26 158.879 -7.35289 151.526
48.28 156.996 -5.47069 151.526
48.3 154.742 -3.2163 151.526
48.32 156.444 -4.90722 151.537
48.34 155.71 -4.17353 151.537
48.36 153.19 -1.65914 151.531
48.38 152.107 -0.558982 151.548
48.4 159.575 -8.03884 151.537
48.42 161.377 -9.82898 151.548
48.44 160.898 -9.35012 151.548
48.46 156.173 -4.62589 151.548
48.48 151.095 0.452465 151.548
48.5 158.825 -7.28263 151.542
48.52 160.97 -9.42283 151.548
48.54 161.682 -10.1342 151.548
48.56 162.195 -10.6533 151.542
48.58 159.472 -7.93559 151.537
48.6 152.563 -1.0318 151.531
48.62 157.124 -5.5983 151.526
48.64 155.963 -4.44246 151.52
48.66 155.087 -3.60007 151.487
48.68 156.619 -5.12581 151.493
48.7 158.114 -6.61546 151.498
48.72 157.567 -6.06303 151.504
48.74 158.498 -6.99985 151.498
48.76 159.853 -8.36041 151.493
48.78 159.957 -8.4592 151.498
48.8 159.516 -8.01819 151.498
48.82 153.531 -2.02148 151.509
48.84 140.735 10.7856 151.52
48.86 157.215 -5.7008 151.515
48.88 158.59 -7.08069 151.509
48.9 158.564 -7.05466 151.509
48.92 158.863 -7.34324 151.52
48.94 158.41 -6.87877 151.531
48.96 152.838 -1.31246 151.526
48.98 150.269 1.24012 151.509
49 151.146 0.368469 151.515
49.02 152.651 -1.12572 151.526
49.04 156.697 -5.17125 151.526
49.06 158.995 -7.4638 151.531
49.08 159.46 -7.92377 151.537
49.1 159.34 -7.80879 151.531
49.12 159.189 -7.6637 151.526
49.14 159.145 -7.61962 151.526
49.16 159.161 -7.64106 151.52
49.18 158.988 -7.45703 151.531
49.2 158.179 -6.65286 151.526
49.22 157.172 -5.64618 151.526
49.24 157.707 -6.18114 151.526
49.26 157.252 -5.72638 151.526
49.28 151.468 0.0572272 151.526
49.3 153.749 -2.23392 151.515
49.32 159.234 -7.71922 151.515
49.34 160.262 -8.7532 151.509
49.36 160.076 -8.56668 151.509
49.38 159.792 -8.28285 151.509
49.4 159.72 -8.21106 151.509
49.42 159.951 -8.44694 151.504
49.44 160.403 -8.90453 151.498
49.46 160.519 -9.02618 151.493
49.48 158.094 -6.6118 151.482
49.5 154.255 -2.76185 151.493
49.52 155.515 -4.02782 151.487
49.54 144.223 7.26943 151.493
49.56 148.845 2.64812 151.493
49.58 153.504 -2.00619 151.498
49.6 157.489 -5.97984 151.509
49.62 160.278 -8.76294 151.515
49.64 160.92 -9.39957 151.52
49.66 160.996 -9.4757 151.52
49.68 160.992 -9.48833 151.504
49.7 161.014 -9.50512 151.509
49.72 160.963 -9.46448 151.498
49.74 160.083 -8.57883 151.504
49.76 156.35 -4.84655 151.504
49.78 152.682 -1.18949 151.493
49.8 153.585 -2.09758 151.487
49.82 156.851 -5.36412 151.487
49.84 157.918 -6.43047 151.487
49.86 158.498 -6.98913 151.509
49.88 158.139 -6.62963 151.509
49.9 157.304 -5.78971 151.515
49.92 158.228 -6.72465 151.504
49.94 157.146 -5.64181 151.504
49.96 151.329 0.174484 151.504
49.98 149.623 1.88026 151.504
