0.97994407 8.8291562 -3.9823746 0.37508981
3.7952693 6.9930793 2.3996781 -3.2002414
7.6523579 6.9355359 -3.9209325 -0.7913836
9.872762 8.8941297 -3.532855 -1.8758826
6.7982225 0.86994077 2.8881468 -2.767419
1.3644314 0.25977022 2.4630346 -3.1517393
5.9048871 7.7852182 1.9907303 -3.4694369
9.5515048 5.8388738 0.20351804 3.9948192
9.4718539 3.5060412 3.4884241 -1.9572678
4.9212407 5.5444009 0.7430187 3.9303846
2.8436536 6.2382175 -2.9267771 2.7265319
2.3252318 1.0738465 1.845579 -3.5487798
1.2760255 2.6132885 3.3196366 2.2315942
1.1752997 6.7113906 -3.1934688 -2.4086837
4.4529207 8.0429899 2.5489449 -3.0826741
7.4374269 8.4042305 -2.3005618 -3.2722187
3.3225294 4.7759778 -2.7838455 -2.8723169
7.7133853 1.955861 3.0360482 -2.6043063
1.8176122 7.4889019 -3.9431417 -0.67203699
7.785239 0.45770092 2.9170312 -2.7369561
