1.5
1, 0.00221959, 0.00015364, -6.11043, 0.0692199
2, 7.42798e-05, 5.52106e-05, -9.50767, 0.743279
3, 0.00015072, 3.40109e-05, -8.80009, 0.225656
4, 0.000196033, 3.01115e-05, -8.53723, 0.153605
5, 0.000186658, 3.07244e-05, -8.58623, 0.164603
6, 0.000153845, 3.37839e-05, -8.77956, 0.219597
7, 0.00017572, 3.13135e-05, -8.64662, 0.178201
8, 0.000189783, 4.25715e-05, -8.56963, 0.224317

1.72222
1, 0.00877416, 0.000339224, -4.73594, 0.0386616
2, 0.00113354, 0.000150786, -6.78241, 0.133023
3, 0.000172711, 9.70853e-05, -8.66389, 0.562125
4, 0.000453961, 8.6368e-05, -7.6975, 0.190254
5, 0.000619586, 7.95764e-05, -7.38646, 0.128435
6, 0.000544586, 8.24146e-05, -7.51548, 0.151334
7, 0.000493024, 8.73596e-05, -7.61495, 0.177191
8, 0.000491461, 0.000121611, -7.61813, 0.247447

1.94444
1, 0.0295915, 0.000854855, -3.52027, 0.0288886
2, 0.00719927, 0.000491947, -4.93378, 0.068333
3, 0.00120239, 0.000300531, -6.72344, 0.249944
4, 0.00088042, 0.000214841, -7.03511, 0.244021
5, 0.00163042, 0.000200843, -6.41892, 0.123185
6, 0.00187417, 0.000213221, -6.27959, 0.113768
7, 0.00206479, 0.000235743, -6.18272, 0.114173
8, 0.00207417, 0.000293205, -6.17819, 0.14136

2.16667
1, 0.100094, 0.00205737, -2.30165, 0.0205544
2, 0.0383705, 0.00132258, -3.26047, 0.0344687
3, 0.0135142, 0.000857791, -4.30401, 0.0634732
4, 0.00164235, 0.000623758, -6.41163, 0.379797
5, 0.00469828, 0.000627178, -5.36056, 0.133491
6, 0.00862797, 0.000740091, -4.75275, 0.0857781
7, 0.0111623, 0.000889753, -4.49521, 0.0797103
8, 0.012042, 0.00101466, -4.41935, 0.0842602

2.38889
1, 0.275876, 0.00326544, -1.28781, 0.0118366
2, 0.135141, 0.00234041, -2.00143, 0.0173182
3, 0.0635522, 0.00174911, -2.75589, 0.0275224
4, 0.0221412, 0.00149125, -3.81031, 0.0673517
5, 0.00404313, 0.00154227, -5.51074, 0.381454
6, 0.0201759, 0.00176303, -3.90326, 0.0873829
7, 0.0305619, 0.0020395, -3.488, 0.0667334
8, 0.0337634, 0.00223668, -3.38838, 0.0662456

2.61111
1, 0.383347, 0.00216649, -0.958816, 0.00565151
2, 0.187486, 0.00192362, -1.67405, 0.0102601
3, 0.0872529, 0.00177773, -2.43894, 0.0203744
4, 0.0287107, 0.00173039, -3.55048, 0.0602696
5, 0.00760489, 0.00183392, -4.87896, 0.24115
6, 0.0293033, 0.00206857, -3.53005, 0.0705917
7, 0.0412346, 0.00239263, -3.18848, 0.0580249
8, 0.0451565, 0.00266526, -3.09762, 0.0590229

2.83333
1, 0.386094, 0.00159884, -0.951675, 0.00414107
2, 0.172748, 0.0016797, -1.75592, 0.00972339
3, 0.0741609, 0.00170846, -2.60152, 0.0230372
4, 0.0213531, 0.00174528, -3.84656, 0.0817339
5, 0.00929218, 0.00182914, -4.67858, 0.196848
6, 0.0267328, 0.00201697, -3.62186, 0.0754493
7, 0.036, 0.0023016, -3.32424, 0.0639332
8, 0.0388828, 0.00262382, -3.2472, 0.0674803

3.05556
1, 0.356118, 0.00143832, -1.03249, 0.00403889
2, 0.142645, 0.00158983, -1.9474, 0.0111454
3, 0.052354, 0.00162561, -2.94973, 0.0310504
4, 0.00954772, 0.0016392, -4.65145, 0.171685
5, 0.0122476, 0.00167701, -4.40243, 0.136926
6, 0.0219898, 0.00180997, -3.81718, 0.0823096
7, 0.0264007, 0.00209312, -3.63436, 0.0792826
8, 0.0275429, 0.00243968, -3.59201, 0.0885774

3.27778
1, 0.329728, 0.00136108, -1.10949, 0.0041279
2, 0.118387, 0.00152924, -2.1338, 0.0129173
3, 0.0375214, 0.001551, -3.28284, 0.0413364
4, 0.00286671, 0.0015587, -5.85459, 0.543724
5, 0.0117458, 0.00160188, -4.44426, 0.136379
6, 0.0203099, 0.00169954, -3.89665, 0.0836806
7, 0.0256755, 0.00192536, -3.66222, 0.0749884
8, 0.0266427, 0.00227017, -3.62524, 0.085208

3.5
1, 0.304747, 0.00131001, -1.18827, 0.00429867
2, 0.0986287, 0.00145686, -2.31639, 0.0147712
3, 0.025235, 0.00147837, -3.67952, 0.0585842
4, 0.00227126, 0.00149208, -6.08742, 0.656938
5, 0.0140541, 0.00151112, -4.26484, 0.107522
6, 0.0187135, 0.00159077, -3.97851, 0.0850066
7, 0.0205181, 0.0018019, -3.88645, 0.0878201
8, 0.0209525, 0.00221979, -3.8655, 0.105944

