0.00 0 -16.0626 -16.0626
0.02 0.000672422 -16.0632 -16.0626
0.04 0.00183146 -16.0644 -16.0626
0.06 0.0019978 -16.0646 -16.0626
0.08 0.000959252 -16.0635 -16.0626
0.1 4.14981e-05 -16.0626 -16.0626
0.12 0.00041542 -16.063 -16.0626
0.14 0.00160339 -16.0642 -16.0626
0.16 0.00209006 -16.0647 -16.0626
0.18 0.0012544 -16.0638 -16.0626
0.2 0.000162129 -16.0627 -16.0626
0.22 0.000207929 -16.0628 -16.0626
0.24 0.00133377 -16.0639 -16.0626
0.26 0.00210194 -16.0647 -16.0626
0.28 0.0015322 -16.0641 -16.0626
0.3 0.000352052 -16.0629 -16.0626
0.32 6.7089e-05 -16.0626 -16.0626
0.34 0.00104086 -16.0636 -16.0626
0.36 0.00203106 -16.0646 -16.0626
0.38 0.00177404 -16.0643 -16.0626
0.4 0.000597718 -16.0632 -16.0626
0.42 7.1301e-06 -16.0626 -16.0626
0.44 0.000509456 -16.0631 -16.0626
0.46 0.00123812 -16.0638 -16.0626
0.48 0.00131387 -16.0639 -16.0626
0.5 0.000646257 -16.0632 -16.0626
0.52 4.19374e-05 -16.0626 -16.0626
0.54 0.000229815 -16.0628 -16.0626
0.56 0.000980987 -16.0635 -16.0626
0.58 0.00138825 -16.0639 -16.0626
0.6 0.000962375 -16.0635 -16.0626
0.62 0.000224192 -16.0628 -16.0626
0.64 0.000292421 -16.0629 -16.0626
0.66 0.00134024 -16.0639 -16.0626
0.68 0.00204246 -16.0646 -16.0626
0.7 0.00148471 -16.064 -16.0626
0.72 0.000355624 -16.0629 -16.0626
0.74 0.000119533 -16.0627 -16.0626
0.76 0.00109801 -16.0637 -16.0626
0.78 0.00201486 -16.0646 -16.0626
0.8 0.0016846 -16.0642 -16.0626
0.82 0.00055893 -16.0631 -16.0626
0.84 0.000345568 -16.0629 -16.0626
0.86 0.00102663 -16.0636 -16.0626
0.88 0.00170248 -16.0643 -16.0626
0.9 0.00153456 -16.0641 -16.0626
0.92 0.000750296 -16.0633 -16.0626
0.94 0.000360361 -16.0629 -16.0626
0.96 0.000861308 -16.0634 -16.0626
0.98 0.00161302 -16.0642 -16.0626
1 0.00165282 -16.0642 -16.0626
1.02 0.000951565 -16.0635 -16.0626
1.04 0.000763462 -16.0633 -16.0626
1.06 0.00105071 -16.0636 -16.0626
1.08 0.00159021 -16.0642 -16.0626
1.1 0.00142896 -16.064 -16.0626
1.12 0.000764864 -16.0633 -16.0626
1.14 0.000484542 -16.063 -16.0626
1.16 0.000962904 -16.0635 -16.0626
1.18 0.00155448 -16.0641 -16.0626
1.2 0.00148027 -16.064 -16.0626
1.22 0.000917158 -16.0635 -16.0626
1.24 0.000663172 -16.0632 -16.0626
1.26 0.00118565 -16.0637 -16.0626
1.28 0.00184858 -16.0644 -16.0626
1.3 0.0014913 -16.0641 -16.0626
1.32 0.000580394 -16.0631 -16.0626
1.34 0.00027551 -16.0628 -16.0626
1.36 0.000966081 -16.0635 -16.0626
1.38 0.00177426 -16.0643 -16.0626
1.4 0.00165716 -16.0642 -16.0626
1.42 0.000756603 -16.0633 -16.0626
1.44 0.000238899 -16.0628 -16.0626
1.46 0.000802063 -16.0634 -16.0626
1.48 0.00134544 -16.0639 -16.0626
1.5 0.00110028 -16.0637 -16.0626
1.52 0.000375623 -16.0629 -16.0626
1.54 4.80871e-05 -16.0626 -16.0626
1.56 0.000499133 -16.0631 -16.0626
1.58 0.00117991 -16.0637 -16.0626
1.6 0.00128065 -16.0638 -16.0626
1.62 0.00073455 -16.0633 -16.0626
1.64 0.000658761 -16.0632 -16.0626
1.66 0.00160838 -16.0642 -16.0626
1.68 0.0018537 -16.0644 -16.0626
1.7 0.00106217 -16.0636 -16.0626
1.72 0.000251328 -16.0628 -16.0626
1.74 0.00047106 -16.063 -16.0626
1.76 0.0014396 -16.064 -16.0626
1.78 0.00191606 -16.0645 -16.0626
1.8 0.00129508 -16.0639 -16.0626
1.82 0.00102797 -16.0636 -16.0626
1.84 0.00125983 -16.0638 -16.0626
1.86 0.000950584 -16.0635 -16.0626
1.88 0.00033897 -16.0629 -16.0626
1.9 0.000193524 -16.0628 -16.0626
1.92 0.000676351 -16.0632 -16.0626
1.94 0.0011737 -16.0637 -16.0626
1.96 0.00132455 -16.0639 -16.0626
1.98 0.00119257 -16.0638 -16.0626
2 0.00177644 -16.0643 -16.0626
2.02 0.00186804 -16.0644 -16.0626
2.04 0.000966958 -16.0635 -16.0626
2.06 0.000195645 -16.0628 -16.0626
2.08 0.000490285 -16.063 -16.0626
2.1 0.00146868 -16.064 -16.0626
2.12 0.00191987 -16.0645 -16.0626
2.14 0.00130245 -16.0639 -16.0626
2.16 0.00134855 -16.0639 -16.0626
2.18 0.00115386 -16.0637 -16.0626
2.2 0.000524024 -16.0631 -16.0626
2.22 0.000201425 -16.0628 -16.0626
2.24 0.000475265 -16.063 -16.0626
2.26 0.00101419 -16.0636 -16.0626
2.28 0.00117755 -16.0637 -16.0626
2.3 0.00151244 -16.0641 -16.0626
2.32 0.00167764 -16.0642 -16.0626
2.34 0.00109701 -16.0637 -16.0626
2.36 0.000448543 -16.063 -16.0626
2.38 0.000520802 -16.0631 -16.0626
2.4 0.00124513 -16.0638 -16.0626
2.42 0.00175702 -16.0643 -16.0626
2.44 0.00143579 -16.064 -16.0626
2.46 0.000662319 -16.0632 -16.0626
2.48 0.00115143 -16.0637 -16.0626
2.5 0.00124585 -16.0638 -16.0626
2.52 0.00125132 -16.0638 -16.0626
2.54 0.000804476 -16.0634 -16.0626
2.56 0.00102274 -16.0636 -16.0626
2.58 0.00176495 -16.0643 -16.0626
2.6 0.00180601 -16.0644 -16.0626
2.62 0.00127485 -16.0638 -16.0626
2.64 0.00113949 -16.0637 -16.0626
2.66 0.00247407 -16.065 -16.0626
2.68 0.00544341 -16.068 -16.0626
2.7 0.00844017 -16.071 -16.0626
2.72 0.0124558 -16.075 -16.0626
2.74 0.0182885 -16.0808 -16.0626
2.76 0.027607 -16.0902 -16.0626
2.78 0.0435238 -16.1061 -16.0626
2.8 0.0687854 -16.1313 -16.0626
2.82 0.106952 -16.1695 -16.0626
2.84 0.164155 -16.2267 -16.0625
2.86 0.2517 -16.3142 -16.0625
2.88 0.384344 -16.4469 -16.0625
2.9 0.588321 -16.6509 -16.0625
2.92 0.90138 -16.9639 -16.0625
2.94 1.37667 -17.4392 -16.0625
2.96 2.09109 -18.1536 -16.0625
2.98 3.15488 -19.2174 -16.0625
3 4.71543 -20.778 -16.0625
3.02 6.93948 -23.002 -16.0625
3.04 9.9557 -26.0183 -16.0625
3.06 13.6655 -29.728 -16.0625
3.08 17.2348 -33.2973 -16.0626
3.1 17.9763 -34.0389 -16.0626
3.12 11.138 -27.2005 -16.0626
3.14 0.747463 -16.81 -16.0625
3.16 5.46393 -21.5265 -16.0625
3.18 15.7745 -31.8371 -16.0626
3.2 18.1259 -34.1884 -16.0625
3.22 15.4684 -31.5309 -16.0625
3.24 11.6137 -27.6762 -16.0625
3.26 8.22367 -24.2862 -16.0625
3.28 5.72555 -21.7881 -16.0625
3.3 3.86384 -19.9264 -16.0625
3.32 2.44497 -18.5075 -16.0625
3.34 1.59721 -17.6597 -16.0625
3.36 1.2027 -17.2652 -16.0625
3.38 0.830455 -16.893 -16.0625
3.4 0.417059 -16.4796 -16.0625
3.42 0.254331 -16.3169 -16.0625
3.44 0.283907 -16.3465 -16.0625
3.46 0.204552 -16.2671 -16.0625
3.48 0.0969566 -16.1595 -16.0625
3.5 0.187958 -16.2505 -16.0625
3.52 0.302741 -16.3653 -16.0625
3.54 0.247933 -16.3105 -16.0625
3.56 0.291466 -16.354 -16.0625
3.58 0.646771 -16.7093 -16.0625
3.6 1.04846 -17.111 -16.0625
3.62 1.3836 -17.4461 -16.0625
3.64 2.03875 -18.1013 -16.0625
3.66 3.24055 -19.3031 -16.0625
3.68 4.82902 -20.8916 -16.0625
3.7 6.92782 -22.9904 -16.0625
3.72 9.93178 -25.9943 -16.0625
3.74 13.7199 -29.7825 -16.0625
3.76 17.1719 -33.2344 -16.0626
3.78 17.5038 -33.5664 -16.0626
3.8 10.6489 -26.7115 -16.0626
3.82 1.73727 -17.7998 -16.0625
3.84 5.55834 -21.6209 -16.0625
3.86 14.225 -30.2876 -16.0626
3.88 17.0604 -33.123 -16.0626
3.9 15.3572 -31.4197 -16.0625
3.92 12.0846 -28.1471 -16.0625
3.94 8.87326 -24.9358 -16.0626
3.96 6.25522 -22.3178 -16.0626
3.98 4.37598 -20.4385 -16.0626
4 3.43028 -19.4929 -16.0626
4.02 3.53353 -19.5961 -16.0626
4.04 4.33731 -20.3999 -16.0626
4.06 5.11437 -21.177 -16.0626
4.08 6.02577 -22.0884 -16.0626
4.1 8.21986 -24.2825 -16.0626
4.12 11.7225 -27.7851 -16.0626
4.14 15.2019 -31.2645 -16.0626
4.16 17.0327 -33.0953 -16.0626
4.18 14.6675 -30.7302 -16.0626
4.2 7.80602 -23.8686 -16.0626
4.22 3.8209 -19.8835 -16.0626
4.24 8.55774 -24.6203 -16.0625
4.26 15.8004 -31.863 -16.0626
4.28 17.1927 -33.2553 -16.0626
4.3 14.6742 -30.7367 -16.0625
4.32 12.7271 -28.7896 -16.0626
4.34 12.1616 -28.2242 -16.0626
4.36 11.5958 -27.6584 -16.0626
4.38 12.1685 -28.2311 -16.0626
4.4 14.6675 -30.7301 -16.0626
4.42 16.6174 -32.68 -16.0626
4.44 16.0121 -32.0748 -16.0626
4.46 12.2036 -28.2661 -16.0626
4.48 6.0997 -22.1623 -16.0626
4.5 5.46297 -21.5255 -16.0626
4.52 12.1131 -28.1757 -16.0626
4.54 16.094 -32.1566 -16.0626
4.56 16.4398 -32.5023 -16.0626
4.58 15.3392 -31.4018 -16.0626
4.6 13.7351 -29.7977 -16.0626
4.62 12.4161 -28.4787 -16.0626
4.64 12.3399 -28.4024 -16.0625
4.66 14.1868 -30.2493 -16.0625
4.68 16.9765 -33.039 -16.0625
4.7 17.8981 -33.9607 -16.0626
4.72 13.7467 -29.8092 -16.0626
4.74 5.09328 -21.1558 -16.0625
4.76 3.88319 -19.9457 -16.0625
4.78 11.918 -27.9805 -16.0626
4.8 16.479 -32.5415 -16.0626
4.82 15.872 -31.9345 -16.0626
4.84 13.3369 -29.3994 -16.0626
4.86 10.5673 -26.6298 -16.0626
4.88 8.04321 -24.1058 -16.0626
4.9 6.1273 -22.1899 -16.0626
4.92 5.02674 -21.0893 -16.0626
4.94 4.82378 -20.8863 -16.0626
4.96 6.21906 -22.2816 -16.0625
4.98 8.56539 -24.6279 -16.0625
5 10.262 -26.3245 -16.0625
5.02 11.8449 -27.9074 -16.0625
5.04 13.4133 -29.4758 -16.0625
5.06 13.5804 -29.6428 -16.0625
5.08 12.1435 -28.206 -16.0625
5.1 10.1456 -26.2081 -16.0625
5.12 8.40122 -24.4637 -16.0625
5.14 8.81474 -24.8772 -16.0625
5.16 11.1328 -27.1952 -16.0625
5.18 11.9286 -27.991 -16.0625
5.2 11.6461 -27.7086 -16.0625
5.22 11.731 -27.7935 -16.0625
5.24 12.3178 -28.3803 -16.0625
5.26 14.0269 -30.0894 -16.0625
5.28 14.5687 -30.6312 -16.0625
5.3 12.2476 -28.31 -16.0625
5.32 12.2857 -28.3482 -16.0625
5.34 12.9623 -29.0248 -16.0625
5.36 11.884 -27.9464 -16.0625
5.38 11.254 -27.3165 -16.0625
5.4 11.1516 -27.2141 -16.0625
5.42 13.1218 -29.1843 -16.0625
5.44 12.1239 -28.1864 -16.0625
5.46 11.7971 -27.8596 -16.0625
5.48 12.6779 -28.7404 -16.0625
5.5 11.2182 -27.2807 -16.0625
5.52 10.1067 -26.1692 -16.0625
5.54 13.2171 -29.2796 -16.0625
5.56 12.7527 -28.8152 -16.0625
5.58 7.10488 -23.1673 -16.0624
5.6 6.99194 -23.0544 -16.0624
5.62 12.1764 -28.2388 -16.0624
5.64 10.9918 -27.0542 -16.0624
5.66 9.18183 -25.2442 -16.0624
5.68 10.8724 -26.9348 -16.0624
5.7 11.6261 -27.6885 -16.0624
5.72 10.5257 -26.5881 -16.0624
5.74 11.2253 -27.2877 -16.0624
5.76 12.2078 -28.2703 -16.0625
5.78 10.0396 -26.102 -16.0625
5.8 8.20839 -24.2708 -16.0625
5.82 6.86792 -22.9304 -16.0625
5.84 8.03497 -24.0975 -16.0625
5.86 10.7492 -26.8117 -16.0625
5.88 11.2648 -27.3272 -16.0624
5.9 10.6433 -26.7058 -16.0624
5.92 11.4061 -27.4685 -16.0624
5.94 14.5748 -30.6373 -16.0625
5.96 11.8905 -27.9529 -16.0625
5.98 11.0172 -27.0797 -16.0625
6 12.7438 -28.8063 -16.0625
6.02 10.8504 -26.9129 -16.0625
6.04 9.57058 -25.6331 -16.0625
6.06 11.0107 -27.0733 -16.0625
6.08 11.3129 -27.3755 -16.0625
6.1 9.76541 -25.828 -16.0626
6.12 6.60799 -22.6705 -16.0625
6.14 9.98596 -26.0485 -16.0625
6.16 12.0692 -28.1317 -16.0625
6.18 9.58643 -25.6489 -16.0625
6.2 11.0324 -27.0949 -16.0625
6.22 13.0449 -29.1073 -16.0624
6.24 12.6729 -28.7353 -16.0624
6.26 10.1162 -26.1786 -16.0624
6.28 9.33471 -25.3971 -16.0624
6.3 7.29021 -23.3526 -16.0624
6.32 5.99048 -22.0529 -16.0624
6.34 10.8322 -26.8947 -16.0624
6.36 11.82 -27.8824 -16.0624
6.38 11.559 -27.6213 -16.0624
6.4 14.7708 -30.8333 -16.0624
6.42 13.2025 -29.2648 -16.0624
6.44 8.09269 -24.155 -16.0623
6.46 11.207 -27.2694 -16.0624
6.48 15.7345 -31.7968 -16.0623
6.5 12.2526 -28.3149 -16.0623
6.52 8.71667 -24.779 -16.0623
6.54 12.3212 -28.3835 -16.0623
6.56 13.447 -29.5093 -16.0623
6.58 14.2289 -30.2913 -16.0623
6.6 16.5921 -32.6544 -16.0623
6.62 14.3807 -30.443 -16.0623
6.64 12.5685 -28.6308 -16.0623
6.66 14.6244 -30.6867 -16.0623
6.68 15.2369 -31.2991 -16.0623
6.7 12.0334 -28.0957 -16.0623
6.72 8.93896 -25.0013 -16.0623
6.74 7.33008 -23.3924 -16.0623
6.76 8.96687 -25.0292 -16.0623
6.78 13.862 -29.9243 -16.0623
6.8 13.3124 -29.3747 -16.0623
6.82 8.04982 -24.1121 -16.0622
6.84 6.92563 -22.9879 -16.0623
6.86 7.61041 -23.6726 -16.0622
6.88 10.7135 -26.7758 -16.0622
6.9 13.2256 -29.2879 -16.0622
6.92 13.2506 -29.3127 -16.0622
6.94 9.89622 -25.9584 -16.0622
6.96 7.01136 -23.0735 -16.0622
6.98 9.21317 -25.2753 -16.0621
7 11.3271 -27.3893 -16.0621
7.02 11.6577 -27.7198 -16.0622
7.04 10.2979 -26.3601 -16.0622
7.06 8.3307 -24.3929 -16.0622
7.08 9.63962 -25.7018 -16.0621
7.1 11.8435 -27.9057 -16.0621
7.12 14.1358 -30.1979 -16.0621
7.14 15.0723 -31.1345 -16.0622
7.16 11.7673 -27.8294 -16.0621
7.18 9.18231 -25.2444 -16.0621
7.2 11.9613 -28.0234 -16.0621
7.22 13.6087 -29.6707 -16.0621
7.24 13.3102 -29.3722 -16.0621
7.26 14.0011 -30.0632 -16.0621
7.28 13.3476 -29.4098 -16.0621
7.3 11.5136 -27.5757 -16.0622
7.32 11.6426 -27.7047 -16.0621
7.34 11.585 -27.6472 -16.0622
7.36 10.2931 -26.3553 -16.0622
7.38 7.91298 -23.9752 -16.0622
7.4 6.78147 -22.8436 -16.0622
7.42 10.7915 -26.8537 -16.0622
7.44 14.7973 -30.8595 -16.0622
7.46 13.0008 -29.0631 -16.0622
7.48 10.245 -26.3072 -16.0623
7.5 12.2839 -28.3463 -16.0624
7.52 11.9161 -27.9785 -16.0623
7.54 10.0783 -26.1406 -16.0624
7.56 10.7887 -26.851 -16.0624
7.58 11.3548 -27.4172 -16.0624
7.6 10.5713 -26.6336 -16.0623
7.62 11.6035 -27.6658 -16.0623
7.64 12.6359 -28.6982 -16.0623
7.66 10.9366 -26.9989 -16.0623
7.68 9.74832 -25.8107 -16.0623
7.7 10.7805 -26.8429 -16.0624
7.72 11.594 -27.6563 -16.0624
7.74 12.5071 -28.5694 -16.0623
7.76 11.5828 -27.6452 -16.0624
7.78 10.3285 -26.3908 -16.0623
7.8 14.2086 -30.2709 -16.0623
7.82 14.436 -30.4983 -16.0623
7.84 12.9153 -28.9775 -16.0622
7.86 13.8485 -29.9107 -16.0622
7.88 10.5275 -26.5897 -16.0623
7.9 8.72868 -24.7909 -16.0623
7.92 10.9849 -27.0472 -16.0623
7.94 10.4906 -26.5529 -16.0623
7.96 8.07023 -24.1325 -16.0623
7.98 7.30354 -23.3658 -16.0623
8 10.115 -26.1773 -16.0623
8.02 12.0473 -28.1096 -16.0623
8.04 12.8063 -28.8686 -16.0623
8.06 13.3353 -29.3976 -16.0623
8.08 12.5147 -28.5768 -16.0621
8.1 9.40175 -25.4639 -16.0621
8.12 9.28868 -25.3508 -16.0621
8.14 12.5022 -28.5643 -16.0621
8.16 12.8002 -28.8623 -16.0621
8.18 11.4717 -27.5338 -16.0621
8.2 13.2536 -29.3156 -16.0621
8.22 15.8197 -31.8818 -16.0621
8.24 15.8413 -31.9033 -16.0621
8.26 13.928 -29.99 -16.062
8.28 12.355 -28.417 -16.062
8.3 10.8116 -26.8736 -16.062
8.32 10.298 -26.36 -16.062
8.34 11.262 -27.324 -16.062
8.36 10.3856 -26.4476 -16.062
8.38 9.01363 -25.0756 -16.062
8.4 10.121 -26.183 -16.062
8.42 12.4538 -28.5158 -16.062
8.44 13.421 -29.4829 -16.062
8.46 11.6821 -27.7441 -16.062
8.48 8.32817 -24.3901 -16.0619
8.5 7.45693 -23.5189 -16.0619
8.52 7.96412 -24.0261 -16.062
8.54 9.18449 -25.2464 -16.0619
8.56 12.9901 -29.052 -16.0619
8.58 14.6332 -30.6952 -16.062
8.6 10.7799 -26.8418 -16.062
8.62 5.84188 -21.9038 -16.062
8.64 8.24304 -24.305 -16.062
8.66 12.694 -28.7559 -16.062
8.68 12.6885 -28.7504 -16.0619
8.7 12.2778 -28.3397 -16.0619
8.72 13.1962 -29.2581 -16.0619
8.74 12.9904 -29.0523 -16.0619
8.76 10.3093 -26.3712 -16.0619
8.78 8.02942 -24.0913 -16.0619
8.8 8.96967 -25.0316 -16.0619
8.82 10.5708 -26.6328 -16.0619
8.84 11.3599 -27.4218 -16.0619
8.86 13.5233 -29.5852 -16.0619
8.88 15.1516 -31.2135 -16.0619
8.9 13.7479 -29.8098 -16.0619
8.92 13.9639 -30.0257 -16.0619
8.94 14.9563 -31.0181 -16.0619
8.96 12.9204 -28.9823 -16.0619
8.98 12.6336 -28.6955 -16.0619
9 12.6834 -28.7452 -16.0618
9.02 11.9257 -27.9875 -16.0618
9.04 9.88576 -25.9476 -16.0618
9.06 8.49376 -24.5555 -16.0618
9.08 10.229 -26.2908 -16.0618
9.1 12.7015 -28.7633 -16.0618
9.12 13.1769 -29.2388 -16.0618
9.14 12.992 -29.0538 -16.0618
9.16 11.7098 -27.7716 -16.0618
9.18 8.61346 -24.6753 -16.0618
9.2 8.99323 -25.055 -16.0618
9.22 12.2566 -28.3184 -16.0618
9.24 11.6263 -27.688 -16.0618
9.26 9.44057 -25.5023 -16.0618
9.28 10.9128 -26.9745 -16.0618
9.3 12.3962 -28.4579 -16.0617
9.32 10.6408 -26.7026 -16.0617
9.34 9.87976 -25.9415 -16.0617
9.36 10.3221 -26.3838 -16.0617
9.38 9.97713 -26.0388 -16.0617
9.4 9.41445 -25.4761 -16.0617
9.42 10.836 -26.8977 -16.0617
9.44 12.3079 -28.3696 -16.0617
9.46 14.5247 -30.5864 -16.0617
9.48 15.6165 -31.6783 -16.0618
9.5 12.7923 -28.854 -16.0617
9.52 12.103 -28.1647 -16.0617
9.54 14.4924 -30.5541 -16.0617
9.56 12.9023 -28.964 -16.0617
9.58 10.2046 -26.2664 -16.0617
9.6 9.80174 -25.8635 -16.0617
9.62 8.41046 -24.4722 -16.0617
9.64 5.88091 -21.9426 -16.0617
9.66 7.69149 -23.7532 -16.0617
9.68 11.7718 -27.8336 -16.0617
9.7 12.1898 -28.2515 -16.0617
9.72 11.0951 -27.1568 -16.0617
9.74 12.5525 -28.6142 -16.0617
9.76 14.5697 -30.6314 -16.0617
9.78 13.3256 -29.3873 -16.0617
9.8 9.41153 -25.4732 -16.0617
9.82 8.51398 -24.5757 -16.0617
9.84 11.9629 -28.0247 -16.0617
9.86 13.3103 -29.372 -16.0617
9.88 12.4992 -28.5609 -16.0617
9.9 12.5663 -28.628 -16.0616
9.92 12.6196 -28.6812 -16.0616
9.94 13.1208 -29.1824 -16.0617
9.96 13.7364 -29.7981 -16.0617
9.98 12.1281 -28.1898 -16.0617
10 7.80138 -23.863 -16.0617
10.02 10.2205 -26.2822 -16.0617
10.04 14.7933 -30.8549 -16.0616
10.06 13.6956 -29.7572 -16.0616
10.08 8.50329 -24.5649 -16.0617
10.1 7.15434 -23.216 -16.0617
10.12 12.7755 -28.8372 -16.0617
10.14 14.0814 -30.1431 -16.0617
10.16 11.2087 -27.2704 -16.0617
10.18 8.82766 -24.8893 -16.0617
10.2 7.89016 -23.9519 -16.0617
10.22 9.41808 -25.4797 -16.0617
10.24 11.3682 -27.4298 -16.0616
10.26 13.2416 -29.3033 -16.0617
10.28 13.7372 -29.7988 -16.0617
10.3 11.3786 -27.4402 -16.0616
10.32 8.79266 -24.8543 -16.0616
10.34 10.1329 -26.1945 -16.0616
10.36 11.5285 -27.5901 -16.0616
10.38 10.4031 -26.4647 -16.0616
10.4 12.2161 -28.2778 -16.0616
10.42 10.411 -26.4727 -16.0616
10.44 8.69292 -24.7545 -16.0616
10.46 12.1698 -28.2314 -16.0617
10.48 14.6223 -30.6839 -16.0616
10.5 13.3926 -29.4543 -16.0616
10.52 11.4598 -27.5215 -16.0616
10.54 9.27419 -25.3358 -16.0616
10.56 10.3799 -26.4415 -16.0616
10.58 12.9959 -29.0575 -16.0616
10.6 14.3089 -30.3705 -16.0616
10.62 16.1261 -32.1877 -16.0616
10.64 16.3399 -32.4016 -16.0616
10.66 13.8817 -29.9433 -16.0616
10.68 13.1477 -29.2093 -16.0616
10.7 12.7792 -28.8408 -16.0616
10.72 10.9063 -26.9679 -16.0616
10.74 12.1555 -28.2171 -16.0616
10.76 13.3421 -29.4037 -16.0616
10.78 11.2019 -27.2635 -16.0616
10.8 8.85586 -24.9175 -16.0616
10.82 9.91558 -25.9772 -16.0616
10.84 11.6417 -27.7033 -16.0616
10.86 10.0655 -26.1271 -16.0616
10.88 7.65414 -23.7157 -16.0616
10.9 8.51482 -24.5764 -16.0615
10.92 8.74278 -24.8043 -16.0615
10.94 6.61794 -22.6795 -16.0615
10.96 6.82372 -22.8852 -16.0615
10.98 9.61806 -25.6796 -16.0615
11 10.9178 -26.9793 -16.0615
11.02 9.52147 -25.583 -16.0615
11.04 8.00071 -24.0622 -16.0615
11.06 8.50254 -24.5641 -16.0615
11.08 10.3837 -26.4452 -16.0615
11.1 12.258 -28.3195 -16.0615
11.12 12.7374 -28.7989 -16.0615
11.14 12.3204 -28.382 -16.0615
11.16 12.9134 -28.9749 -16.0615
11.18 13.6802 -29.7417 -16.0615
11.2 13.4603 -29.5218 -16.0615
11.22 13.6032 -29.6647 -16.0615
11.24 14.5858 -30.6473 -16.0615
11.26 14.4291 -30.4906 -16.0615
11.28 13.3223 -29.3837 -16.0614
11.3 12.7505 -28.812 -16.0615
11.32 13.421 -29.4825 -16.0615
11.34 13.7553 -29.8168 -16.0615
11.36 13.7657 -29.8272 -16.0615
11.38 13.6184 -29.68 -16.0616
11.4 12.6212 -28.6827 -16.0615
11.42 11.6526 -27.7142 -16.0616
11.44 10.8338 -26.8954 -16.0616
11.46 9.52201 -25.5836 -16.0616
11.48 8.69175 -24.7533 -16.0616
11.5 10.5694 -26.631 -16.0616
11.52 12.9042 -28.9657 -16.0616
11.54 13.0148 -29.0764 -16.0616
11.56 11.5767 -27.6383 -16.0615
11.58 9.70748 -25.769 -16.0615
11.6 11.935 -27.9965 -16.0616
11.62 11.95 -28.0116 -16.0616
11.64 9.73698 -25.7985 -16.0615
11.66 10.8965 -26.9581 -16.0616
11.68 11.2509 -27.3124 -16.0615
11.7 9.99481 -26.0563 -16.0615
11.72 10.2192 -26.2807 -16.0615
11.74 11.5707 -27.6322 -16.0615
11.76 11.6078 -27.6693 -16.0615
11.78 9.29334 -25.3549 -16.0615
11.8 7.95701 -24.0185 -16.0615
11.82 10.0995 -26.161 -16.0615
11.84 10.3926 -26.4541 -16.0615
11.86 8.76741 -24.8289 -16.0615
11.88 9.82885 -25.8904 -16.0615
11.9 10.285 -26.3465 -16.0615
11.92 9.42818 -25.4897 -16.0615
11.94 11.2114 -27.2729 -16.0615
11.96 11.7809 -27.8424 -16.0615
11.98 11.4256 -27.487 -16.0615
12 13.5932 -29.6547 -16.0614
12.02 14.4911 -30.5525 -16.0614
12.04 13.2785 -29.3399 -16.0614
12.06 11.6652 -27.7265 -16.0614
12.08 11.2585 -27.3198 -16.0613
12.1 13.4005 -29.4619 -16.0613
12.12 14.4716 -30.5329 -16.0613
12.14 13.3908 -29.4521 -16.0613
12.16 11.5445 -27.6058 -16.0613
12.18 9.62809 -25.6894 -16.0613
12.2 9.18367 -25.245 -16.0613
12.22 9.6169 -25.6783 -16.0614
12.24 11.1721 -27.2334 -16.0614
12.26 11.5225 -27.5839 -16.0614
12.28 10.4864 -26.5478 -16.0614
12.3 10.8833 -26.9446 -16.0614
12.32 12.0349 -28.0964 -16.0614
12.34 12.0929 -28.1543 -16.0614
12.36 10.1492 -26.2107 -16.0615
12.38 7.76676 -23.8282 -16.0614
12.4 7.47456 -23.536 -16.0614
12.42 9.33805 -25.3995 -16.0614
12.44 10.2419 -26.3033 -16.0614
12.46 12.6311 -28.6925 -16.0615
12.48 15.7489 -31.8103 -16.0614
12.5 15.1595 -31.221 -16.0615
12.52 12.3666 -28.4281 -16.0615
12.54 10.4511 -26.5126 -16.0615
12.56 12.929 -28.9905 -16.0615
12.58 15.4943 -31.5558 -16.0615
12.6 12.7104 -28.7719 -16.0615
12.62 10.1277 -26.1891 -16.0614
12.64 10.8911 -26.9524 -16.0614
12.66 12.0847 -28.146 -16.0613
12.68 11.1955 -27.2568 -16.0613
12.7 12.3155 -28.3769 -16.0613
12.72 12.81 -28.8713 -16.0613
12.74 13.9984 -30.0598 -16.0614
12.76 14.1414 -30.2028 -16.0614
12.78 9.06506 -25.1265 -16.0614
12.8 8.2944 -24.3558 -16.0614
12.82 12.686 -28.7473 -16.0614
12.84 15.0946 -31.156 -16.0613
12.86 12.33 -28.3915 -16.0614
12.88 6.88061 -22.942 -16.0614
12.9 7.19666 -23.2581 -16.0615
12.92 9.35821 -25.4197 -16.0615
12.94 10.7531 -26.8146 -16.0615
12.96 12.9566 -29.0181 -16.0614
12.98 11.6235 -27.6849 -16.0614
13 10.2546 -26.3161 -16.0614
13.02 10.6152 -26.6766 -16.0615
13.04 11.262 -27.3235 -16.0614
13.06 10.8018 -26.8633 -16.0615
13.08 10.4973 -26.5587 -16.0615
13.1 11.6508 -27.7123 -16.0615
13.12 11.4925 -27.554 -16.0615
13.14 12.2613 -28.3228 -16.0616
13.16 12.4502 -28.5118 -16.0616
13.18 11.7154 -27.777 -16.0616
13.2 13.0725 -29.1341 -16.0616
13.22 14.0118 -30.0734 -16.0616
13.24 12.1246 -28.1861 -16.0616
13.26 9.45422 -25.5158 -16.0616
13.28 9.19284 -25.2544 -16.0616
13.3 10.7391 -26.8007 -16.0616
13.32 13.5336 -29.5952 -16.0616
13.34 14.5506 -30.6122 -16.0616
13.36 11.6875 -27.7492 -16.0617
13.38 13.035 -29.0966 -16.0616
13.4 13.7679 -29.8296 -16.0617
13.42 8.47177 -24.5335 -16.0617
13.44 7.95362 -24.0153 -16.0617
13.46 10.5235 -26.5853 -16.0617
13.48 10.9695 -27.0312 -16.0617
13.5 11.6452 -27.7069 -16.0617
13.52 13.5567 -29.6184 -16.0617
13.54 13.251 -29.3127 -16.0617
13.56 12.6047 -28.6664 -16.0617
13.58 11.2 -27.2617 -16.0617
13.6 11.0825 -27.1442 -16.0617
13.62 13.745 -29.8067 -16.0617
13.64 12.0884 -28.1501 -16.0617
13.66 6.80324 -22.8649 -16.0617
13.68 7.6152 -23.6769 -16.0617
13.7 12.6009 -28.6626 -16.0617
13.72 13.8513 -29.913 -16.0617
13.74 12.3271 -28.3888 -16.0617
13.76 11.4009 -27.4626 -16.0617
13.78 11.1859 -27.2476 -16.0618
13.8 11.0498 -27.1116 -16.0617
13.82 9.67425 -25.736 -16.0617
13.84 10.5939 -26.6557 -16.0617
13.86 14.0002 -30.0619 -16.0617
13.88 13.0452 -29.107 -16.0618
13.9 8.95081 -25.0126 -16.0618
13.92 9.53481 -25.5966 -16.0618
13.94 12.3757 -28.4375 -16.0618
13.96 14.009 -30.0708 -16.0619
13.98 13.6077 -29.6696 -16.0619
14 11.4301 -27.4919 -16.0619
14.02 10.2599 -26.3218 -16.0618
14.04 11.2753 -27.3371 -16.0618
14.06 12.1792 -28.241 -16.0618
14.08 11.4126 -27.4744 -16.0618
14.1 9.53179 -25.5935 -16.0617
14.12 8.70354 -24.7653 -16.0617
14.14 9.84388 -25.9056 -16.0617
14.16 11.688 -27.7497 -16.0617
14.18 12.3266 -28.3883 -16.0617
14.2 13.9131 -29.9747 -16.0617
14.22 14.1099 -30.1716 -16.0617
14.24 13.1873 -29.249 -16.0617
14.26 11.6127 -27.6744 -16.0617
14.28 9.9586 -26.0203 -16.0617
14.3 8.08935 -24.151 -16.0617
14.32 8.5713 -24.633 -16.0617
14.34 9.57881 -25.6406 -16.0617
14.36 10.8536 -26.9153 -16.0617
14.38 13.4946 -29.5563 -16.0617
14.4 14.1752 -30.2369 -16.0618
14.42 11.7361 -27.7979 -16.0618
14.44 10.5367 -26.5985 -16.0617
14.46 11.2732 -27.335 -16.0618
14.48 12.7839 -28.8456 -16.0618
14.5 13.3975 -29.4593 -16.0618
14.52 11.9745 -28.0363 -16.0618
14.54 10.4856 -26.5475 -16.0618
14.56 10.8396 -26.9014 -16.0618
14.58 11.8352 -27.897 -16.0618
14.6 12.3075 -28.3694 -16.0619
14.62 10.6916 -26.7535 -16.0619
14.64 8.68223 -24.7441 -16.0619
14.66 7.56012 -23.622 -16.0619
14.68 10.9063 -26.9681 -16.0619
14.7 12.6634 -28.7253 -16.0619
14.72 10.1636 -26.2255 -16.0619
14.74 9.87266 -25.9345 -16.0619
14.76 12.4021 -28.4639 -16.0618
14.78 12.208 -28.2698 -16.0619
14.8 13.4361 -29.498 -16.0619
14.82 13.5411 -29.603 -16.0619
14.84 10.5875 -26.6494 -16.0618
14.86 9.41978 -25.4816 -16.0618
14.88 9.91485 -25.9767 -16.0618
14.9 10.6447 -26.7066 -16.0618
14.92 11.9065 -27.9683 -16.0618
14.94 13.2763 -29.3381 -16.0619
14.96 14.0377 -30.0995 -16.0619
14.98 13.3874 -29.4492 -16.0618
15 12.7691 -28.8308 -16.0618
15.02 11.2897 -27.3514 -16.0618
15.04 12.5256 -28.5874 -16.0617
15.06 12.5679 -28.6297 -16.0618
15.08 9.82321 -25.885 -16.0618
15.1 8.70732 -24.7691 -16.0618
15.12 9.68937 -25.7512 -16.0618
15.14 11.4937 -27.5555 -16.0618
15.16 13.7824 -29.8442 -16.0618
15.18 12.7066 -28.7684 -16.0618
15.2 9.49352 -25.5554 -16.0619
15.22 7.76507 -23.8269 -16.0618
15.24 8.05236 -24.1142 -16.0618
15.26 10.6694 -26.7313 -16.0618
15.28 13.3458 -29.4077 -16.0619
15.3 12.5897 -28.6516 -16.0619
15.32 10.9159 -26.9778 -16.0619
15.34 9.30952 -25.3714 -16.0619
15.36 8.81407 -24.876 -16.0619
15.38 10.7786 -26.8404 -16.0619
15.4 11.532 -27.5938 -16.0618
15.42 11.6211 -27.6829 -16.0618
15.44 11.8471 -27.909 -16.0619
15.46 10.8951 -26.957 -16.0619
15.48 11.9257 -27.9876 -16.0619
15.5 13.9754 -30.0374 -16.0619
15.52 12.578 -28.6399 -16.0619
15.54 8.62714 -24.6891 -16.0619
15.56 8.14945 -24.2114 -16.0619
15.58 11.2502 -27.3121 -16.0619
15.6 13.6009 -29.6628 -16.0619
15.62 13.4043 -29.4663 -16.0619
15.64 11.5625 -27.6245 -16.0619
15.66 11.9143 -27.9762 -16.0619
15.68 13.6468 -29.7087 -16.0619
15.7 12.7306 -28.7926 -16.0619
15.72 10.7363 -26.7982 -16.0619
15.74 8.52356 -24.5855 -16.0619
15.76 8.09247 -24.1544 -16.0619
15.78 11.2995 -27.3614 -16.0619
15.8 12.5 -28.562 -16.0619
15.82 12.2884 -28.3503 -16.0619
15.84 12.1387 -28.2006 -16.0619
15.86 13.6956 -29.7575 -16.0619
15.88 14.1059 -30.1677 -16.0618
15.9 11.1776 -27.2394 -16.0618
15.92 9.69472 -25.7565 -16.0618
15.94 10.3533 -26.4151 -16.0618
15.96 11.0161 -27.078 -16.0618
15.98 12.2052 -28.267 -16.0618
16 13.7249 -29.7868 -16.0619
16.02 13.4367 -29.4985 -16.0618
16.04 13.2898 -29.3517 -16.0619
16.06 12.4344 -28.4963 -16.0619
16.08 9.4588 -25.5207 -16.0619
16.1 10.457 -26.5189 -16.0619
16.12 9.99318 -26.055 -16.0619
16.14 7.98646 -24.0483 -16.0618
16.16 10.4108 -26.4727 -16.0619
16.18 11.6639 -27.7257 -16.0619
16.2 11.0713 -27.1332 -16.0619
16.22 11.4069 -27.4688 -16.0619
16.24 13.4861 -29.548 -16.0619
16.26 12.7609 -28.8228 -16.0619
16.28 10.3355 -26.3973 -16.0619
16.3 11.7853 -27.8471 -16.0618
16.32 14.6138 -30.6757 -16.0618
16.34 11.1533 -27.2152 -16.0618
16.36 8.90036 -24.9622 -16.0619
16.38 11.508 -27.5699 -16.0619
16.4 12.1597 -28.2216 -16.0619
16.42 10.6926 -26.7545 -16.0618
16.44 11.8853 -27.9472 -16.0619
16.46 13.277 -29.3388 -16.0618
16.48 8.69202 -24.7539 -16.0618
16.5 6.93924 -23.0011 -16.0619
16.52 9.85073 -25.9126 -16.0618
16.54 11.0091 -27.0709 -16.0619
16.56 10.839 -26.9008 -16.0619
16.58 11.1352 -27.1971 -16.0619
16.6 11.2466 -27.3085 -16.0619
16.62 9.97746 -26.0394 -16.0619
16.64 11.556 -27.6179 -16.062
16.66 14.1814 -30.2434 -16.062
16.68 13.5893 -29.6513 -16.062
16.7 12.5283 -28.5903 -16.062
16.72 11.4101 -27.472 -16.062
16.74 9.82963 -25.8916 -16.062
16.76 12.0273 -28.0893 -16.062
16.78 12.7934 -28.8554 -16.062
16.8 9.61726 -25.6792 -16.062
16.82 10.8396 -26.9015 -16.0619
16.84 13.5746 -29.6365 -16.0619
16.86 10.4044 -26.4663 -16.0619
16.88 7.86521 -23.9271 -16.0619
16.9 11.1146 -27.1765 -16.0619
16.92 12.8041 -28.866 -16.0619
16.94 11.908 -27.9698 -16.0619
16.96 12.5695 -28.6314 -16.0619
16.98 11.3611 -27.4229 -16.0618
17 9.95984 -26.0216 -16.0618
17.02 11.6609 -27.7227 -16.0618
17.04 11.7086 -27.7705 -16.0618
17.06 10.9349 -26.9967 -16.0618
17.08 11.8869 -27.9487 -16.0618
17.1 11.8657 -27.9275 -16.0618
17.12 11.4146 -27.4764 -16.0618
17.14 10.5592 -26.621 -16.0618
17.16 10.6595 -26.7214 -16.0618
17.18 11.7728 -27.8347 -16.0619
17.2 11.0363 -27.0981 -16.0618
17.22 11.9551 -28.0169 -16.0618
17.24 12.6185 -28.6803 -16.0618
17.26 8.20567 -24.2675 -16.0618
17.28 5.8293 -21.8911 -16.0618
17.3 11.679 -27.7409 -16.0618
17.32 13.4324 -29.4943 -16.0618
17.34 10.8175 -26.8793 -16.0618
17.36 9.82197 -25.8838 -16.0618
17.38 10.0936 -26.1554 -16.0618
17.4 11.6479 -27.7098 -16.0618
17.42 15.509 -31.5709 -16.0619
17.44 16.4235 -32.4854 -16.0618
17.46 10.0576 -26.1194 -16.0618
17.48 6.25905 -22.3208 -16.0618
17.5 10.7893 -26.8511 -16.0618
17.52 14.9794 -31.0413 -16.0619
17.54 14.3343 -30.3962 -16.0619
17.56 10.4219 -26.4837 -16.0618
17.58 9.22663 -25.2885 -16.0619
17.6 12.9007 -28.9626 -16.0619
17.62 11.8528 -27.9147 -16.0619
17.64 7.72222 -23.784 -16.0618
17.66 8.35099 -24.4128 -16.0618
17.68 10.1066 -26.1685 -16.0618
17.7 10.9026 -26.9644 -16.0618
17.72 14.2129 -30.2748 -16.0619
17.74 12.8089 -28.8708 -16.0619
17.76 9.63346 -25.6954 -16.0619
17.78 11.2369 -27.2988 -16.0619
17.8 14.4764 -30.5384 -16.0619
17.82 13.923 -29.9849 -16.0619
17.84 13.6012 -29.6631 -16.0619
17.86 13.0169 -29.0788 -16.0619
17.88 12.4812 -28.5431 -16.0619
17.9 11.6116 -27.6735 -16.0619
17.92 11.2717 -27.3336 -16.0619
17.94 11.2 -27.2619 -16.062
17.96 10.9473 -27.0093 -16.062
17.98 11.0932 -27.1551 -16.062
18 9.52999 -25.5919 -16.0619
18.02 7.9783 -24.0402 -16.0619
18.04 7.54641 -23.6083 -16.0619
18.06 7.32794 -23.3898 -16.0619
18.08 10.5671 -26.629 -16.0619
18.1 12.7112 -28.7731 -16.062
18.12 11.0896 -27.1515 -16.0619
18.14 10.8279 -26.8897 -16.0619
18.16 12.0078 -28.0697 -16.0619
18.18 11.6195 -27.6814 -16.0619
18.2 11.8957 -27.9576 -16.0619
18.22 11.74 -27.8019 -16.0619
18.24 10.2565 -26.3184 -16.0619
18.26 10.744 -26.8059 -16.0619
18.28 12.5449 -28.6068 -16.0619
18.3 13.7022 -29.7641 -16.0619
18.32 13.8622 -29.9241 -16.0618
18.34 12.7241 -28.786 -16.0619
18.36 8.33093 -24.3928 -16.0619
18.38 8.0224 -24.0843 -16.0619
18.4 12.1709 -28.2329 -16.062
18.42 12.6774 -28.7393 -16.062
18.44 11.1881 -27.25 -16.0619
18.46 10.3659 -26.4279 -16.062
18.48 12.0596 -28.1216 -16.062
18.5 16.2411 -32.3031 -16.062
18.52 15.4052 -31.4672 -16.062
18.54 10.1526 -26.2146 -16.062
18.56 7.75745 -23.8195 -16.062
18.58 8.15952 -24.2215 -16.062
18.6 9.94862 -26.0106 -16.062
18.62 11.9271 -27.989 -16.0619
18.64 10.2129 -26.2748 -16.0619
18.66 9.08762 -25.1495 -16.0619
18.68 11.9672 -28.0292 -16.0619
18.7 12.3818 -28.4437 -16.0619
18.72 11.1725 -27.2344 -16.0619
18.74 12.624 -28.6859 -16.0619
18.76 11.5419 -27.6039 -16.062
18.78 6.60673 -22.6686 -16.0619
18.8 11.5795 -27.6415 -16.0619
18.82 15.5328 -31.5947 -16.0619
18.84 11.4329 -27.4948 -16.0619
18.86 9.80967 -25.8716 -16.0619
18.88 13.2252 -29.2872 -16.062
18.9 13.3808 -29.4427 -16.0619
18.92 13.3193 -29.3812 -16.0619
18.94 11.6161 -27.678 -16.0618
18.96 9.95989 -26.0217 -16.0618
18.98 12.128 -28.1898 -16.0618
19 11.7832 -27.845 -16.0618
19.02 12.8104 -28.8723 -16.0618
19.04 13.2042 -29.266 -16.0619
19.06 8.47187 -24.5337 -16.0618
19.08 8.60673 -24.6686 -16.0619
19.1 11.3795 -27.4414 -16.0618
19.12 11.2756 -27.3374 -16.0618
19.14 11.1352 -27.197 -16.0618
19.16 13.0149 -29.0767 -16.0618
19.18 10.9843 -27.0461 -16.0618
19.2 9.04097 -25.1027 -16.0618
19.22 10.4475 -26.5093 -16.0618
19.24 12.0019 -28.0637 -16.0618
19.26 11.3704 -27.4322 -16.0618
19.28 9.17022 -25.2321 -16.0618
19.3 7.7506 -23.8124 -16.0618
19.32 9.64728 -25.7091 -16.0618
19.34 13.3224 -29.3842 -16.0618
19.36 13.0795 -29.1412 -16.0618
19.38 9.33178 -25.3935 -16.0617
19.4 7.57955 -23.6413 -16.0617
19.42 9.6263 -25.688 -16.0617
19.44 12.3062 -28.3679 -16.0617
19.46 14.2772 -30.3389 -16.0618
19.48 11.6054 -27.6673 -16.0618
19.5 7.91679 -23.9786 -16.0618
19.52 10.4645 -26.5263 -16.0618
19.54 11.8519 -27.9138 -16.0619
19.56 10.2233 -26.2852 -16.0618
19.58 11.3238 -27.3857 -16.0619
19.6 11.0373 -27.0992 -16.0619
19.62 9.19547 -25.2573 -16.0619
19.64 12.4979 -28.5597 -16.0619
19.66 14.4313 -30.4932 -16.0619
19.68 11.6143 -27.6761 -16.0619
19.7 8.92522 -24.9871 -16.0619
19.72 8.21472 -24.2765 -16.0618
19.74 10.2781 -26.3399 -16.0618
19.76 13.0685 -29.1303 -16.0618
19.78 13.9208 -29.9826 -16.0618
19.8 13.2421 -29.3039 -16.0618
19.82 13.6468 -29.7087 -16.0618
19.84 15.1466 -31.2084 -16.0618
19.86 14.8782 -30.94 -16.0618
19.88 12.404 -28.4658 -16.0618
19.9 10.1253 -26.1871 -16.0617
19.92 10.3865 -26.4483 -16.0618
19.94 11.2829 -27.3447 -16.0618
19.96 10.8341 -26.8958 -16.0618
19.98 9.76625 -25.828 -16.0618
20 11.3424 -27.4041 -16.0618
20.02 11.1112 -27.1729 -16.0618
20.04 8.56831 -24.63 -16.0617
20.06 7.60289 -23.6646 -16.0617
20.08 8.97362 -25.0353 -16.0617
20.1 12.2221 -28.2838 -16.0617
20.12 12.04 -28.1017 -16.0617
20.14 11.1452 -27.2069 -16.0617
20.16 12.0464 -28.1082 -16.0618
20.18 10.0003 -26.0621 -16.0618
20.2 9.70504 -25.7668 -16.0618
20.22 13.5785 -29.6403 -16.0618
20.24 14.652 -30.7138 -16.0618
20.26 13.1333 -29.1951 -16.0618
20.28 12.4284 -28.4903 -16.0618
20.3 10.6598 -26.7217 -16.0618
20.32 8.72309 -24.785 -16.0619
20.34 8.09925 -24.1611 -16.0618
20.36 8.82381 -24.8856 -16.0618
20.38 9.67613 -25.738 -16.0618
20.4 10.4954 -26.5572 -16.0618
20.42 10.4663 -26.5282 -16.0618
20.44 9.90342 -25.9652 -16.0618
20.46 13.0573 -29.1191 -16.0618
20.48 15.224 -31.2858 -16.0618
20.5 13.4487 -29.5105 -16.0618
20.52 13.2688 -29.3305 -16.0618
20.54 13.0399 -29.1017 -16.0618
20.56 10.889 -26.9508 -16.0618
20.58 12.4872 -28.549 -16.0618
20.6 14.2 -30.2618 -16.0619
20.62 11.9361 -27.998 -16.0619
20.64 6.4804 -22.5423 -16.0619
20.66 5.89556 -21.9575 -16.0619
20.68 10.9356 -26.9976 -16.062
20.7 14.4972 -30.5591 -16.062
20.72 14.1373 -30.1993 -16.062
20.74 12.9194 -28.9814 -16.062
20.76 11.7352 -27.7972 -16.062
20.78 9.1457 -25.2077 -16.062
20.8 10.1568 -26.2188 -16.062
20.82 12.225 -28.287 -16.062
20.84 10.528 -26.59 -16.062
20.86 7.9981 -24.0601 -16.062
20.88 10.3475 -26.4095 -16.062
20.9 12.6511 -28.7131 -16.062
20.92 10.3656 -26.4276 -16.0621
20.94 8.72144 -24.7835 -16.062
20.96 13.5679 -29.63 -16.0621
20.98 14.4122 -30.4742 -16.0621
21 11.51 -27.5719 -16.062
21.02 8.96892 -25.0309 -16.062
21.04 9.96383 -26.0259 -16.062
21.06 10.0024 -26.0645 -16.0621
21.08 11.4927 -27.5547 -16.0621
21.1 12.2489 -28.311 -16.0621
21.12 11.2943 -27.3564 -16.0621
21.14 11.9048 -27.9668 -16.0621
21.16 14.4002 -30.4622 -16.0621
21.18 13.5799 -29.6421 -16.0621
21.2 9.33053 -25.3927 -16.0622
21.22 5.63517 -21.6974 -16.0622
21.24 8.36784 -24.4301 -16.0622
21.26 13.4463 -29.5086 -16.0622
21.28 14.8169 -30.8792 -16.0623
21.3 10.9101 -26.9723 -16.0622
21.32 9.31272 -25.3749 -16.0622
21.34 11.792 -27.8542 -16.0622
21.36 12.8671 -28.9294 -16.0623
21.38 11.1008 -27.163 -16.0623
21.4 9.39282 -25.4551 -16.0623
21.42 10.5204 -26.5827 -16.0623
21.44 13.2239 -29.2862 -16.0623
21.46 13.5892 -29.6515 -16.0622
21.48 12.3546 -28.4168 -16.0623
21.5 11.8094 -27.8717 -16.0623
21.52 9.83758 -25.8998 -16.0622
21.54 8.27878 -24.341 -16.0622
21.56 11.2441 -27.3063 -16.0622
21.58 11.7964 -27.8586 -16.0622
21.6 9.07489 -25.1371 -16.0622
21.62 11.4331 -27.4953 -16.0622
21.64 12.7856 -28.8477 -16.0622
21.66 10.5239 -26.586 -16.0621
21.68 11.5428 -27.6049 -16.0621
21.7 11.8458 -27.9079 -16.0621
21.72 10.5751 -26.6372 -16.0621
21.74 8.18097 -24.243 -16.0621
21.76 8.47047 -24.5325 -16.062
21.78 12.8411 -28.9032 -16.0621
21.8 14.9437 -31.0058 -16.062
21.82 13.0383 -29.1002 -16.062
21.84 12.2115 -28.2735 -16.062
21.86 13.0086 -29.0705 -16.062
21.88 11.7117 -27.7736 -16.0619
21.9 15.1401 -31.2021 -16.062
21.92 12.3378 -28.3997 -16.062
21.94 5.25216 -21.3141 -16.0619
21.96 11.2885 -27.3505 -16.062
21.98 15.8655 -31.9275 -16.062
22 14.1886 -30.2506 -16.062
22.02 11.6094 -27.6715 -16.062
22.04 9.36568 -25.4277 -16.062
22.06 8.43097 -24.493 -16.062
22.08 10.6359 -26.6979 -16.062
22.1 10.913 -26.975 -16.062
22.12 11.825 -27.8871 -16.0621
22.14 12.0056 -28.0677 -16.0621
22.16 8.76367 -24.8257 -16.0621
22.18 10.7932 -26.8552 -16.0621
22.2 14.257 -30.3191 -16.0621
22.22 12.3403 -28.4025 -16.0622
22.24 7.40453 -23.4667 -16.0621
22.26 9.91047 -25.9726 -16.0622
22.28 11.7197 -27.7818 -16.0621
22.3 12.9935 -29.0557 -16.0622
22.32 11.6739 -27.736 -16.0622
22.34 10.3162 -26.3783 -16.0622
22.36 12.578 -28.6402 -16.0622
22.38 14.7631 -30.8253 -16.0622
22.4 12.8278 -28.8899 -16.0621
22.42 11.1595 -27.2216 -16.062
22.44 8.40962 -24.4716 -16.062
22.46 12.7609 -28.823 -16.062
22.48 17.0449 -33.107 -16.0621
22.5 12.8968 -28.9589 -16.0622
22.52 7.46894 -23.5311 -16.0621
22.54 8.52175 -24.5839 -16.0622
22.56 11.8519 -27.9141 -16.0622
22.58 14.3666 -30.4288 -16.0623
22.6 10.4632 -26.5254 -16.0623
22.62 7.52561 -23.5879 -16.0623
22.64 9.68096 -25.7432 -16.0623
22.66 11.456 -27.5182 -16.0623
22.68 12.4366 -28.4989 -16.0623
22.7 12.4912 -28.5535 -16.0624
22.72 8.15611 -24.2184 -16.0623
22.74 8.3372 -24.3995 -16.0623
22.76 11.932 -27.9944 -16.0624
22.78 12.9346 -28.997 -16.0623
22.8 11.5405 -27.6029 -16.0624
22.82 8.42853 -24.4909 -16.0624
22.84 9.81297 -25.8754 -16.0624
22.86 14.9095 -30.9718 -16.0624
22.88 13.0248 -29.0872 -16.0623
22.9 9.5627 -25.625 -16.0623
22.92 10.3993 -26.4617 -16.0623
22.94 10.4526 -26.5149 -16.0623
22.96 12.9416 -29.0039 -16.0623
22.98 15.4836 -31.5458 -16.0623
23 12.2674 -28.3295 -16.0622
23.02 7.91524 -23.9774 -16.0621
23.04 10.9799 -27.0421 -16.0621
23.06 14.2366 -30.2988 -16.0621
23.08 13.1146 -29.1767 -16.0621
23.1 8.23898 -24.3011 -16.0621
23.12 8.54904 -24.6111 -16.0621
23.14 12.4779 -28.54 -16.0621
23.16 11.7579 -27.82 -16.0621
23.18 10.3457 -26.4077 -16.0621
23.2 12.3745 -28.4366 -16.0621
23.22 12.0474 -28.1095 -16.0621
23.24 13.2306 -29.2927 -16.0621
23.26 14.8752 -30.9373 -16.0621
23.28 12.5365 -28.5987 -16.0622
23.3 8.35026 -24.4124 -16.0621
23.32 8.07874 -24.1408 -16.0621
23.34 10.0814 -26.1435 -16.0621
23.36 10.3431 -26.4052 -16.0621
23.38 9.90538 -25.9675 -16.0621
23.4 12.3407 -28.4029 -16.0621
23.42 14.0872 -30.1494 -16.0622
23.44 12.2173 -28.2794 -16.0621
23.46 10.0694 -26.1315 -16.0621
23.48 9.34358 -25.4057 -16.0621
23.5 11.056 -27.1181 -16.0621
23.52 13.6436 -29.7057 -16.0622
23.54 12.9638 -29.026 -16.0622
23.56 10.8211 -26.8832 -16.0621
23.58 10.8387 -26.9008 -16.0621
23.6 13.0717 -29.1338 -16.0621
23.62 11.9408 -28.0029 -16.0621
23.64 8.79829 -24.8604 -16.0621
23.66 12.0008 -28.0629 -16.0621
23.68 14.358 -30.4201 -16.0621
23.7 12.5143 -28.5764 -16.0621
23.72 12.444 -28.506 -16.0621
23.74 12.8511 -28.9132 -16.0621
23.76 10.2964 -26.3585 -16.0621
23.78 9.82604 -25.8882 -16.0621
23.8 9.53369 -25.5959 -16.0622
23.82 7.75492 -23.8171 -16.0622
23.84 8.18857 -24.2507 -16.0621
23.86 10.4187 -26.4808 -16.0621
23.88 12.7908 -28.853 -16.0622
23.9 13.7014 -29.7636 -16.0621
23.92 12.9366 -28.9989 -16.0622
23.94 13.8911 -29.9534 -16.0623
23.96 16.0689 -32.1311 -16.0623
23.98 15.1999 -31.2621 -16.0622
24 10.6814 -26.7436 -16.0622
24.02 10.1232 -26.1854 -16.0622
24.04 11.6762 -27.7383 -16.0622
24.06 11.7943 -27.8564 -16.0621
24.08 11.801 -27.8632 -16.0622
24.1 10.834 -26.8961 -16.0621
24.12 10.1262 -26.1883 -16.0621
24.14 10.8512 -26.9133 -16.0622
24.16 10.2914 -26.3536 -16.0621
24.18 11.2875 -27.3496 -16.0622
24.2 13.6024 -29.6646 -16.0622
24.22 13.7382 -29.8004 -16.0622
24.24 12.4853 -28.5474 -16.0622
24.26 11.5089 -27.5711 -16.0622
24.28 10.4342 -26.4964 -16.0622
24.3 11.4067 -27.4689 -16.0622
24.32 11.9611 -28.0233 -16.0622
24.34 10.4736 -26.5358 -16.0622
24.36 10.9592 -27.0213 -16.0621
24.38 13.3842 -29.4464 -16.0621
24.4 13.8196 -29.8817 -16.0621
24.42 11.9625 -28.0245 -16.0621
24.44 12.0319 -28.094 -16.0621
24.46 12.693 -28.7551 -16.0621
24.48 9.44726 -25.5093 -16.0621
24.5 6.61637 -22.6784 -16.0621
24.52 9.50935 -25.5714 -16.0621
24.54 13.6024 -29.6645 -16.062
24.56 14.6328 -30.6949 -16.0621
24.58 10.5956 -26.6577 -16.0621
24.6 7.09831 -23.1603 -16.062
24.62 9.60745 -25.6695 -16.062
24.64 9.88219 -25.9442 -16.062
24.66 8.14902 -24.211 -16.062
24.68 9.93954 -26.0016 -16.062
24.7 11.1866 -27.2486 -16.062
24.72 10.5029 -26.5649 -16.062
24.74 10.6757 -26.7378 -16.062
24.76 12.3074 -28.3694 -16.062
24.78 12.2753 -28.3373 -16.062
24.8 10.7904 -26.8524 -16.062
24.82 10.7417 -26.8037 -16.062
24.84 12.0399 -28.1019 -16.062
24.86 12.0048 -28.0669 -16.062
24.88 13.22 -29.2821 -16.062
24.9 15.4523 -31.5143 -16.062
24.92 13.9341 -29.9962 -16.0621
24.94 8.93647 -24.9985 -16.062
24.96 10.6366 -26.6987 -16.062
24.98 14.8404 -30.9024 -16.0621
25 12.8429 -28.905 -16.0621
25.02 11.7955 -27.8576 -16.0621
25.04 13.544 -29.6061 -16.0621
25.06 11.5943 -27.6564 -16.062
25.08 9.35201 -25.414 -16.062
25.1 11.1343 -27.1963 -16.062
25.12 10.1772 -26.2392 -16.062
25.14 8.4757 -24.5377 -16.062
25.16 8.97722 -25.0392 -16.062
25.18 11.7368 -27.7989 -16.0621
25.2 11.6693 -27.7313 -16.0621
25.22 11.1995 -27.2616 -16.0621
25.24 11.451 -27.5131 -16.0621
25.26 11.6644 -27.7265 -16.062
25.28 11.3611 -27.4232 -16.0621
25.3 9.21695 -25.279 -16.062
25.32 9.27976 -25.3418 -16.062
25.34 10.9778 -27.0399 -16.0621
25.36 9.66913 -25.7312 -16.0621
25.38 7.43674 -23.4988 -16.0621
25.4 9.65376 -25.7159 -16.0621
25.42 12.5783 -28.6404 -16.0621
25.44 12.4862 -28.5483 -16.0621
25.46 11.2267 -27.2887 -16.0621
25.48 11.7815 -27.8436 -16.0621
25.5 10.5752 -26.6374 -16.0622
25.52 12.0795 -28.1417 -16.0622
25.54 14.4379 -30.5001 -16.0622
25.56 15.9672 -32.0293 -16.0622
25.58 13.4399 -29.502 -16.0621
25.6 11.2026 -27.2648 -16.0621
25.62 12.8912 -28.9533 -16.0621
25.64 14.1873 -30.2494 -16.0621
25.66 13.3288 -29.3909 -16.0621
25.68 12.3533 -28.4154 -16.0621
25.7 13.15 -29.2121 -16.0621
25.72 11.5324 -27.5945 -16.0621
25.74 10.2445 -26.3066 -16.0621
25.76 12.7604 -28.8225 -16.0621
25.78 15.4701 -31.5322 -16.0621
25.8 14.5467 -30.6088 -16.0621
25.82 10.1955 -26.2576 -16.0621
25.84 7.85918 -23.9213 -16.0621
25.86 10.1412 -26.2033 -16.0621
25.88 11.1596 -27.2217 -16.0621
25.9 8.85 -24.9121 -16.0621
25.92 9.54376 -25.6058 -16.0621
25.94 12.4231 -28.4851 -16.0621
25.96 13.1687 -29.2308 -16.0621
25.98 11.5844 -27.6465 -16.0621
26 10.1057 -26.1677 -16.0621
26.02 11.0422 -27.1043 -16.0621
26.04 10.7965 -26.8585 -16.062
26.06 7.86742 -23.9295 -16.062
26.08 8.68782 -24.7499 -16.062
26.1 10.7845 -26.8466 -16.0621
26.12 9.20892 -25.271 -16.0621
26.14 9.08481 -25.1469 -16.062
26.16 13.853 -29.915 -16.062
26.18 15.9174 -31.9795 -16.0621
26.2 15.1168 -31.1788 -16.062
26.22 14.6425 -30.7045 -16.062
26.24 14.1213 -30.1832 -16.062
26.26 12.4581 -28.5201 -16.062
26.28 11.915 -27.977 -16.062
26.3 12.5294 -28.5914 -16.062
26.32 11.4997 -27.5617 -16.062
26.34 9.12666 -25.1887 -16.062
26.36 10.478 -26.54 -16.062
26.38 12.8635 -28.9255 -16.062
26.4 12.6962 -28.7583 -16.062
26.42 12.8044 -28.8664 -16.062
26.44 14.5671 -30.6291 -16.062
26.46 14.5582 -30.6201 -16.0619
26.48 10.3324 -26.3944 -16.0619
26.5 6.25396 -22.3159 -16.0619
26.52 9.63667 -25.6986 -16.0619
26.54 12.1459 -28.2078 -16.0619
26.56 10.2419 -26.3038 -16.0619
26.58 8.48477 -24.5467 -16.0619
26.6 10.1732 -26.2351 -16.0619
26.62 11.0107 -27.0726 -16.0619
26.64 9.34775 -25.4096 -16.0619
26.66 8.5425 -24.6044 -16.0619
26.68 9.0726 -25.1345 -16.0619
26.7 8.75511 -24.817 -16.0619
26.72 9.85608 -25.918 -16.0619
26.74 10.2848 -26.3466 -16.0619
26.76 8.18931 -24.2512 -16.0619
26.78 10.0846 -26.1465 -16.0619
26.8 12.1184 -28.1803 -16.0619
26.82 8.4777 -24.5396 -16.0619
26.84 7.83463 -23.8965 -16.0619
26.86 11.1353 -27.1972 -16.0619
26.88 10.466 -26.5279 -16.0619
26.9 10.147 -26.2089 -16.0619
26.92 11.5866 -27.6485 -16.0619
26.94 11.5373 -27.5992 -16.0619
26.96 10.3695 -26.4314 -16.0619
26.98 9.80596 -25.8678 -16.0618
27 12.4404 -28.5023 -16.0618
27.02 13.5253 -29.5871 -16.0618
27.04 12.0018 -28.0636 -16.0618
27.06 10.9197 -26.9815 -16.0618
27.08 13.9784 -30.0402 -16.0618
27.1 15.4633 -31.5251 -16.0618
27.12 12.6621 -28.7239 -16.0618
27.14 9.63167 -25.6935 -16.0618
27.16 10.8911 -26.9529 -16.0618
27.18 12.061 -28.1228 -16.0618
27.2 11.767 -27.8287 -16.0618
27.22 11.4206 -27.4823 -16.0617
27.24 9.02541 -25.0871 -16.0617
27.26 9.94143 -26.0031 -16.0617
27.28 12.6544 -28.7161 -16.0617
27.3 12.313 -28.3747 -16.0617
27.32 9.82384 -25.8856 -16.0617
27.34 9.74156 -25.8033 -16.0618
27.36 12.3985 -28.4603 -16.0618
27.38 15.0841 -31.1459 -16.0618
27.4 13.11 -29.1717 -16.0617
27.42 9.15899 -25.2207 -16.0617
27.44 9.56352 -25.6253 -16.0617
27.46 9.43073 -25.4925 -16.0617
27.48 9.30392 -25.3656 -16.0617
27.5 12.3867 -28.4484 -16.0617
27.52 14.575 -30.6367 -16.0617
27.54 15.6734 -31.7351 -16.0617
27.56 14.4753 -30.537 -16.0617
27.58 12.3809 -28.4426 -16.0617
27.6 11.7452 -27.8069 -16.0617
27.62 12.7218 -28.7835 -16.0617
27.64 12.043 -28.1047 -16.0617
27.66 9.94291 -26.0046 -16.0617
27.68 9.53638 -25.5981 -16.0617
27.7 9.36835 -25.4301 -16.0617
27.72 8.96448 -25.0262 -16.0617
27.74 11.5134 -27.575 -16.0617
27.76 11.3055 -27.3672 -16.0616
27.78 9.58113 -25.6427 -16.0616
27.8 13.0645 -29.1261 -16.0616
27.82 14.7785 -30.8402 -16.0617
27.84 12.4403 -28.502 -16.0617
27.86 8.53736 -24.599 -16.0617
27.88 6.88418 -22.9458 -16.0617
27.9 9.35107 -25.4127 -16.0617
27.92 11.5703 -27.632 -16.0617
27.94 12.1453 -28.207 -16.0617
27.96 12.2984 -28.3601 -16.0617
27.98 13.4619 -29.5237 -16.0618
28 14.2069 -30.2687 -16.0618
28.02 13.7255 -29.7872 -16.0618
28.04 12.6774 -28.7392 -16.0618
28.06 10.854 -26.9158 -16.0618
28.08 10.6107 -26.6725 -16.0618
28.1 12.5661 -28.6279 -16.0618
28.12 14.2272 -30.289 -16.0618
28.14 13.7799 -29.8418 -16.0619
28.16 10.4682 -26.5301 -16.0619
28.18 7.40845 -23.4703 -16.0618
28.2 7.8808 -23.9426 -16.0618
28.22 9.83737 -25.8992 -16.0618
28.24 11.4428 -27.5047 -16.0618
28.26 12.3408 -28.4027 -16.0618
28.28 11.4715 -27.5333 -16.0618
28.3 10.2128 -26.2746 -16.0618
28.32 11.8113 -27.8731 -16.0618
28.34 14.3975 -30.4594 -16.0619
28.36 13.513 -29.5749 -16.0619
28.38 10.8821 -26.944 -16.0619
28.4 9.66399 -25.7259 -16.0619
28.42 8.98679 -25.0487 -16.0619
28.44 8.95115 -25.0131 -16.0619
28.46 12.3495 -28.4114 -16.0619
28.48 12.6871 -28.749 -16.0619
28.5 11.2845 -27.3465 -16.0619
28.52 11.6482 -27.7102 -16.0619
28.54 7.98419 -24.0461 -16.0619
28.56 10.025 -26.0869 -16.062
28.58 14.037 -30.099 -16.062
28.6 13.2536 -29.3155 -16.062
28.62 14.2168 -30.2788 -16.062
28.64 14.0045 -30.0664 -16.0619
28.66 9.48458 -25.5464 -16.0619
28.68 9.77131 -25.8331 -16.0618
28.7 12.1223 -28.1841 -16.0618
28.72 11.4212 -27.483 -16.0618
28.74 10.7109 -26.7726 -16.0617
28.76 11.6052 -27.6669 -16.0617
28.78 13.3062 -29.3679 -16.0617
28.8 14.1097 -30.1716 -16.0618
28.82 11.3345 -27.3963 -16.0618
28.84 7.75119 -23.813 -16.0618
28.86 7.80062 -23.8624 -16.0618
28.88 9.75698 -25.8188 -16.0618
28.9 10.0806 -26.1424 -16.0618
28.92 9.50836 -25.5702 -16.0618
28.94 10.9307 -26.9925 -16.0618
28.96 12.5213 -28.5831 -16.0618
28.98 13.7887 -29.8505 -16.0618
29 15.458 -31.5197 -16.0617
29.02 14.2789 -30.3407 -16.0618
29.04 10.4784 -26.5402 -16.0618
29.06 8.50968 -24.5714 -16.0618
29.08 11.0945 -27.1563 -16.0617
29.1 11.9955 -28.0573 -16.0618
29.12 11.7215 -27.7832 -16.0617
29.14 12.6874 -28.7491 -16.0617
29.16 12.7114 -28.7731 -16.0617
29.18 11.8148 -27.8765 -16.0617
29.2 9.78476 -25.8465 -16.0617
29.22 10.4643 -26.526 -16.0617
29.24 12.735 -28.7967 -16.0617
29.26 10.264 -26.3257 -16.0617
29.28 7.58455 -23.6463 -16.0617
29.3 10.6383 -26.7001 -16.0617
29.32 14.4349 -30.4967 -16.0617
29.34 11.9652 -28.0269 -16.0617
29.36 9.26956 -25.3312 -16.0617
29.38 9.7572 -25.8189 -16.0617
29.4 9.40534 -25.4669 -16.0616
29.42 11.1065 -27.1681 -16.0616
29.44 12.4588 -28.5204 -16.0616
29.46 11.3928 -27.4545 -16.0616
29.48 11.3983 -27.4599 -16.0616
29.5 11.6305 -27.6921 -16.0616
29.52 11.3353 -27.3969 -16.0616
29.54 13.9422 -30.0038 -16.0616
29.56 14.8682 -30.9298 -16.0616
29.58 11.5712 -27.6327 -16.0616
29.6 9.38015 -25.4417 -16.0616
29.62 13.6267 -29.6883 -16.0616
29.64 13.8552 -29.9168 -16.0616
29.66 10.3046 -26.3662 -16.0616
29.68 8.47418 -24.5358 -16.0616
29.7 8.58597 -24.6476 -16.0616
29.72 9.74086 -25.8024 -16.0616
29.74 12.6301 -28.6917 -16.0616
29.76 11.7911 -27.8527 -16.0616
29.78 7.97235 -24.034 -16.0616
29.8 7.32755 -23.3892 -16.0616
29.82 9.76839 -25.83 -16.0616
29.84 13.5758 -29.6374 -16.0616
29.86 15.0783 -31.14 -16.0617
29.88 11.9437 -28.0054 -16.0617
29.9 10.1112 -26.1728 -16.0616
29.92 12.1174 -28.1791 -16.0617
29.94 12.3046 -28.3663 -16.0617
29.96 12.1939 -28.2556 -16.0617
29.98 12.3501 -28.4118 -16.0617
30 10.7604 -26.8221 -16.0617
30.02 9.88923 -25.951 -16.0617
30.04 10.5128 -26.5745 -16.0617
30.06 12.1762 -28.2379 -16.0617
30.08 14.5121 -30.5738 -16.0617
30.1 15.3267 -31.3884 -16.0617
30.12 12.1984 -28.2602 -16.0617
30.14 10.1326 -26.1944 -16.0617
30.16 11.8142 -27.876 -16.0618
30.18 11.5121 -27.5739 -16.0618
30.2 11.6302 -27.692 -16.0618
30.22 10.5142 -26.576 -16.0618
30.24 7.6848 -23.7466 -16.0618
30.26 10.0718 -26.1336 -16.0618
30.28 12.4248 -28.4866 -16.0618
30.3 12.121 -28.1829 -16.0619
30.32 10.1997 -26.2616 -16.0619
30.34 8.76899 -24.8309 -16.0619
30.36 10.4037 -26.4656 -16.0618
30.38 12.6491 -28.7109 -16.0618
30.4 11.0643 -27.1261 -16.0618
30.42 8.16028 -24.222 -16.0618
30.44 8.78507 -24.8468 -16.0618
30.46 13.5019 -29.5637 -16.0618
30.48 13.69 -29.7518 -16.0618
30.5 9.94532 -26.0071 -16.0618
30.52 13.9599 -30.0217 -16.0618
30.54 16.4667 -32.5284 -16.0618
30.56 14.7169 -30.7787 -16.0618
30.58 13.8556 -29.9174 -16.0618
30.6 11.6973 -27.7591 -16.0618
30.62 8.16108 -24.2229 -16.0618
30.64 10.2996 -26.3614 -16.0618
30.66 12.4853 -28.547 -16.0617
30.68 12.5135 -28.5752 -16.0617
30.7 10.9332 -26.9949 -16.0617
30.72 9.19985 -25.2616 -16.0618
30.74 10.1613 -26.2231 -16.0618
30.76 9.5864 -25.6482 -16.0618
30.78 10.0028 -26.0646 -16.0618
30.8 11.7107 -27.7724 -16.0617
30.82 13.7094 -29.7712 -16.0617
30.84 14.276 -30.3377 -16.0618
30.86 10.9799 -27.0417 -16.0617
30.88 8.98898 -25.0507 -16.0617
30.9 11.8094 -27.8712 -16.0617
30.92 13.1488 -29.2106 -16.0617
30.94 12.0194 -28.0811 -16.0617
30.96 12.2447 -28.3065 -16.0617
30.98 13.1845 -29.2462 -16.0618
31 12.3303 -28.3921 -16.0618
31.02 9.5942 -25.656 -16.0618
31.04 7.84549 -23.9072 -16.0618
31.06 8.60956 -24.6713 -16.0618
31.08 9.74438 -25.8061 -16.0617
31.1 11.4439 -27.5057 -16.0618
31.12 13.8753 -29.937 -16.0617
31.14 14.2016 -30.2633 -16.0617
31.16 12.6671 -28.7288 -16.0617
31.18 11.4775 -27.5392 -16.0617
31.2 12.206 -28.2677 -16.0617
31.22 13.3471 -29.4087 -16.0616
31.24 13.4451 -29.5067 -16.0616
31.26 13.1705 -29.2322 -16.0617
31.28 11.4143 -27.4759 -16.0617
31.3 10.0869 -26.1486 -16.0617
31.32 10.5819 -26.6436 -16.0617
31.34 12.0257 -28.0873 -16.0617
31.36 11.2599 -27.3216 -16.0617
31.38 10.0045 -26.0662 -16.0617
31.4 9.23075 -25.2924 -16.0617
31.42 8.07065 -24.1323 -16.0616
31.44 10.7465 -26.8081 -16.0616
31.46 12.7547 -28.8163 -16.0616
31.48 11.0085 -27.0701 -16.0616
31.5 9.95171 -26.0133 -16.0616
31.52 12.4714 -28.5329 -16.0615
31.54 12.0734 -28.1349 -16.0615
31.56 9.92983 -25.9914 -16.0615
31.58 9.72137 -25.7829 -16.0616
31.6 8.95429 -25.0159 -16.0616
31.62 6.25813 -22.3197 -16.0616
31.64 6.04747 -22.109 -16.0616
31.66 10.386 -26.4475 -16.0616
31.68 13.3869 -29.4484 -16.0616
31.7 12.8735 -28.9351 -16.0616
31.72 11.944 -28.0056 -16.0616
31.74 9.88669 -25.9483 -16.0616
31.76 10.8012 -26.8628 -16.0616
31.78 12.7602 -28.8219 -16.0617
31.8 10.8319 -26.8935 -16.0617
31.82 8.77913 -24.8408 -16.0617
31.84 10.7644 -26.826 -16.0617
31.86 13.4824 -29.5441 -16.0617
31.88 13.7731 -29.8348 -16.0617
31.9 14.6289 -30.6906 -16.0617
31.92 13.7605 -29.8222 -16.0617
31.94 11.6796 -27.7413 -16.0617
31.96 14.3098 -30.3715 -16.0617
31.98 14.7942 -30.8559 -16.0617
32 10.0642 -26.1259 -16.0617
32.02 10.5929 -26.6546 -16.0617
32.04 12.4232 -28.4849 -16.0617
32.06 8.80296 -24.8647 -16.0617
32.08 9.01374 -25.0754 -16.0617
32.1 10.5855 -26.6472 -16.0617
32.12 8.17792 -24.2396 -16.0617
32.14 8.35427 -24.4159 -16.0617
32.16 11.9843 -28.046 -16.0617
32.18 12.4223 -28.484 -16.0617
32.2 9.52478 -25.5865 -16.0617
32.22 7.05695 -23.1186 -16.0617
32.24 7.0646 -23.1263 -16.0617
32.26 9.21822 -25.2799 -16.0617
32.28 10.3975 -26.4592 -16.0617
32.3 11.0088 -27.0706 -16.0617
32.32 13.0504 -29.1121 -16.0617
32.34 12.2248 -28.2865 -16.0617
32.36 9.16481 -25.2265 -16.0617
32.38 10.2789 -26.3407 -16.0618
32.4 12.5378 -28.5996 -16.0618
32.42 12.3223 -28.3841 -16.0618
32.44 11.2895 -27.3513 -16.0618
32.46 13.0139 -29.0757 -16.0618
32.48 14.6391 -30.7009 -16.0618
32.5 11.5759 -27.6377 -16.0618
32.52 8.19874 -24.2605 -16.0618
32.54 9.89156 -25.9534 -16.0618
32.56 13.8179 -29.8797 -16.0618
32.58 15.268 -31.3299 -16.0618
32.6 14.0399 -30.1018 -16.0619
32.62 13.4211 -29.4829 -16.0618
32.64 13.9707 -30.0326 -16.0619
32.66 12.3615 -28.4234 -16.0619
32.68 10.5708 -26.6327 -16.0619
32.7 11.7598 -27.8217 -16.0619
32.72 12.7487 -28.8106 -16.0619
32.74 9.32942 -25.3913 -16.0619
32.76 8.23302 -24.2949 -16.0619
32.78 13.0065 -29.0684 -16.0619
32.8 15.4309 -31.4928 -16.0619
32.82 14.2912 -30.3531 -16.0619
32.84 12.7665 -28.8284 -16.0618
32.86 12.058 -28.1199 -16.0618
32.88 9.88515 -25.947 -16.0618
32.9 8.72796 -24.7898 -16.0618
32.92 10.2907 -26.3526 -16.0619
32.94 12.2368 -28.2987 -16.0619
32.96 7.71735 -23.7792 -16.0619
32.98 5.06753 -21.1294 -16.0619
33 12.0411 -28.103 -16.0619
33.02 14.2386 -30.3005 -16.0619
33.04 10.4475 -26.5094 -16.0619
33.06 9.27563 -25.3375 -16.0619
33.08 10.6192 -26.6811 -16.0619
33.1 8.99161 -25.0535 -16.0619
33.12 10.6489 -26.7108 -16.0619
33.14 13.7919 -29.8538 -16.0619
33.16 13.0989 -29.1608 -16.0619
33.18 9.4758 -25.5377 -16.0619
33.2 8.28135 -24.3432 -16.0619
33.22 10.6241 -26.686 -16.0619
33.24 10.8295 -26.8913 -16.0619
33.26 8.85109 -24.9129 -16.0618
33.28 12.4479 -28.5097 -16.0619
33.3 15.5588 -31.6207 -16.0618
33.32 11.4341 -27.4959 -16.0618
33.34 11.0491 -27.111 -16.0619
33.36 15.2164 -31.2783 -16.0619
33.38 13.809 -29.8709 -16.0619
33.4 10.0895 -26.1513 -16.0618
33.42 11.5604 -27.6223 -16.0619
33.44 11.5107 -27.5725 -16.0618
33.46 8.09422 -24.156 -16.0618
33.48 10.6626 -26.7244 -16.0618
33.5 14.8585 -30.9203 -16.0618
33.52 12.8971 -28.9589 -16.0618
33.54 9.47029 -25.5321 -16.0618
33.56 10.4706 -26.5324 -16.0618
33.58 13.0121 -29.074 -16.0619
33.6 12.6104 -28.6723 -16.0619
33.62 8.54617 -24.608 -16.0619
33.64 8.88901 -24.9509 -16.0619
33.66 12.5673 -28.6292 -16.0619
33.68 14.1913 -30.2533 -16.062
33.7 12.4911 -28.5532 -16.062
33.72 9.42279 -25.4848 -16.062
33.74 8.20151 -24.2635 -16.062
33.76 7.64789 -23.7099 -16.062
33.78 10.2468 -26.3089 -16.062
33.8 13.1084 -29.1704 -16.0621
33.82 11.5816 -27.6436 -16.062
33.84 9.37502 -25.437 -16.062
33.86 9.68811 -25.7501 -16.062
33.88 10.5318 -26.5938 -16.062
33.9 11.767 -27.829 -16.062
33.92 13.5671 -29.6292 -16.062
33.94 13.3135 -29.3755 -16.062
33.96 10.5056 -26.5676 -16.0619
33.98 8.9313 -24.9932 -16.0619
34 12.3122 -28.3741 -16.0619
34.02 15.9826 -32.0445 -16.0619
34.04 16.0237 -32.0856 -16.0618
34.06 13.0224 -29.0842 -16.0618
34.08 10.2011 -26.263 -16.0618
34.1 9.19171 -25.2536 -16.0619
34.12 9.38087 -25.4427 -16.0619
34.14 11.4667 -27.5286 -16.0619
34.16 11.9889 -28.0508 -16.0619
34.18 11.7366 -27.7986 -16.0619
34.2 11.5773 -27.6393 -16.0619
34.22 11.7208 -27.7827 -16.0619
34.24 13.0353 -29.0972 -16.0619
34.26 12.4058 -28.4678 -16.0619
34.28 10.9905 -27.0525 -16.0619
34.3 10.7546 -26.8166 -16.0619
34.32 11.0106 -27.0725 -16.0619
34.34 11.1232 -27.1851 -16.0619
34.36 10.9785 -27.0405 -16.062
34.38 11.8927 -27.9548 -16.0621
34.4 12.0317 -28.0937 -16.062
34.42 10.5531 -26.6151 -16.062
34.44 10.2991 -26.361 -16.062
34.46 11.5692 -27.6312 -16.062
34.48 11.9203 -27.9823 -16.0619
34.5 9.84576 -25.9077 -16.0619
34.52 7.87926 -23.9411 -16.0619
34.54 10.375 -26.4368 -16.0619
34.56 12.974 -29.0359 -16.0619
34.58 13.3758 -29.4377 -16.0619
34.6 13.8629 -29.9248 -16.0619
34.62 12.7349 -28.7968 -16.0619
34.64 12.1833 -28.2452 -16.0619
34.66 13.4791 -29.541 -16.0619
34.68 11.2999 -27.3618 -16.0619
34.7 7.09617 -23.1581 -16.0619
34.72 8.12493 -24.1868 -16.0619
34.74 12.3722 -28.4341 -16.0619
34.76 12.508 -28.5699 -16.0619
34.78 12.0233 -28.0852 -16.0618
34.8 13.4739 -29.5358 -16.0619
34.82 14.2 -30.2619 -16.0619
34.84 14.2771 -30.3391 -16.062
34.86 13.5328 -29.5948 -16.062
34.88 10.6007 -26.6627 -16.062
34.9 8.31812 -24.3801 -16.0619
34.92 9.52649 -25.5885 -16.062
34.94 11.6451 -27.707 -16.062
34.96 13.3628 -29.4247 -16.0619
34.98 14.0281 -30.09 -16.0619
35 13.4952 -29.557 -16.0619
35.02 13.1798 -29.2417 -16.0619
35.04 13.4288 -29.4907 -16.0619
35.06 12.3438 -28.4057 -16.0619
35.08 10.3103 -26.3722 -16.0619
35.1 7.70207 -23.764 -16.0619
35.12 10.3343 -26.3962 -16.0619
35.14 13.6241 -29.6861 -16.062
35.16 11.9883 -28.0502 -16.0619
35.18 8.66488 -24.7268 -16.0619
35.2 9.06191 -25.1238 -16.0619
35.22 10.7717 -26.8336 -16.0619
35.24 12.4034 -28.4653 -16.0619
35.26 12.6544 -28.7164 -16.0619
35.28 11.1191 -27.1811 -16.062
35.3 11.8545 -27.9164 -16.062
35.32 11.3564 -27.4184 -16.062
35.34 10.59 -26.652 -16.062
35.36 9.93899 -26.001 -16.062
35.38 10.5016 -26.5636 -16.062
35.4 12.7031 -28.7652 -16.062
35.42 13.4076 -29.4697 -16.062
35.44 12.775 -28.837 -16.062
35.46 12.5439 -28.6059 -16.062
35.48 11.4546 -27.5166 -16.062
35.5 10.9263 -26.9884 -16.062
35.52 11.658 -27.72 -16.062
35.54 11.9608 -28.0229 -16.062
35.56 11.9628 -28.0248 -16.062
35.58 13.1554 -29.2174 -16.062
35.6 13.3227 -29.3847 -16.0621
35.62 12.432 -28.4941 -16.062
35.64 12.5502 -28.6123 -16.062
35.66 12.6801 -28.7421 -16.0621
35.68 11.1588 -27.2208 -16.0621
35.7 10.6902 -26.7522 -16.062
35.72 10.5601 -26.6221 -16.062
35.74 10.1616 -26.2237 -16.062
35.76 10.5301 -26.5921 -16.062
35.78 9.21375 -25.2758 -16.0621
35.8 8.8469 -24.909 -16.0621
35.82 11.3481 -27.4101 -16.0621
35.84 12.697 -28.7591 -16.0621
35.86 11.6653 -27.7273 -16.0621
35.88 11.9355 -27.9976 -16.0621
35.9 10.6727 -26.7348 -16.0621
35.92 7.29218 -23.3543 -16.0621
35.94 6.72765 -22.7898 -16.0621
35.96 9.85449 -25.9166 -16.0621
35.98 12.681 -28.7431 -16.0621
36 12.9111 -28.9733 -16.0622
36.02 11.6295 -27.6917 -16.0622
36.04 12.0827 -28.1448 -16.0622
36.06 14.1804 -30.2426 -16.0622
36.08 13.339 -29.4012 -16.0622
36.1 11.7506 -27.8128 -16.0622
36.12 11.4469 -27.509 -16.0621
36.14 11.835 -27.8971 -16.0621
36.16 13.1744 -29.2365 -16.0621
36.18 13.2686 -29.3307 -16.0621
36.2 11.2395 -27.3015 -16.0621
36.22 13.0026 -29.0647 -16.0621
36.24 13.3676 -29.4296 -16.0621
36.26 10.6309 -26.6929 -16.062
36.28 13.3129 -29.375 -16.062
36.3 13.2532 -29.3152 -16.062
36.32 7.04284 -23.1049 -16.062
36.34 7.7697 -23.8317 -16.062
36.36 12.1813 -28.2433 -16.062
36.38 11.6087 -27.6707 -16.062
36.4 8.74616 -24.8082 -16.062
36.42 12.1992 -28.2612 -16.062
36.44 13.8117 -29.8737 -16.062
36.46 11.7903 -27.8522 -16.062
36.48 10.9946 -27.0565 -16.0619
36.5 10.4685 -26.5305 -16.062
36.52 9.56369 -25.6257 -16.062
36.54 9.55326 -25.6152 -16.062
36.56 10.3158 -26.3778 -16.062
36.58 11.8927 -27.9547 -16.062
36.6 11.906 -27.968 -16.0619
36.62 13.0024 -29.0643 -16.062
36.64 13.3638 -29.4258 -16.062
36.66 12.7865 -28.8485 -16.062
36.68 14.1338 -30.1959 -16.062
36.7 15.2499 -31.3119 -16.062
36.72 14.6724 -30.7343 -16.062
36.74 13.3411 -29.403 -16.0619
36.76 11.9395 -28.0014 -16.0619
36.78 10.5581 -26.62 -16.0619
36.8 11.6643 -27.7263 -16.0619
36.82 11.563 -27.6249 -16.0619
36.84 9.04295 -25.1049 -16.0619
36.86 7.67841 -23.7403 -16.0619
36.88 9.58247 -25.6444 -16.0619
36.9 10.5267 -26.5886 -16.062
36.92 10.1395 -26.2014 -16.062
36.94 10.1758 -26.2377 -16.062
36.96 10.0431 -26.1051 -16.062
36.98 9.71132 -25.7733 -16.062
37 9.84782 -25.9098 -16.062
37.02 12.4814 -28.5434 -16.062
37.04 11.9651 -28.0271 -16.062
37.06 7.45392 -23.5159 -16.062
37.08 10.6801 -26.742 -16.0619
37.1 14.3051 -30.3671 -16.062
37.12 11.7339 -27.7958 -16.0619
37.14 9.09735 -25.1593 -16.0619
37.16 12.0532 -28.1152 -16.062
37.18 14.2347 -30.2966 -16.062
37.2 11.5811 -27.643 -16.0619
37.22 7.89748 -23.9594 -16.0619
37.24 8.5544 -24.6163 -16.0619
37.26 10.3826 -26.4446 -16.0619
37.28 10.6727 -26.7346 -16.0619
37.3 10.9851 -27.047 -16.062
37.32 12.8007 -28.8627 -16.062
37.34 14.692 -30.7539 -16.062
37.36 12.178 -28.24 -16.062
37.38 9.92165 -25.9836 -16.0619
37.4 14.1278 -30.1898 -16.062
37.42 16.5109 -32.5729 -16.062
37.44 13.1869 -29.249 -16.062
37.46 9.71729 -25.7794 -16.0621
37.48 10.4885 -26.5506 -16.0621
37.5 12.2755 -28.3376 -16.0621
37.52 11.1589 -27.221 -16.0621
37.54 11.2058 -27.2679 -16.0621
37.56 12.1819 -28.244 -16.0621
37.58 10.9406 -27.0027 -16.0621
37.6 8.40108 -24.4631 -16.0621
37.62 11.464 -27.5261 -16.0621
37.64 13.7971 -29.8592 -16.0621
37.66 10.7377 -26.7998 -16.0621
37.68 8.08974 -24.1518 -16.062
37.7 11.0008 -27.0629 -16.062
37.72 12.388 -28.4501 -16.0621
37.74 10.501 -26.563 -16.062
37.76 9.86978 -25.9318 -16.062
37.78 9.24769 -25.3097 -16.062
37.8 8.36855 -24.4305 -16.0619
37.82 8.71769 -24.7796 -16.0619
37.84 10.2295 -26.2914 -16.062
37.86 10.0215 -26.0834 -16.062
37.88 10.7048 -26.7668 -16.062
37.9 11.9732 -28.0351 -16.062
37.92 12.5338 -28.5957 -16.0619
37.94 13.1563 -29.2182 -16.0619
37.96 13.8666 -29.9285 -16.0619
37.98 13.0522 -29.1141 -16.062
38 12.6941 -28.756 -16.0619
38.02 14.0689 -30.1309 -16.062
38.04 13.3671 -29.4291 -16.062
38.06 11.9426 -28.0046 -16.062
38.08 12.3145 -28.3766 -16.062
38.1 11.5477 -27.6097 -16.062
38.12 9.50791 -25.5699 -16.062
38.14 10.0773 -26.1392 -16.062
38.16 9.34319 -25.4052 -16.062
38.18 8.23678 -24.2987 -16.062
38.2 13.2829 -29.3449 -16.062
38.22 11.8298 -27.8918 -16.062
38.24 8.44328 -24.5053 -16.062
38.26 12.5263 -28.5884 -16.062
38.28 10.7544 -26.8164 -16.0621
38.3 6.3031 -22.3651 -16.062
38.32 10.7112 -26.7732 -16.0621
38.34 13.6423 -29.7044 -16.0621
38.36 11.5731 -27.6351 -16.0621
38.38 10.7131 -26.7751 -16.0621
38.4 11.8672 -27.9293 -16.0621
38.42 11.2077 -27.2698 -16.0621
38.44 10.1354 -26.1974 -16.0621
38.46 10.0915 -26.1536 -16.0621
38.48 12.2831 -28.3452 -16.0621
38.5 13.0502 -29.1123 -16.0621
38.52 11.7894 -27.8515 -16.0621
38.54 12.7988 -28.8609 -16.0621
38.56 13.2872 -29.3493 -16.0621
38.58 10.1346 -26.1967 -16.0621
38.6 10.273 -26.3351 -16.0621
38.62 14.5106 -30.5728 -16.0621
38.64 14.2829 -30.345 -16.0621
38.66 9.67668 -25.7388 -16.0621
38.68 7.97148 -24.0336 -16.0621
38.7 10.746 -26.8082 -16.0621
38.72 11.7592 -27.8214 -16.0622
38.74 10.8349 -26.897 -16.0622
38.76 12.4754 -28.5375 -16.0621
38.78 13.7838 -29.8459 -16.0621
38.8 11.3031 -27.3652 -16.0621
38.82 10.6199 -26.6819 -16.0621
38.84 11.8741 -27.9362 -16.0621
38.86 11.6669 -27.729 -16.0621
38.88 7.95819 -24.0203 -16.0621
38.9 6.23646 -22.2986 -16.0621
38.92 12.2444 -28.3065 -16.0621
38.94 14.1337 -30.1958 -16.0621
38.96 9.78701 -25.8491 -16.0621
38.98 11.9668 -28.0289 -16.0621
39 14.8866 -30.9487 -16.0621
39.02 12.2227 -28.2848 -16.062
39.04 11.768 -27.83 -16.062
39.06 14.6646 -30.7266 -16.062
39.08 12.9736 -29.0356 -16.0621
39.1 9.26608 -25.3281 -16.0621
39.12 10.109 -26.1711 -16.0621
39.14 13.1593 -29.2214 -16.0621
39.16 11.1323 -27.1944 -16.0621
39.18 10.045 -26.1071 -16.0621
39.2 14.8347 -30.8968 -16.0621
39.22 14.6885 -30.7506 -16.0621
39.24 10.5639 -26.626 -16.0621
39.26 11.7311 -27.7931 -16.0621
39.28 14.764 -30.8261 -16.0621
39.3 13.032 -29.0941 -16.0621
39.32 9.7537 -25.8158 -16.0621
39.34 8.72931 -24.7914 -16.0621
39.36 8.67708 -24.7391 -16.0621
39.38 7.84777 -23.9098 -16.0621
39.4 7.33312 -23.3951 -16.062
39.42 10.1795 -26.2415 -16.062
39.44 12.6863 -28.7483 -16.062
39.46 14.15 -30.2121 -16.062
39.48 13.3817 -29.4437 -16.062
39.5 10.6675 -26.7295 -16.062
39.52 9.34232 -25.4043 -16.062
39.54 10.683 -26.745 -16.062
39.56 13.4362 -29.4982 -16.062
39.58 14.0321 -30.094 -16.062
39.6 11.9387 -28.0007 -16.062
39.62 10.6625 -26.7245 -16.062
39.64 12.5016 -28.5636 -16.062
39.66 11.5535 -27.6155 -16.062
39.68 12.5887 -28.6507 -16.062
39.7 13.9375 -29.9995 -16.062
39.72 10.3683 -26.4303 -16.062
39.74 8.04522 -24.1072 -16.062
39.76 12.2841 -28.3462 -16.062
39.78 12.2546 -28.3167 -16.0621
39.8 8.83847 -24.9005 -16.062
39.82 9.11641 -25.1785 -16.0621
39.84 12.1471 -28.2092 -16.0621
39.86 13.0219 -29.084 -16.0621
39.88 13.8549 -29.9169 -16.062
39.9 14.18 -30.242 -16.062
39.92 9.84278 -25.9048 -16.062
39.94 8.13626 -24.1983 -16.062
39.96 10.393 -26.455 -16.062
39.98 11.7425 -27.8045 -16.062
40 12.3616 -28.4237 -16.0621
40.02 13.6802 -29.7423 -16.0621
40.04 12.4493 -28.5114 -16.0621
40.06 10.9008 -26.9628 -16.0621
40.08 10.8266 -26.8887 -16.0621
40.1 9.5494 -25.6114 -16.062
40.12 11.4163 -27.4784 -16.0621
40.14 12.3258 -28.3879 -16.0621
40.16 9.87902 -25.9412 -16.0621
40.18 8.88979 -24.9519 -16.0621
40.2 10.4334 -26.4955 -16.0621
40.22 10.7563 -26.8185 -16.0622
40.24 12.1755 -28.2377 -16.0622
40.26 13.6759 -29.7381 -16.0622
40.28 13.7979 -29.8601 -16.0622
40.3 10.6329 -26.6951 -16.0622
40.32 8.56079 -24.6229 -16.0622
40.34 11.7666 -27.8288 -16.0622
40.36 13.8959 -29.9581 -16.0622
40.38 12.3677 -28.4299 -16.0622
40.4 11.5015 -27.5636 -16.0622
40.42 10.4503 -26.5124 -16.0622
40.44 8.63261 -24.6948 -16.0622
40.46 11.1711 -27.2333 -16.0622
40.48 15.0951 -31.1573 -16.0622
40.5 12.7019 -28.764 -16.0622
40.52 10.1041 -26.1663 -16.0621
40.54 11.5758 -27.638 -16.0622
40.56 12.965 -29.0272 -16.0622
40.58 12.5054 -28.5677 -16.0622
40.6 10.0226 -26.0849 -16.0623
40.62 8.89586 -24.9581 -16.0623
40.64 10.7394 -26.8017 -16.0623
40.66 12.5188 -28.5811 -16.0622
40.68 13.9882 -30.0504 -16.0623
40.7 14.4427 -30.505 -16.0622
40.72 12.2611 -28.3234 -16.0623
40.74 9.91561 -25.9779 -16.0623
40.76 11.2471 -27.3094 -16.0623
40.78 11.8888 -27.951 -16.0623
40.8 11.9099 -27.9722 -16.0623
40.82 13.9963 -30.0586 -16.0623
40.84 12.2747 -28.337 -16.0623
40.86 8.60438 -24.6667 -16.0624
40.88 10.7308 -26.7932 -16.0624
40.9 14.1317 -30.1941 -16.0624
40.92 13.5877 -29.65 -16.0623
40.94 9.86248 -25.9248 -16.0624
40.96 6.25185 -22.3142 -16.0624
40.98 5.19604 -21.2584 -16.0623
41 7.63605 -23.6984 -16.0623
41.02 11.0759 -27.1382 -16.0623
41.04 13.4225 -29.4849 -16.0624
41.06 12.6874 -28.7498 -16.0624
41.08 8.47037 -24.5328 -16.0624
41.1 5.76257 -21.8249 -16.0624
41.12 8.63388 -24.6963 -16.0624
41.14 12.2022 -28.2646 -16.0624
41.16 11.6008 -27.6632 -16.0624
41.18 11.7615 -27.8239 -16.0624
41.2 12.3897 -28.4521 -16.0624
41.22 11.4781 -27.5404 -16.0624
41.24 11.672 -27.7344 -16.0623
41.26 12.0003 -28.0627 -16.0623
41.28 9.64638 -25.7087 -16.0623
41.3 7.261 -23.3233 -16.0623
41.32 8.07913 -24.1414 -16.0623
41.34 11.3178 -27.3801 -16.0623
41.36 14.7608 -30.8232 -16.0624
41.38 15.1627 -31.225 -16.0624
41.4 11.8503 -27.9126 -16.0624
41.42 11.3416 -27.404 -16.0624
41.44 12.9285 -28.9909 -16.0624
41.46 12.6026 -28.665 -16.0624
41.48 14.2427 -30.3051 -16.0624
41.5 15.2376 -31.3 -16.0624
41.52 12.3221 -28.3845 -16.0624
41.54 9.57961 -25.642 -16.0624
41.56 12.263 -28.3254 -16.0624
41.58 14.3126 -30.3749 -16.0623
41.6 12.7586 -28.8209 -16.0623
41.62 11.2688 -27.3311 -16.0623
41.64 9.24646 -25.3088 -16.0623
41.66 7.64139 -23.7036 -16.0623
41.68 10.1427 -26.2049 -16.0622
41.7 12.1559 -28.2181 -16.0622
41.72 12.4219 -28.4842 -16.0622
41.74 10.5769 -26.6391 -16.0622
41.76 10.1461 -26.2083 -16.0622
41.78 14.1565 -30.2187 -16.0622
41.8 14.9149 -30.9772 -16.0622
41.82 10.7857 -26.848 -16.0623
41.84 9.71417 -25.7764 -16.0623
41.86 10.2165 -26.2788 -16.0622
41.88 9.79468 -25.8569 -16.0623
41.9 10.7933 -26.8556 -16.0623
41.92 11.1341 -27.1963 -16.0623
41.94 10.4869 -26.5492 -16.0622
41.96 8.61442 -24.6767 -16.0622
41.98 8.65027 -24.7125 -16.0622
42 12.8269 -28.8891 -16.0622
42.02 14.668 -30.7303 -16.0622
42.04 11.6754 -27.7376 -16.0622
42.06 9.55112 -25.6133 -16.0622
42.08 12.1847 -28.2469 -16.0622
42.1 13.4469 -29.5091 -16.0622
42.12 12.6667 -28.7289 -16.0622
42.14 11.5292 -27.5914 -16.0622
42.16 10.1253 -26.1876 -16.0623
42.18 11.5024 -27.5647 -16.0623
42.2 11.2334 -27.2957 -16.0623
42.22 11.5385 -27.6007 -16.0623
42.24 11.2775 -27.3398 -16.0623
42.26 9.99025 -26.0526 -16.0623
42.28 7.89797 -23.9603 -16.0623
42.3 12.0848 -28.147 -16.0622
42.32 13.1913 -29.2535 -16.0622
42.34 9.52305 -25.5853 -16.0622
42.36 10.4612 -26.5234 -16.0622
42.38 12.5748 -28.637 -16.0622
42.4 11.0033 -27.0655 -16.0622
42.42 11.4382 -27.5004 -16.0622
42.44 11.7734 -27.8357 -16.0623
42.46 11.1298 -27.192 -16.0622
42.48 10.466 -26.5282 -16.0622
42.5 10.3502 -26.4124 -16.0622
42.52 13.3167 -29.3789 -16.0622
42.54 12.4529 -28.515 -16.0622
42.56 9.14714 -25.2093 -16.0622
42.58 10.584 -26.6462 -16.0622
42.6 12.4633 -28.5255 -16.0621
42.62 11.5008 -27.5629 -16.0621
42.64 13.0485 -29.1107 -16.0622
42.66 14.2359 -30.298 -16.0622
42.68 12.6177 -28.6799 -16.0622
42.7 9.98684 -26.049 -16.0622
42.72 9.95005 -26.0122 -16.0622
42.74 11.3765 -27.4387 -16.0622
42.76 13.3192 -29.3814 -16.0622
42.78 12.8584 -28.9207 -16.0622
42.8 12.0874 -28.1496 -16.0622
42.82 10.8489 -26.9111 -16.0622
42.84 9.93813 -26.0003 -16.0622
42.86 10.3863 -26.4485 -16.0622
42.88 10.0277 -26.0898 -16.0622
42.9 11.3634 -27.4256 -16.0622
42.92 13.8817 -29.9438 -16.0621
42.94 13.6967 -29.7588 -16.0621
42.96 11.5919 -27.654 -16.0621
42.98 9.84181 -25.9039 -16.0621
43 9.08926 -25.1514 -16.0621
43.02 9.804 -25.8662 -16.0622
43.04 11.7407 -27.8028 -16.0622
43.06 12.8135 -28.8756 -16.0622
43.08 12.7227 -28.785 -16.0622
43.1 14.6111 -30.6733 -16.0622
43.12 13.7249 -29.7872 -16.0622
43.14 11.087 -27.1492 -16.0622
43.16 9.56463 -25.6268 -16.0622
43.18 9.16672 -25.2289 -16.0622
43.2 9.55678 -25.619 -16.0622
43.22 11.3241 -27.3864 -16.0622
43.24 12.473 -28.5353 -16.0622
43.26 11.5589 -27.6211 -16.0622
43.28 9.80033 -25.8626 -16.0622
43.3 8.9241 -24.9863 -16.0622
43.32 10.8642 -26.9265 -16.0622
43.34 12.1506 -28.2128 -16.0622
43.36 12.6335 -28.6957 -16.0622
43.38 15.279 -31.3412 -16.0623
43.4 14.8854 -30.9476 -16.0622
43.42 11.1238 -27.1859 -16.0621
43.44 10.8145 -26.8766 -16.0621
43.46 12.2566 -28.3187 -16.0621
43.48 11.2323 -27.2944 -16.062
43.5 10.8192 -26.8812 -16.062
43.52 10.1992 -26.2612 -16.062
43.54 8.95537 -25.0174 -16.062
43.56 9.56656 -25.6286 -16.062
43.58 10.0404 -26.1024 -16.062
43.6 8.986 -25.048 -16.062
43.62 9.3423 -25.4043 -16.062
43.64 10.559 -26.621 -16.062
43.66 9.96295 -26.0249 -16.062
43.68 10.1108 -26.1727 -16.062
43.7 13.3364 -29.3984 -16.062
43.72 13.4654 -29.5274 -16.062
43.74 10.5765 -26.6385 -16.062
43.76 10.9029 -26.9649 -16.062
43.78 12.8482 -28.9102 -16.062
43.8 11.6244 -27.6864 -16.062
43.82 10.6047 -26.6667 -16.062
43.84 12.7622 -28.8242 -16.062
43.86 14.0768 -30.1387 -16.0619
43.88 12.2635 -28.3255 -16.062
43.9 12.2471 -28.3091 -16.062
43.92 14.8288 -30.8907 -16.0619
43.94 12.6148 -28.6768 -16.062
43.96 7.3746 -23.4365 -16.0619
43.98 9.68855 -25.7505 -16.0619
44 12.5022 -28.5641 -16.0619
44.02 10.5669 -26.6288 -16.0619
44.04 9.03083 -25.0928 -16.0619
44.06 10.5256 -26.5876 -16.0619
44.08 11.2964 -27.3583 -16.0619
44.1 12.1228 -28.1848 -16.062
44.12 12.4348 -28.4967 -16.0619
44.14 10.3885 -26.4503 -16.0618
44.16 9.75405 -25.8159 -16.0618
44.18 6.55052 -22.6123 -16.0618
44.2 7.70822 -23.7701 -16.0618
44.22 14.0602 -30.122 -16.0618
44.24 14.5399 -30.6017 -16.0618
44.26 10.5781 -26.6399 -16.0618
44.28 10.3845 -26.4463 -16.0618
44.3 11.2964 -27.3583 -16.0618
44.32 8.6608 -24.7226 -16.0618
44.34 9.21996 -25.2818 -16.0618
44.36 12.7885 -28.8503 -16.0618
44.38 11.8624 -27.9242 -16.0618
44.4 7.88886 -23.9506 -16.0618
44.42 9.94706 -26.0089 -16.0618
44.44 13.072 -29.1338 -16.0618
44.46 13.6663 -29.7281 -16.0618
44.48 12.2223 -28.2842 -16.0618
44.5 8.61859 -24.6804 -16.0618
44.52 9.28383 -25.3456 -16.0618
44.54 13.634 -29.6958 -16.0618
44.56 13.0366 -29.0984 -16.0618
44.58 11.5692 -27.6311 -16.0618
44.6 11.7598 -27.8216 -16.0618
44.62 11.8034 -27.8652 -16.0619
44.64 12.3971 -28.459 -16.0619
44.66 12.5645 -28.6263 -16.0619
44.68 12.6254 -28.6873 -16.0619
44.7 10.2293 -26.2912 -16.0619
44.72 9.91041 -25.9723 -16.0619
44.74 10.8003 -26.8622 -16.0619
44.76 10.8869 -26.9488 -16.0619
44.78 10.4702 -26.5321 -16.0619
44.8 8.97812 -25.0401 -16.062
44.82 12.0755 -28.1375 -16.062
44.84 12.8257 -28.8876 -16.062
44.86 10.7537 -26.8156 -16.0619
44.88 11.7453 -27.8072 -16.0619
44.9 8.97258 -25.0345 -16.0619
44.92 10.0183 -26.0802 -16.0619
44.94 14.3223 -30.3842 -16.0619
44.96 15.1826 -31.2445 -16.0619
44.98 10.7856 -26.8475 -16.0619
45 8.69096 -24.7529 -16.0619
45.02 10.6477 -26.7096 -16.0619
45.04 13.6314 -29.6934 -16.062
45.06 12.3106 -28.3725 -16.0619
45.08 7.87857 -23.9404 -16.0619
45.1 10.724 -26.7859 -16.0619
45.12 12.4609 -28.5228 -16.0619
45.14 12.1492 -28.211 -16.0618
45.16 13.0445 -29.1064 -16.0619
45.18 12.0936 -28.1556 -16.0619
45.2 10.1054 -26.1673 -16.0619
45.22 10.8091 -26.8711 -16.0619
45.24 12.5054 -28.5673 -16.0619
45.26 11.0179 -27.0798 -16.0619
45.28 11.119 -27.1809 -16.0619
45.3 12.4368 -28.4987 -16.0619
45.32 13.955 -30.0169 -16.0619
45.34 13.1274 -29.1893 -16.0619
45.36 11.0549 -27.1169 -16.062
45.38 10.2191 -26.2811 -16.062
45.4 10.3692 -26.4312 -16.062
45.42 9.11708 -25.1791 -16.062
45.44 9.3915 -25.4535 -16.062
45.46 11.6734 -27.7353 -16.0619
45.48 10.62 -26.682 -16.062
45.5 9.03515 -25.0971 -16.0619
45.52 12.185 -28.247 -16.062
45.54 14.1719 -30.2339 -16.062
45.56 11.6557 -27.7176 -16.062
45.58 10.0373 -26.0992 -16.062
45.6 11.8781 -27.9401 -16.062
45.62 12.9508 -29.0128 -16.062
45.64 13.1975 -29.2595 -16.062
45.66 13.6083 -29.6703 -16.062
45.68 11.6933 -27.7553 -16.062
45.7 9.48797 -25.55 -16.062
45.72 10.2803 -26.3423 -16.062
45.74 12.2993 -28.3613 -16.062
45.76 13.0147 -29.0767 -16.062
45.78 13.244 -29.306 -16.062
45.8 12.2635 -28.3255 -16.062
45.82 11.5711 -27.6331 -16.062
45.84 11.057 -27.119 -16.062
45.86 9.33085 -25.3929 -16.062
45.88 10.3169 -26.3789 -16.062
45.9 13.3482 -29.4102 -16.062
45.92 12.697 -28.7589 -16.062
45.94 11.5118 -27.5737 -16.062
45.96 10.5229 -26.5848 -16.062
45.98 9.28763 -25.3495 -16.0619
46 9.01433 -25.0762 -16.0619
46.02 9.42697 -25.4888 -16.0619
46.04 9.9236 -25.9855 -16.0619
46.06 9.21117 -25.273 -16.0618
46.08 11.277 -27.3388 -16.0618
46.1 12.9177 -28.9795 -16.0618
46.12 10.7615 -26.8234 -16.0619
46.14 10.5927 -26.6546 -16.0619
46.16 13.8868 -29.9487 -16.0619
46.18 15.2524 -31.3143 -16.0619
46.2 14.7638 -30.8257 -16.0619
46.22 12.2342 -28.2961 -16.0619
46.24 9.95064 -26.0126 -16.0619
46.26 9.42784 -25.4898 -16.0619
46.28 10.2081 -26.27 -16.0619
46.3 11.4613 -27.5232 -16.0619
46.32 11.7419 -27.8039 -16.062
46.34 10.7173 -26.7793 -16.062
46.36 9.08619 -25.1481 -16.0619
46.38 11.0203 -27.0823 -16.0619
46.4 13.4932 -29.5552 -16.0619
46.42 13.1156 -29.1775 -16.0619
46.44 11.8581 -27.92 -16.0619
46.46 10.5245 -26.5865 -16.0619
46.48 9.42229 -25.4842 -16.0619
46.5 9.27919 -25.3411 -16.0619
46.52 13.5142 -29.5761 -16.0619
46.54 15.5341 -31.596 -16.0619
46.56 11.5875 -27.6494 -16.0619
46.58 8.48909 -24.551 -16.0619
46.6 11.7341 -27.7961 -16.0619
46.62 13.3667 -29.4286 -16.0619
46.64 11.984 -28.046 -16.062
46.66 12.4168 -28.4788 -16.062
46.68 12.4246 -28.4866 -16.062
46.7 10.2546 -26.3166 -16.062
46.72 10.9116 -26.9737 -16.062
46.74 13.4345 -29.4965 -16.0621
46.76 12.0399 -28.102 -16.0621
46.78 11.0894 -27.1514 -16.0621
46.8 12.5425 -28.6046 -16.0621
46.82 12.1707 -28.2329 -16.0621
46.84 10.1767 -26.2388 -16.0621
46.86 9.54468 -25.6068 -16.0621
46.88 10.7671 -26.8292 -16.0621
46.9 9.12409 -25.1862 -16.0621
46.92 7.68904 -23.7511 -16.0621
46.94 11.6993 -27.7614 -16.0621
46.96 12.5714 -28.6335 -16.0621
46.98 9.24767 -25.3098 -16.0621
47 13.3841 -29.4462 -16.0621
47.02 14.6342 -30.6963 -16.0621
47.04 8.25926 -24.3213 -16.0621
47.06 7.0126 -23.0747 -16.0621
47.08 11.0629 -27.125 -16.0621
47.1 12.5362 -28.5983 -16.0621
47.12 11.0746 -27.1366 -16.0621
47.14 11.3558 -27.4179 -16.0621
47.16 13.8407 -29.9029 -16.0621
47.18 12.5527 -28.6149 -16.0621
47.2 9.14718 -25.2092 -16.0621
47.22 13.8184 -29.8805 -16.0621
47.24 14.8909 -30.953 -16.0621
47.26 10.6299 -26.692 -16.0621
47.28 9.60584 -25.668 -16.0622
47.3 11.3689 -27.431 -16.0622
47.32 11.8185 -27.8807 -16.0622
47.34 14.0644 -30.1266 -16.0622
47.36 13.6932 -29.7554 -16.0621
47.38 11.7581 -27.8202 -16.0622
47.4 10.6133 -26.6755 -16.0622
47.42 8.66873 -24.7309 -16.0621
47.44 9.50884 -25.571 -16.0621
47.46 11.1525 -27.2146 -16.0621
47.48 9.44438 -25.5065 -16.0621
47.5 7.61165 -23.6738 -16.0621
47.52 11.7323 -27.7945 -16.0622
47.54 10.6925 -26.7546 -16.0622
47.56 9.31597 -25.3781 -16.0622
47.58 14.3561 -30.4183 -16.0622
47.6 14.5339 -30.5961 -16.0622
47.62 10.7819 -26.8441 -16.0622
47.64 12.3857 -28.4479 -16.0622
47.66 12.8398 -28.902 -16.0622
47.68 10.3895 -26.4517 -16.0622
47.7 9.45258 -25.5147 -16.0621
47.72 11.4282 -27.4904 -16.0621
47.74 12.5276 -28.5898 -16.0621
47.76 12.3726 -28.4347 -16.0621
47.78 10.6775 -26.7396 -16.0621
47.8 12.4291 -28.4912 -16.0621
47.82 11.7263 -27.7885 -16.0621
47.84 10.6241 -26.6862 -16.0621
47.86 13.0115 -29.0736 -16.0621
47.88 10.8782 -26.9404 -16.0621
47.9 7.35626 -23.4183 -16.0621
47.92 14.4138 -30.4759 -16.0621
47.94 15.3219 -31.3839 -16.0621
47.96 8.94111 -25.0032 -16.062
47.98 10.1262 -26.1882 -16.0621
48 12.4468 -28.5089 -16.0621
48.02 9.12896 -25.1911 -16.0621
48.04 9.05994 -25.122 -16.0621
48.06 9.90265 -25.9647 -16.0621
48.08 11.5476 -27.6096 -16.0621
48.1 12.9568 -29.0189 -16.0621
48.12 13.8456 -29.9077 -16.0621
48.14 14.5209 -30.583 -16.0621
48.16 12.8027 -28.8648 -16.0621
48.18 10.2952 -26.3573 -16.0621
48.2 13.0195 -29.0816 -16.062
48.22 12.6417 -28.7037 -16.062
48.24 8.88119 -24.9432 -16.062
48.26 9.54293 -25.605 -16.062
48.28 13.0224 -29.0844 -16.0621
48.3 10.2399 -26.3019 -16.062
48.32 7.27271 -23.3347 -16.062
48.34 13.0456 -29.1076 -16.062
48.36 14.3612 -30.4233 -16.0621
48.38 9.11009 -25.1722 -16.0621
48.4 9.76663 -25.8288 -16.0621
48.42 10.6519 -26.7141 -16.0621
48.44 5.95284 -22.0149 -16.0621
48.46 7.73498 -23.7971 -16.0621
48.48 14.3839 -30.446 -16.0621
48.5 13.6222 -29.6843 -16.0621
48.52 8.40424 -24.4663 -16.0621
48.54 11.8222 -27.8844 -16.0621
48.56 13.7808 -29.8429 -16.0621
48.58 10.686 -26.7481 -16.0621
48.6 10.2133 -26.2754 -16.0621
48.62 11.4652 -27.5273 -16.0621
48.64 11.9545 -28.0166 -16.0621
48.66 11.5118 -27.5739 -16.0621
48.68 12.5581 -28.6202 -16.0621
48.7 12.6718 -28.7339 -16.0621
48.72 11.1831 -27.2451 -16.062
48.74 9.95975 -26.0218 -16.062
48.76 10.8816 -26.9437 -16.062
48.78 11.5528 -27.6148 -16.062
48.8 9.56249 -25.6245 -16.062
48.82 8.90042 -24.9624 -16.062
48.84 11.105 -27.167 -16.062
48.86 11.8734 -27.9354 -16.062
48.88 11.7132 -27.7752 -16.062
48.9 12.4397 -28.5016 -16.062
48.92 11.1048 -27.1668 -16.062
48.94 9.95908 -26.021 -16.0619
48.96 9.45359 -25.5155 -16.0619
48.98 11.9433 -28.0052 -16.062
49 15.73 -31.792 -16.062
49.02 14.7391 -30.8011 -16.062
49.04 10.2154 -26.2774 -16.062
49.06 10.003 -26.0649 -16.0619
49.08 10.68 -26.742 -16.062
49.1 8.40504 -24.467 -16.0619
49.12 8.89904 -24.9609 -16.0619
49.14 11.8667 -27.9286 -16.0619
49.16 12.524 -28.5859 -16.0619
49.18 12.6791 -28.741 -16.0619
49.2 14.8657 -30.9276 -16.0619
49.22 15.1543 -31.2162 -16.0619
49.24 11.1804 -27.2423 -16.0619
49.26 9.87446 -25.9363 -16.0619
49.28 12.543 -28.6048 -16.0618
49.3 12.4465 -28.5083 -16.0618
49.32 11.344 -27.4059 -16.0619
49.34 10.3725 -26.4344 -16.0619
49.36 9.39695 -25.4588 -16.0619
49.38 9.70677 -25.7686 -16.0619
49.4 10.505 -26.5669 -16.0619
49.42 10.9156 -26.9775 -16.0619
49.44 11.0635 -27.1255 -16.0619
49.46 11.0936 -27.1555 -16.0619
49.48 11.2531 -27.315 -16.0619
49.5 12.3312 -28.393 -16.0619
49.52 12.3043 -28.3661 -16.0619
49.54 10.4993 -26.5611 -16.0618
49.56 10.5273 -26.5891 -16.0618
49.58 10.3801 -26.4419 -16.0618
49.6 10.27 -26.3319 -16.0618
49.62 12.2302 -28.2921 -16.0619
49.64 14.0864 -30.1484 -16.0619
49.66 12.8363 -28.8983 -16.062
49.68 11.0605 -27.1225 -16.062
49.7 11.491 -27.5531 -16.062
49.72 11.2156 -27.2776 -16.062
49.74 11.0345 -27.0965 -16.062
49.76 11.8591 -27.9211 -16.062
49.78 10.6186 -26.6806 -16.062
49.8 8.5121 -24.5741 -16.062
49.82 9.02141 -25.0834 -16.062
49.84 11.9836 -28.0456 -16.0619
49.86 12.6988 -28.7607 -16.0619
49.88 10.0282 -26.0902 -16.0619
49.9 7.79384 -23.8558 -16.0619
49.92 8.69864 -24.7606 -16.0619
49.94 12.0471 -28.1091 -16.0619
49.96 12.8096 -28.8715 -16.0619
49.98 10.8378 -26.8997 -16.0619
