1.5
1, 0.985617, 0.000180854, -124.844, 0.0100165, 0.696448, 9.34181
2, 0.986493, 3.09585e-05, -124.872, 0.00655974, 0.298697, 6.17753
3, 0.986486, 3.12709e-05, -124.868, 0.00662519, 0.304687, 6.23918
4, 0.98652, 3.09555e-05, -124.875, 0.00654068, 0.296963, 6.16004
5, 0.986432, 3.11173e-05, -124.857, 0.00658469, 0.300973, 6.20051
6, 0.98656, 3.0686e-05, -124.884, 0.00647666, 0.291178, 6.10009
7, 0.986506, 3.04185e-05, -124.871, 0.00645208, 0.288972, 6.07653
8, 0.986505, 3.11776e-05, -124.874, 0.00660031, 0.302402, 6.21605
9, 0.986447, 3.03157e-05, -124.861, 0.00642891, 0.286901, 6.05392
10, 0.98647, 3.07308e-05, -124.862, 0.006554, 0.298173, 6.17193
11, 0.986537, 3.07414e-05, -124.878, 0.00650147, 0.293414, 6.12314
12, 0.986487, 3.06042e-05, -124.869, 0.00647516, 0.291044, 6.09802
13, 0.986471, 3.12541e-05, -124.867, 0.0065225, 0.295315, 6.14224
14, 0.986528, 3.09391e-05, -124.879, 0.00652486, 0.295529, 6.14535
15, 0.986486, 3.10177e-05, -124.872, 0.0065391, 0.29682, 6.15829
16, 0.986451, 3.04312e-05, -124.863, 0.00644484, 0.288324, 6.06905
17, 0.986468, 3.04985e-05, -124.865, 0.0064753, 0.291056, 6.09797
18, 0.98652, 3.06706e-05, -124.876, 0.00649604, 0.292923, 6.11784
19, 0.986463, 3.10995e-05, -124.864, 0.0065136, 0.294509, 6.13392
20, 0.986517, 3.06901e-05, -124.872, 0.00652527, 0.295566, 6.1453
21, 0.986494, 3.15596e-05, -124.869, 0.00666215, 0.308096, 6.27395
22, 0.986551, 3.09801e-05, -124.88, 0.00656521, 0.299195, 6.18327
23, 0.986554, 3.08052e-05, -124.881, 0.0065546, 0.298228, 6.17346
24, 0.986491, 3.09792e-05, -124.872, 0.00652778, 0.295793, 6.14777
25, 0.986468, 3.11873e-05, -124.866, 0.00658592, 0.301085, 6.20207
26, 0.986497, 3.07903e-05, -124.869, 0.00650855, 0.294052, 6.12921
27, 0.986498, 3.07261e-05, -124.871, 0.0064731, 0.290858, 6.09627
28, 0.98649, 3.04258e-05, -124.868, 0.00644024, 0.287913, 6.06512
29, 0.986498, 3.09359e-05, -124.87, 0.00653587, 0.296526, 6.15513
30, 0.986493, 3.10743e-05, -124.87, 0.00653744, 0.296669, 6.15656
31, 0.98648, 3.08348e-05, -124.868, 0.00650972, 0.294158, 6.13037
32, 0.986498, 3.09793e-05, -124.87, 0.00657701, 0.300271, 6.19394
33, 0.986529, 3.06774e-05, -124.875, 0.00648743, 0.292147, 6.10977
34, 0.986477, 3.06474e-05, -124.866, 0.00650808, 0.29401, 6.12868
35, 0.986482, 3.06138e-05, -124.869, 0.00645881, 0.289575, 6.08259
36, 0.986556, 3.04534e-05, -124.883, 0.0064591, 0.289602, 6.08352
37, 0.986479, 3.09611e-05, -124.868, 0.00654761, 0.297592, 6.16596
38, 0.986494, 3.06369e-05, -124.869, 0.00645335, 0.289086, 6.07755
39, 0.986477, 3.05375e-05, -124.865, 0.00646976, 0.290558, 6.09278
40, 0.986466, 3.07969e-05, -124.865, 0.00650407, 0.293648, 6.12503
41, 0.986474, 3.10183e-05, -124.866, 0.00654976, 0.297789, 6.16801
42, 0.986519, 3.10057e-05, -124.876, 0.00653079, 0.296066, 6.15049
43, 0.986446, 3.10589e-05, -124.862, 0.00655713, 0.298459, 6.17486
44, 0.986505, 3.09659e-05, -124.873, 0.00655403, 0.298176, 6.17229
45, 0.986552, 3.06385e-05, -124.88, 0.00649381, 0.292722, 6.11588
46, 0.986536, 3.08353e-05, -124.876, 0.00655398, 0.298172, 6.17282
47, 0.986478, 3.08224e-05, -124.868, 0.00650876, 0.294071, 6.12954
48, 0.986517, 3.072e-05, -124.873, 0.00653946, 0.296852, 6.15853
49, 0.986482, 3.02802e-05, -124.869, 0.00642395, 0.286458, 6.04977
50, 0.986483, 3.0583e-05, -124.867, 0.00648609, 0.292027, 6.10807
51, 0.986471, 3.10526e-05, -124.867, 0.00654284, 0.297159, 6.16163
52, 0.98647, 3.10947e-05, -124.867, 0.00653567, 0.296508, 6.15482
53, 0.986491, 3.09061e-05, -124.872, 0.0065269, 0.295713, 6.14664
54, 0.986494, 3.0659e-05, -124.87, 0.00651917, 0.295013, 6.13931
55, 0.986489, 3.05922e-05, -124.869, 0.00647489, 0.291019, 6.09776
56, 0.986554, 3.09418e-05, -124.882, 0.00658486, 0.300988, 6.20183
57, 0.986482, 3.09763e-05, -124.869, 0.00655387, 0.298162, 6.17218
58, 0.986508, 3.06353e-05, -124.874, 0.00645234, 0.288996, 6.07668
59, 0.98656, 3.0701e-05, -124.881, 0.00654304, 0.297177, 6.16258
60, 0.986529, 3.05993e-05, -124.877, 0.00647793, 0.291293, 6.10095
61, 0.986512, 3.04239e-05, -124.876, 0.00640816, 0.285052, 6.0353
62, 0.986478, 3.10311e-05, -124.866, 0.00656818, 0.299465, 6.18531
63, 0.986548, 3.034e-05, -124.882, 0.00641351, 0.285527, 6.04054
64, 0.986502, 3.05845e-05, -124.871, 0.00646244, 0.289901, 6.08621
65, 0.98647, 3.09822e-05, -124.866, 0.00653289, 0.296256, 6.15219
66, 0.986466, 3.07829e-05, -124.867, 0.00652711, 0.295733, 6.14669
67, 0.986464, 3.07692e-05, -124.865, 0.00654213, 0.297095, 6.16101
68, 0.986494, 3.12172e-05, -124.871, 0.00658295, 0.300814, 6.19963
69, 0.986465, 3.09552e-05, -124.863, 0.0065475, 0.297582, 6.16585
70, 0.986502, 3.09181e-05, -124.873, 0.00651439, 0.294581, 6.13522
71, 0.986506, 3.0744e-05, -124.873, 0.00649789, 0.29309, 6.11983
72, 0.986487, 3.09335e-05, -124.869, 0.00657417, 0.300012, 6.19131
73, 0.986498, 3.10367e-05, -124.873, 0.00657086, 0.29971, 6.18827
74, 0.986529, 3.06233e-05, -124.878, 0.00650965, 0.294152, 6.13105
75, 0.986501, 3.09214e-05, -124.87, 0.00653713, 0.296641, 6.15637
76, 0.986471, 3.04309e-05, -124.865, 0.00645974, 0.289659, 6.08317
77, 0.986533, 3.02323e-05, -124.88, 0.0063944, 0.283828, 6.02249
78, 0.98649, 3.11168e-05, -124.868, 0.0065998, 0.302356, 6.2154
79, 0.986513, 3.06665e-05, -124.873, 0.00654538, 0.29739, 6.16429
80, 0.986483, 3.07815e-05, -124.866, 0.00651308, 0.294462, 6.13358
81, 0.986502, 3.06721e-05, -124.871, 0.00651139, 0.294309, 6.13236
82, 0.986472, 3.15766e-05, -124.866, 0.00663557, 0.305642, 6.24888
83, 0.986483, 3.09612e-05, -124.869, 0.00651173, 0.29434, 6.13248
84, 0.986496, 3.12095e-05, -124.87, 0.00659353, 0.301781, 6.20933
85, 0.986497, 3.05034e-05, -124.872, 0.00646235, 0.289893, 6.08613
86, 0.986543, 3.09419e-05, -124.881, 0.00654909, 0.297727, 6.16806
87, 0.98652, 3.04295e-05, -124.875, 0.00645954, 0.28964, 6.08367
88, 0.986508, 3.1352e-05, -124.873, 0.00665349, 0.307295, 6.26627
89, 0.986465, 3.04417e-05, -124.864, 0.00644592, 0.288421, 6.07036
90, 0.986505, 3.08252e-05, -124.874, 0.00654379, 0.297246, 6.16292
91, 0.986472, 3.11194e-05, -124.867, 0.00659344, 0.301773, 6.20948
92, 0.986435, 3.12849e-05, -124.859, 0.00658642, 0.301131, 6.20226
93, 0.986508, 3.07306e-05, -124.872, 0.00653331, 0.296294, 6.15307
94, 0.986504, 3.05014e-05, -124.873, 0.00644599, 0.288427, 6.07084
95, 0.986518, 3.08211e-05, -124.874, 0.00652727, 0.295746, 6.14747
96, 0.986493, 3.08733e-05, -124.87, 0.00652184, 0.295254, 6.14197
97, 0.986533, 3.13762e-05, -124.88, 0.00662383, 0.304562, 6.23856
98, 0.986492, 3.05718e-05, -124.869, 0.00648394, 0.291833, 6.10621
99, 0.986468, 3.12396e-05, -124.866, 0.00655675, 0.298424, 6.17472
100, 0.986511, 3.06302e-05, -124.874, 0.00652459, 0.295504, 6.145

1.72222
1, 0.967542, 5.63945e-05, -120.992, 0.0102822, 0.639186, 8.17145
2, 0.967571, 5.44679e-05, -120.992, 0.00995619, 0.599301, 7.91313
3, 0.967477, 5.54614e-05, -120.982, 0.0100664, 0.612645, 7.99934
4, 0.967444, 5.60475e-05, -120.975, 0.0102382, 0.633727, 8.13554
5, 0.967527, 5.57417e-05, -120.988, 0.010154, 0.623356, 8.06969
6, 0.967517, 5.60018e-05, -120.981, 0.0102477, 0.634915, 8.14387
7, 0.967459, 5.57931e-05, -120.975, 0.0100723, 0.613362, 8.00395
8, 0.967471, 5.66792e-05, -120.97, 0.0104107, 0.655267, 8.27221
9, 0.967515, 5.49306e-05, -120.984, 0.0100398, 0.609405, 7.97881
10, 0.967569, 5.66733e-05, -120.996, 0.010251, 0.635324, 8.1477
11, 0.967491, 5.54952e-05, -120.983, 0.0101199, 0.619177, 8.04248
12, 0.967455, 5.57932e-05, -120.972, 0.0101491, 0.622749, 8.06527
13, 0.967597, 5.66112e-05, -120.998, 0.010197, 0.628639, 8.10433
14, 0.967457, 5.54208e-05, -120.979, 0.01011, 0.617961, 8.03422
15, 0.967473, 5.69118e-05, -120.98, 0.0103396, 0.646345, 8.21664
16, 0.967535, 5.59532e-05, -120.986, 0.0101487, 0.622695, 8.06541
17, 0.967526, 5.43633e-05, -120.986, 0.00992182, 0.595171, 7.88503
18, 0.967521, 5.59802e-05, -120.988, 0.0103155, 0.643344, 8.19797
19, 0.967549, 5.53146e-05, -120.987, 0.0101207, 0.619266, 8.04312
20, 0.967478, 5.46905e-05, -120.982, 0.0099544, 0.599085, 7.91101
21, 0.96743, 5.62295e-05, -120.971, 0.0102972, 0.641063, 8.18277
22, 0.967521, 5.50304e-05, -120.988, 0.0100468, 0.610253, 7.98472
23, 0.96746, 5.5035e-05, -120.975, 0.0100842, 0.614816, 8.01349
24, 0.967419, 5.50019e-05, -120.963, 0.0100633, 0.612263, 7.99613
25, 0.967545, 5.54463e-05, -120.991, 0.0101103, 0.617992, 8.03528
26, 0.967426, 5.58108e-05, -120.97, 0.010148, 0.62261, 8.06375
27, 0.967365, 5.53716e-05, -120.962, 0.0100235, 0.607428, 7.96409
28, 0.967586, 5.5088e-05, -120.997, 0.0100946, 0.616079, 8.0229
29, 0.967586, 5.52996e-05, -121.001, 0.010115, 0.618574, 8.03949
30, 0.967558, 5.53484e-05, -120.991, 0.0100931, 0.615893, 8.02155
31, 0.967536, 5.61101e-05, -120.986, 0.010166, 0.624831, 8.07922
32, 0.967519, 5.59064e-05, -120.987, 0.0102239, 0.631963, 8.12492
33, 0.967548, 5.51767e-05, -120.985, 0.0100629, 0.612211, 7.99702
34, 0.967457, 5.53678e-05, -120.979, 0.0100331, 0.608596, 7.97305
35, 0.967485, 5.56807e-05, -120.974, 0.0101097, 0.617921, 8.03285
36, 0.96752, 5.58421e-05, -120.982, 0.0101374, 0.62132, 8.05603
37, 0.967463, 5.63061e-05, -120.969, 0.010294, 0.640665, 8.17947
38, 0.96752, 5.58103e-05, -120.983, 0.0101712, 0.62546, 8.0828
39, 0.967488, 5.65108e-05, -120.982, 0.0103015, 0.64159, 8.18607
40, 0.967479, 5.52801e-05, -120.978, 0.0100515, 0.610828, 7.98798
41, 0.967576, 5.49259e-05, -120.993, 0.0100534, 0.611066, 7.99023
42, 0.967396, 5.61779e-05, -120.973, 0.0102002, 0.629032, 8.10549
43, 0.967444, 5.67352e-05, -120.979, 0.010254, 0.635692, 8.14896
44, 0.967533, 5.53838e-05, -120.981, 0.0101869, 0.6274, 8.09563
45, 0.967372, 5.62822e-05, -120.963, 0.0101713, 0.625483, 8.08192
46, 0.967439, 5.59743e-05, -120.976, 0.0101453, 0.622286, 8.0617
47, 0.96756, 5.47908e-05, -120.993, 0.00997155, 0.601151, 7.92522
48, 0.96758, 5.42644e-05, -120.995, 0.00991212, 0.594007, 7.87816
49, 0.967471, 5.34069e-05, -120.977, 0.00986771, 0.588697, 7.8415
50, 0.96755, 5.48782e-05, -120.992, 0.0100179, 0.606759, 7.96187
51, 0.967538, 5.53237e-05, -120.986, 0.0101429, 0.621985, 8.06057
52, 0.967531, 5.56541e-05, -120.992, 0.0100356, 0.608893, 7.97571
53, 0.967468, 5.5999e-05, -120.978, 0.0102161, 0.630998, 8.11823
54, 0.967526, 5.5446e-05, -120.988, 0.010111, 0.618081, 8.0356
55, 0.967422, 5.48279e-05, -120.97, 0.0099728, 0.601302, 7.92451
56, 0.967517, 5.5308e-05, -120.991, 0.0100298, 0.608191, 7.97122
57, 0.967532, 5.55213e-05, -120.986, 0.0100888, 0.615374, 8.01782
58, 0.967454, 5.58301e-05, -120.976, 0.0101669, 0.624932, 8.07955
59, 0.967555, 5.54085e-05, -120.992, 0.0100879, 0.615256, 8.01763
60, 0.967498, 5.55156e-05, -120.984, 0.0100654, 0.612523, 7.99938
61, 0.967457, 5.63056e-05, -120.977, 0.010216, 0.630987, 8.11801
62, 0.967513, 5.55441e-05, -120.987, 0.0102217, 0.631695, 8.1235
63, 0.967409, 5.63645e-05, -120.972, 0.0102584, 0.636234, 8.15128
64, 0.967479, 5.53579e-05, -120.985, 0.0100308, 0.608322, 7.97161
65, 0.967549, 5.6782e-05, -120.987, 0.010254, 0.635684, 8.14921
66, 0.967645, 5.60556e-05, -121.009, 0.0101441, 0.622133, 8.06319
67, 0.967482, 5.49243e-05, -120.975, 0.0100509, 0.61076, 7.9868
68, 0.967452, 5.55902e-05, -120.97, 0.0101153, 0.618609, 8.03778
69, 0.967477, 5.50194e-05, -120.974, 0.0100516, 0.610838, 7.98744
70, 0.967473, 5.73677e-05, -120.981, 0.0103445, 0.646963, 8.22023
71, 0.967464, 5.52436e-05, -120.98, 0.0100691, 0.612965, 8.00145
72, 0.967477, 5.61887e-05, -120.976, 0.0101974, 0.628695, 8.1039
73, 0.967358, 5.59838e-05, -120.953, 0.010205, 0.629627, 8.10796
74, 0.967543, 5.53254e-05, -120.989, 0.0101115, 0.618138, 8.03602
75, 0.967521, 5.54148e-05, -120.984, 0.0101181, 0.618948, 8.04089
76, 0.96743, 5.59035e-05, -120.972, 0.0101027, 0.617073, 8.02768
77, 0.967523, 5.49904e-05, -120.982, 0.0100328, 0.608554, 7.97315
78, 0.967594, 5.562e-05, -121.003, 0.0101128, 0.6183, 8.038
79, 0.967499, 5.59894e-05, -120.984, 0.0102403, 0.633988, 8.13777
80, 0.967422, 5.61453e-05, -120.972, 0.0100897, 0.615484, 8.01723
81, 0.967455, 5.50535e-05, -120.976, 0.0100409, 0.609544, 7.97907
82, 0.967454, 5.66052e-05, -120.98, 0.0102308, 0.632812, 8.13047
83, 0.967479, 5.60825e-05, -120.977, 0.0100879, 0.615263, 8.01666
84, 0.967536, 5.56277e-05, -120.979, 0.0101179, 0.618932, 8.04036
85, 0.967508, 5.6112e-05, -120.988, 0.0102392, 0.633856, 8.13745
86, 0.967513, 5.58152e-05, -120.99, 0.0101382, 0.621414, 8.05771
87, 0.967556, 5.52468e-05, -120.989, 0.0101212, 0.619326, 8.04362
88, 0.967524, 5.61997e-05, -120.99, 0.0102164, 0.631042, 8.11929
89, 0.967588, 5.5839e-05, -120.991, 0.0101229, 0.619543, 8.04566
90, 0.967522, 5.68863e-05, -120.983, 0.0103555, 0.648342, 8.22915
91, 0.967482, 5.53327e-05, -120.98, 0.0100065, 0.605369, 7.95149
92, 0.9676, 5.48344e-05, -120.998, 0.0100588, 0.611712, 7.99444
93, 0.967518, 5.61809e-05, -120.983, 0.0102785, 0.638732, 8.16817
94, 0.967497, 5.51505e-05, -120.981, 0.0100943, 0.616045, 8.02226
95, 0.967572, 5.47803e-05, -120.992, 0.00998883, 0.603237, 7.93913
96, 0.967445, 5.50303e-05, -120.971, 0.0100011, 0.604715, 7.94716
97, 0.967532, 5.57103e-05, -120.985, 0.0101744, 0.625863, 8.08546
98, 0.967516, 5.57457e-05, -120.984, 0.0102053, 0.62967, 8.1104
99, 0.967458, 5.64098e-05, -120.974, 0.0102148, 0.630841, 8.11706
100, 0.967432, 5.64049e-05, -120.968, 0.0101951, 0.628408, 8.10118

1.94444
1, 0.927928, 0.000109699, -114.137, 0.0151753, 1.23318, 10.0767
2, 0.927359, 0.00010942, -114.079, 0.0150983, 1.2207, 10.0209
3, 0.927835, 0.000106989, -114.135, 0.0149241, 1.19269, 9.91001
4, 0.927522, 0.000115259, -114.118, 0.0154616, 1.28015, 10.2651
5, 0.927603, 0.000111084, -114.114, 0.0151581, 1.23039, 10.0632
6, 0.927603, 0.000107955, -114.114, 0.0148985, 1.18861, 9.89144
7, 0.927631, 0.000111081, -114.122, 0.0150957, 1.22029, 10.0227
8, 0.92762, 0.000109313, -114.109, 0.0150074, 1.20605, 9.96333
9, 0.927553, 0.000113195, -114.097, 0.0154575, 1.27948, 10.2601
10, 0.927619, 0.000107429, -114.104, 0.015027, 1.2092, 9.97528
11, 0.927544, 0.000108414, -114.099, 0.0149684, 1.19978, 9.93666
12, 0.927582, 0.000106223, -114.113, 0.0147328, 1.16232, 9.78177
13, 0.927628, 0.000108856, -114.117, 0.0152318, 1.24238, 10.1125
14, 0.927494, 0.00011075, -114.113, 0.0148761, 1.18504, 9.87665
15, 0.927691, 0.000106086, -114.121, 0.0149224, 1.19242, 9.90771
16, 0.927273, 0.000107219, -114.07, 0.0148305, 1.17778, 9.84268
17, 0.927457, 0.000108303, -114.099, 0.0150276, 1.20929, 9.97598
18, 0.927548, 0.000109245, -114.106, 0.0150549, 1.21368, 9.99436
19, 0.92748, 0.00011073, -114.101, 0.0152915, 1.25214, 10.1509
20, 0.927922, 0.000108665, -114.14, 0.0149764, 1.20107, 9.94482
21, 0.927686, 0.000107345, -114.118, 0.015044, 1.21194, 9.98851
22, 0.927237, 0.000111473, -114.079, 0.0151679, 1.23198, 10.0674
23, 0.927547, 0.000114171, -114.115, 0.0152256, 1.24137, 10.108
24, 0.927759, 0.000107596, -114.12, 0.0149362, 1.19463, 9.91727
25, 0.927741, 0.000107217, -114.128, 0.014914, 1.19108, 9.90261
26, 0.927445, 0.000110304, -114.093, 0.0151513, 1.22928, 10.0571
27, 0.927728, 0.000103832, -114.119, 0.0145274, 1.13013, 9.64494
28, 0.927754, 0.000109054, -114.123, 0.0150506, 1.21301, 9.99201
29, 0.928048, 0.000110717, -114.154, 0.0153533, 1.26229, 10.196
30, 0.927657, 0.00011054, -114.126, 0.0148716, 1.18431, 9.87352
31, 0.927918, 0.000107618, -114.14, 0.0150372, 1.21084, 9.98515
32, 0.927757, 0.000108821, -114.121, 0.0151123, 1.22297, 10.0337
33, 0.927868, 0.000104718, -114.127, 0.0149481, 1.19653, 9.92517
34, 0.928127, 0.000105855, -114.158, 0.0150524, 1.21328, 9.99798
35, 0.92778, 0.000108559, -114.116, 0.0154013, 1.27018, 10.2259
36, 0.927419, 0.000108992, -114.088, 0.0149992, 1.20473, 9.95528
37, 0.927617, 0.000109403, -114.118, 0.0150518, 1.2132, 9.99184
38, 0.927721, 0.000109568, -114.126, 0.0150829, 1.2182, 10.0146
39, 0.927671, 0.000107003, -114.124, 0.0147606, 1.16671, 9.80142
40, 0.927394, 0.000108736, -114.089, 0.0150243, 1.20877, 9.97369
41, 0.927569, 0.000107707, -114.102, 0.0148538, 1.18149, 9.86061
42, 0.927831, 0.000111013, -114.126, 0.0153071, 1.25469, 10.1624
43, 0.927613, 0.00010956, -114.108, 0.0152268, 1.24156, 10.1086
44, 0.927675, 0.000108899, -114.108, 0.0151216, 1.22447, 10.0383
45, 0.927498, 0.000110489, -114.096, 0.0151417, 1.22772, 10.0513
46, 0.927618, 0.000108667, -114.114, 0.0151504, 1.22913, 10.058
47, 0.927584, 0.000108111, -114.109, 0.0150699, 1.21611, 10.0047
48, 0.927465, 0.000111257, -114.099, 0.0150843, 1.21844, 10.0137
49, 0.927348, 0.000106948, -114.085, 0.0148743, 1.18474, 9.87232
50, 0.927771, 0.000108749, -114.132, 0.0151808, 1.23407, 10.0799
51, 0.927685, 0.000109781, -114.115, 0.0154149, 1.27243, 10.2344
52, 0.927844, 0.000108864, -114.13, 0.0153035, 1.2541, 10.1628
53, 0.927277, 0.000112582, -114.073, 0.0153806, 1.26677, 10.208
54, 0.928127, 0.000107377, -114.158, 0.0149967, 1.20433, 9.96072
55, 0.927714, 0.000109594, -114.128, 0.0153107, 1.25528, 10.1651
56, 0.928005, 0.000107488, -114.144, 0.0150052, 1.20569, 9.96408
57, 0.927604, 0.000109658, -114.112, 0.0151107, 1.2227, 10.0327
58, 0.927683, 0.000108328, -114.109, 0.0149268, 1.19313, 9.90954
59, 0.927254, 0.000108645, -114.069, 0.0150176, 1.20768, 9.96643
60, 0.927668, 0.000106331, -114.115, 0.0148598, 1.18244, 9.86507
61, 0.92781, 0.000107656, -114.116, 0.0149744, 1.20074, 9.94174
62, 0.927617, 0.00010914, -114.092, 0.0153542, 1.26244, 10.1914
63, 0.927728, 0.000108803, -114.125, 0.0150716, 1.21639, 10.0078
64, 0.927591, 0.000108827, -114.117, 0.014927, 1.19315, 9.90984
65, 0.927492, 0.000109061, -114.095, 0.0151466, 1.22852, 10.0533
66, 0.927717, 0.000105515, -114.115, 0.0148602, 1.1825, 9.86575
67, 0.927535, 0.00011, -114.103, 0.015237, 1.24323, 10.1138
68, 0.927777, 0.000110482, -114.118, 0.0153197, 1.25676, 10.1704
69, 0.927957, 0.000106339, -114.132, 0.0149302, 1.19367, 9.91462
70, 0.927368, 0.000108791, -114.083, 0.014911, 1.1906, 9.8961
71, 0.927527, 0.000110985, -114.097, 0.0152403, 1.24377, 10.1161
72, 0.927658, 0.000107173, -114.113, 0.0149084, 1.19018, 9.89768
73, 0.927675, 0.000110609, -114.11, 0.0153023, 1.25392, 10.1586
74, 0.927437, 0.000110814, -114.105, 0.0149821, 1.20198, 9.94566
75, 0.927541, 0.000108048, -114.102, 0.0151548, 1.22985, 10.0602
76, 0.927519, 0.000112751, -114.091, 0.0154163, 1.27265, 10.2329
77, 0.927772, 0.000107774, -114.118, 0.014943, 1.19572, 9.92148
78, 0.927852, 0.000109632, -114.129, 0.0152258, 1.2414, 10.1083
79, 0.927521, 0.00011039, -114.093, 0.0152954, 1.25278, 10.153
80, 0.927663, 0.000106916, -114.116, 0.0151097, 1.22255, 10.032
81, 0.927874, 0.000105561, -114.136, 0.0148275, 1.17731, 9.84568
82, 0.927874, 0.000109027, -114.137, 0.014916, 1.19139, 9.90524
83, 0.927575, 0.000113999, -114.1, 0.0155834, 1.3004, 10.3434
84, 0.927483, 0.000111077, -114.101, 0.0152528, 1.24581, 10.1242
85, 0.92758, 0.000111647, -114.092, 0.0153369, 1.25959, 10.1799
86, 0.92788, 0.000107465, -114.131, 0.0149931, 1.20374, 9.95473
87, 0.927523, 0.00011606, -114.112, 0.0153657, 1.26433, 10.2017
88, 0.927588, 0.000108872, -114.102, 0.0150782, 1.21745, 10.0102
89, 0.927636, 0.000112271, -114.118, 0.0153641, 1.26405, 10.2006
90, 0.927648, 0.000109519, -114.112, 0.0152846, 1.25101, 10.1487
91, 0.92785, 0.00010818, -114.139, 0.0152544, 1.24607, 10.13
92, 0.927526, 0.000107745, -114.093, 0.0149924, 1.20363, 9.95115
93, 0.927311, 0.000108482, -114.083, 0.0150146, 1.2072, 9.96568
94, 0.927775, 0.00010656, -114.115, 0.0151569, 1.23019, 10.0625
95, 0.927718, 0.000110966, -114.128, 0.015342, 1.26042, 10.1866
96, 0.927546, 0.000110186, -114.088, 0.0153253, 1.25769, 10.1722
97, 0.927638, 0.000109702, -114.103, 0.0152943, 1.2526, 10.1538
98, 0.927553, 0.000107968, -114.105, 0.0149122, 1.1908, 9.89995
99, 0.927701, 0.000110668, -114.123, 0.0152915, 1.25214, 10.1525
100, 0.927752, 0.000110138, -114.115, 0.0153512, 1.26194, 10.1916

2.16667
1, 0.822434, 0.000339319, -101.775, 0.0238495, 2.73346, 12.6714
2, 0.818958, 0.000368709, -101.66, 0.0244427, 2.87114, 12.9728
3, 0.820337, 0.000350731, -101.757, 0.0228655, 2.51257, 12.1488
4, 0.822934, 0.000314903, -101.82, 0.0230641, 2.55641, 12.2612
5, 0.8182, 0.000381903, -101.663, 0.0235182, 2.65805, 12.4828
6, 0.824218, 0.000290538, -101.829, 0.0224955, 2.4319, 11.9596
7, 0.822792, 0.000315682, -101.816, 0.0233293, 2.61553, 12.4023
8, 0.818708, 0.000374379, -101.708, 0.0236639, 2.69109, 12.5629
9, 0.822334, 0.000352364, -101.821, 0.0236229, 2.68176, 12.5508
10, 0.82181, 0.000359151, -101.75, 0.0246703, 2.92487, 13.1002
11, 0.82193, 0.000385548, -101.801, 0.0237925, 2.72043, 12.6398
12, 0.819738, 0.000365057, -101.714, 0.0238074, 2.72383, 12.6413
13, 0.822151, 0.000344698, -101.775, 0.0232738, 2.60309, 12.3638
14, 0.818739, 0.000369, -101.736, 0.0232582, 2.5996, 12.3544
15, 0.821734, 0.000312644, -101.749, 0.022696, 2.47546, 12.0579
16, 0.82117, 0.000367409, -101.748, 0.0236844, 2.69575, 12.583
17, 0.820041, 0.000385183, -101.771, 0.0230875, 2.56159, 12.265
18, 0.819701, 0.000348393, -101.67, 0.0237308, 2.70634, 12.5945
19, 0.822593, 0.000317146, -101.772, 0.0225626, 2.44643, 11.9872
20, 0.823577, 0.000318793, -101.832, 0.0227292, 2.4827, 12.084
21, 0.822759, 0.000351526, -101.833, 0.0236504, 2.68803, 12.5734
22, 0.820163, 0.000350065, -101.693, 0.0233833, 2.62765, 12.4122
23, 0.824421, 0.000328458, -101.913, 0.0231835, 2.58293, 12.3368
24, 0.817404, 0.000352211, -101.569, 0.0229648, 2.53444, 12.1791
25, 0.822345, 0.000313106, -101.801, 0.0230824, 2.56046, 12.267
26, 0.819587, 0.000371957, -101.725, 0.0232058, 2.5879, 12.3214
27, 0.819704, 0.000339934, -101.666, 0.0235797, 2.67198, 12.5156
28, 0.822088, 0.000338172, -101.765, 0.0234696, 2.64709, 12.4665
29, 0.821329, 0.000364914, -101.785, 0.0238983, 2.74466, 12.698
30, 0.823432, 0.000310612, -101.847, 0.0231988, 2.58634, 12.3379
31, 0.820976, 0.000375573, -101.781, 0.0237245, 2.7049, 12.6061
32, 0.825983, 0.000292714, -101.893, 0.0226355, 2.46227, 12.0435
33, 0.819589, 0.000346445, -101.666, 0.0235129, 2.65685, 12.4782
34, 0.820635, 0.000342027, -101.708, 0.0234222, 2.63639, 12.4356
35, 0.824379, 0.00029868, -101.847, 0.0226946, 2.47515, 12.0692
36, 0.824146, 0.000340561, -101.883, 0.0237541, 2.71165, 12.6316
37, 0.822044, 0.000332338, -101.789, 0.0235165, 2.65767, 12.4966
38, 0.823749, 0.000304361, -101.85, 0.0231327, 2.57163, 12.2975
39, 0.822639, 0.000350815, -101.839, 0.023791, 2.72008, 12.6492
40, 0.818227, 0.000360534, -101.58, 0.0240838, 2.78743, 12.776
41, 0.820844, 0.000367091, -101.758, 0.0239149, 2.74847, 12.7076
42, 0.820913, 0.000378238, -101.744, 0.0235294, 2.66058, 12.4972
43, 0.821188, 0.000332474, -101.716, 0.0231828, 2.58278, 12.3105
44, 0.823706, 0.000328203, -101.888, 0.0232254, 2.59228, 12.3569
45, 0.819679, 0.000348384, -101.685, 0.0232109, 2.58905, 12.3206
46, 0.82054, 0.000381444, -101.729, 0.0238779, 2.73999, 12.6798
47, 0.82434, 0.000319848, -101.876, 0.0239151, 2.74853, 12.7222
48, 0.819856, 0.000363028, -101.74, 0.023016, 2.54575, 12.2272
49, 0.818592, 0.00038652, -101.686, 0.0233248, 2.61452, 12.3832
50, 0.821647, 0.000342231, -101.764, 0.0240777, 2.78602, 12.7916
51, 0.818809, 0.00038629, -101.676, 0.0240724, 2.7848, 12.7755
52, 0.823121, 0.00033031, -101.816, 0.023371, 2.62488, 12.4224
53, 0.822428, 0.000308583, -101.746, 0.0229915, 2.54033, 12.2128
54, 0.823169, 0.000317356, -101.799, 0.0231927, 2.58499, 12.3233
55, 0.820018, 0.000351543, -101.7, 0.0236335, 2.68419, 12.5458
56, 0.81577, 0.00042843, -101.601, 0.0239907, 2.76592, 12.7239
57, 0.824994, 0.000282901, -101.878, 0.0221491, 2.3576, 11.7804
58, 0.81858, 0.000336728, -101.65, 0.0235426, 2.66358, 12.4962
59, 0.822179, 0.000384744, -101.853, 0.0234758, 2.64848, 12.4798
60, 0.820089, 0.000346962, -101.681, 0.023531, 2.66094, 12.4915
61, 0.822909, 0.000356398, -101.836, 0.0234601, 2.64495, 12.4689
62, 0.81918, 0.000378339, -101.716, 0.0240625, 2.78251, 12.7772
63, 0.817748, 0.000392954, -101.645, 0.0235462, 2.6644, 12.496
64, 0.822, 0.000316732, -101.767, 0.0229571, 2.53274, 12.1978
65, 0.819587, 0.000326137, -101.68, 0.0227489, 2.487, 12.0771
66, 0.822529, 0.000345186, -101.788, 0.023737, 2.70775, 12.6135
67, 0.819738, 0.000358271, -101.674, 0.0237098, 2.70155, 12.5879
68, 0.822159, 0.000318888, -101.815, 0.023224, 2.59197, 12.3434
69, 0.825077, 0.000295261, -101.915, 0.0231797, 2.58209, 12.3345
70, 0.818758, 0.000375922, -101.685, 0.023602, 2.67704, 12.5312
71, 0.821245, 0.000334886, -101.781, 0.0221216, 2.35174, 11.7568
72, 0.823529, 0.000310201, -101.791, 0.0230408, 2.55123, 12.2479
73, 0.825227, 0.000311891, -101.878, 0.0233694, 2.62453, 12.4308
74, 0.821121, 0.000310999, -101.7, 0.0229884, 2.53965, 12.207
75, 0.82055, 0.000318461, -101.711, 0.0233293, 2.61553, 12.3871
76, 0.819762, 0.00031997, -101.676, 0.0233656, 2.62368, 12.4013
77, 0.8213, 0.000342966, -101.735, 0.0239983, 2.7677, 12.7471
78, 0.824068, 0.000311407, -101.883, 0.0227772, 2.4932, 12.1146
79, 0.822791, 0.000334741, -101.82, 0.0238103, 2.72448, 12.6552
80, 0.82366, 0.000310667, -101.845, 0.0226672, 2.46917, 12.0522
81, 0.821958, 0.000336843, -101.771, 0.0235868, 2.67359, 12.5337
82, 0.826004, 0.000282626, -101.891, 0.0224012, 2.41156, 11.9187
83, 0.821049, 0.000336064, -101.739, 0.0235136, 2.65701, 12.4877
84, 0.82572, 0.000283044, -101.914, 0.0222322, 2.37531, 11.8314
85, 0.820688, 0.000347831, -101.741, 0.0235625, 2.66808, 12.5169
86, 0.825187, 0.000281545, -101.865, 0.0221449, 2.35669, 11.7739
87, 0.82012, 0.000353694, -101.661, 0.0240577, 2.78139, 12.7676
88, 0.822324, 0.000325712, -101.732, 0.0230879, 2.56168, 12.2622
89, 0.821542, 0.000312497, -101.751, 0.022609, 2.4565, 12.0101
90, 0.823919, 0.000333292, -101.856, 0.0233634, 2.62317, 12.4242
91, 0.823894, 0.000317705, -101.836, 0.023568, 2.66932, 12.527
92, 0.822129, 0.000309798, -101.747, 0.0230803, 2.55999, 12.2584
93, 0.825479, 0.000294873, -101.891, 0.0228413, 2.50725, 12.1512
94, 0.818478, 0.000377117, -101.663, 0.0236889, 2.69677, 12.5729
95, 0.822571, 0.000333146, -101.802, 0.0234069, 2.63296, 12.4404
96, 0.822035, 0.000334765, -101.769, 0.0234225, 2.63646, 12.4448
97, 0.823138, 0.000310776, -101.785, 0.0236657, 2.6915, 12.575
98, 0.820556, 0.000361162, -101.749, 0.0230412, 2.55133, 12.2385
99, 0.821266, 0.000320526, -101.715, 0.0234927, 2.6523, 12.4748
100, 0.821299, 0.000381531, -101.781, 0.024294, 2.8363, 12.91

2.38889
1, 0.115259, 0.00192489, -78.0425, 0.0301158, 3.95313, 11.2295
2, 0.0682246, 0.00103783, -77.7266, 0.0241396, 2.53987, 8.88847
3, 0.0689396, 0.000931738, -77.7689, 0.0254198, 2.81642, 9.36567
4, 0.115797, 0.00137035, -77.944, 0.0251368, 2.75405, 9.28324
5, 0.113849, 0.00167351, -77.8315, 0.0255162, 2.83781, 9.4047
6, 0.0908455, 0.00137859, -77.998, 0.0261995, 2.99184, 9.67799
7, 0.0688969, 0.000951451, -77.7908, 0.0255004, 2.83431, 9.40015
8, 0.108992, 0.00157883, -77.9038, 0.0263658, 3.02993, 9.73226
9, 0.0854155, 0.00114047, -78.0816, 0.0255314, 2.84121, 9.44731
10, 0.0862445, 0.00124086, -77.753, 0.0259674, 2.93906, 9.56611
11, 0.0833815, 0.00134847, -77.9841, 0.0259719, 2.94009, 9.59521
12, 0.0672509, 0.00100114, -77.8627, 0.0245599, 2.62909, 9.05751
13, 0.0652631, 0.000972597, -77.728, 0.0237458, 2.45767, 8.74411
14, 0.0937153, 0.00131654, -77.8074, 0.026914, 3.15725, 9.9192
15, 0.0944414, 0.0014308, -77.8417, 0.0253346, 2.79757, 9.34202
16, 0.0861216, 0.00144934, -77.9415, 0.0250713, 2.73972, 9.25723
17, 0.0847807, 0.00107009, -77.7352, 0.0248999, 2.70239, 9.16831
18, 0.0661115, 0.00106095, -77.8192, 0.0252662, 2.78247, 9.31129
19, 0.0797396, 0.0010809, -77.8207, 0.024728, 2.66521, 9.11631
20, 0.0655817, 0.00105387, -77.8721, 0.0256563, 2.86905, 9.46344
21, 0.079273, 0.00104804, -77.9016, 0.0243868, 2.59216, 9.00109
22, 0.0802715, 0.00104155, -77.8365, 0.026255, 3.00452, 9.68161
23, 0.0858278, 0.00118335, -77.6859, 0.0252698, 2.78328, 9.29996
24, 0.0795766, 0.00123356, -77.7964, 0.0243432, 2.58291, 8.97117
25, 0.100057, 0.00127204, -77.9286, 0.0250505, 2.73518, 9.24465
26, 0.100192, 0.00132726, -77.8477, 0.0257244, 2.88431, 9.48485
27, 0.0921704, 0.00122889, -77.8829, 0.0259464, 2.93432, 9.57144
28, 0.0650398, 0.00108189, -77.9453, 0.0243091, 2.57567, 8.9773
29, 0.0656827, 0.0008868, -77.7522, 0.0252488, 2.77865, 9.29482
30, 0.0785281, 0.0011189, -77.8247, 0.0252883, 2.78736, 9.32526
31, 0.0774292, 0.00112488, -77.8919, 0.0258183, 2.90541, 9.52577
32, 0.0999072, 0.00145667, -77.8182, 0.0251912, 2.76599, 9.28536
33, 0.0742917, 0.00125809, -77.8963, 0.0262002, 2.99199, 9.66689
34, 0.0741963, 0.00105578, -77.814, 0.025356, 2.80228, 9.34908
35, 0.085325, 0.00113447, -77.7553, 0.0242984, 2.5734, 8.951
36, 0.0691547, 0.00103597, -77.8442, 0.0254322, 2.81916, 9.37573
37, 0.0837601, 0.00141614, -77.9339, 0.0254873, 2.83138, 9.4088
38, 0.100214, 0.00147551, -77.9407, 0.0246445, 2.64723, 9.09779
39, 0.0751595, 0.00126155, -77.8832, 0.0264869, 3.05783, 9.77166
40, 0.0760336, 0.00114763, -77.767, 0.0265422, 3.07062, 9.78372
41, 0.0754848, 0.00112609, -77.8068, 0.0244272, 2.60075, 9.00138
42, 0.0816569, 0.00107964, -77.9069, 0.0251355, 2.75376, 9.27783
43, 0.0835605, 0.00122956, -77.8394, 0.025108, 2.74774, 9.25887
44, 0.0721606, 0.000968143, -77.7835, 0.0247667, 2.67355, 9.12344
45, 0.0787503, 0.00107208, -77.9036, 0.0247371, 2.66716, 9.1288
46, 0.0733564, 0.000925832, -77.7476, 0.0250893, 2.74366, 9.24058
47, 0.0742494, 0.00109291, -77.9231, 0.0252339, 2.77538, 9.3136
48, 0.107753, 0.00157727, -77.9939, 0.026321, 3.01966, 9.72841
49, 0.0598655, 0.000895997, -77.8062, 0.0249841, 2.7207, 9.21397
50, 0.0678362, 0.000962043, -77.8751, 0.02451, 2.61841, 9.04179
51, 0.103905, 0.00176516, -78.1558, 0.0266269, 3.09025, 9.85969
52, 0.102346, 0.00148706, -77.8928, 0.0265983, 3.08361, 9.81693
53, 0.0840011, 0.00114723, -77.8937, 0.0250328, 2.73131, 9.23266
54, 0.110869, 0.00169374, -77.7405, 0.0265833, 3.08013, 9.7912
55, 0.0929879, 0.00121366, -77.8899, 0.0239612, 2.50248, 8.83892
56, 0.0825547, 0.00124565, -77.9796, 0.0253152, 2.79328, 9.34945
57, 0.0727728, 0.00102577, -77.9006, 0.024185, 2.54944, 8.9232
58, 0.0846077, 0.00113668, -77.694, 0.0236894, 2.44602, 8.71779
59, 0.0666854, 0.000939286, -77.8838, 0.0241431, 2.5406, 8.90588
60, 0.103671, 0.00141307, -77.8334, 0.0253399, 2.79874, 9.34178
61, 0.108244, 0.0014194, -77.9775, 0.0260989, 2.96891, 9.6403
62, 0.0739605, 0.00100809, -77.7936, 0.0241173, 2.53519, 8.8905
63, 0.0745116, 0.00116108, -77.7823, 0.0242851, 2.57057, 8.94775
64, 0.0895018, 0.00109134, -77.792, 0.0250281, 2.73028, 9.22312
65, 0.102748, 0.00137126, -77.9818, 0.0245015, 2.61659, 9.04905
66, 0.0839885, 0.00123224, -77.9018, 0.0252058, 2.7692, 9.29953
67, 0.0906999, 0.00130659, -77.8672, 0.0255234, 2.83942, 9.41588
68, 0.10401, 0.00136621, -78.0022, 0.0260523, 2.95832, 9.62925
69, 0.072841, 0.00101786, -77.9872, 0.0249179, 2.70629, 9.2048
70, 0.0764915, 0.00128134, -77.8971, 0.0262235, 2.99733, 9.67733
71, 0.0834578, 0.0012068, -77.8458, 0.0247232, 2.66418, 9.11705
72, 0.0759772, 0.00110073, -77.8744, 0.0252176, 2.77177, 9.30252
73, 0.0740099, 0.00108123, -77.6919, 0.0258638, 2.91567, 9.5217
74, 0.0933396, 0.00132555, -77.9216, 0.0243422, 2.58269, 8.98495
75, 0.0896593, 0.00150859, -77.7889, 0.0258236, 2.90659, 9.51451
76, 0.0682338, 0.000933753, -77.7867, 0.0250952, 2.74493, 9.24444
77, 0.100578, 0.0013729, -77.9663, 0.0242825, 2.57003, 8.96817
78, 0.103242, 0.00146224, -77.9609, 0.0260804, 2.96469, 9.62968
79, 0.0824919, 0.00111719, -77.8796, 0.026376, 3.03228, 9.73102
80, 0.0841818, 0.00122466, -78.0173, 0.0258864, 2.92075, 9.56768
81, 0.0670053, 0.00103294, -77.6621, 0.0248854, 2.69924, 9.1545
82, 0.0942923, 0.00119402, -77.8372, 0.0245654, 2.63027, 9.05781
83, 0.0771492, 0.00125942, -77.821, 0.0248121, 2.68335, 9.14454
84, 0.0942047, 0.0014014, -77.9054, 0.0246697, 2.65264, 9.10473
85, 0.0790545, 0.00123106, -78.0689, 0.0262031, 2.99265, 9.68799
86, 0.0916955, 0.00125706, -78.0049, 0.0257915, 2.89937, 9.52969
87, 0.0996127, 0.00143181, -77.9574, 0.0260445, 2.95655, 9.61859
88, 0.093354, 0.00137561, -77.938, 0.0252049, 2.76899, 9.30635
89, 0.0836263, 0.00120928, -77.906, 0.0251602, 2.75919, 9.28341
90, 0.0876138, 0.00121494, -77.8284, 0.0254199, 2.81644, 9.37684
91, 0.0754496, 0.00101377, -77.8353, 0.0250351, 2.73181, 9.23287
92, 0.0874109, 0.00114118, -77.8605, 0.0242389, 2.56081, 8.93973
93, 0.0729488, 0.00104443, -77.7927, 0.0259178, 2.92784, 9.55094
94, 0.0728008, 0.0010638, -77.6755, 0.0255352, 2.84205, 9.39525
95, 0.0693829, 0.00101927, -77.8093, 0.0249977, 2.72366, 9.21231
96, 0.0870653, 0.00121322, -77.9832, 0.0259878, 2.94367, 9.59277
97, 0.0884711, 0.00122764, -77.7523, 0.0247958, 2.67983, 9.13004
98, 0.0737958, 0.00105878, -77.8497, 0.0248022, 2.68121, 9.14755
99, 0.0826706, 0.00102851, -77.8508, 0.0256844, 2.87535, 9.47148
100, 0.0823043, 0.00125702, -77.8691, 0.0253805, 2.80772, 9.36449

2.61111
1, 0.0371308, 0.000574117, -65.293, 0.0214749, 1.83901, 6.07794
2, 0.0355076, 0.000531495, -65.2826, 0.02134, 1.81598, 6.03733
3, 0.0363669, 0.000524846, -65.3105, 0.0213256, 1.81353, 6.03396
4, 0.0381923, 0.000564373, -65.3502, 0.0215065, 1.84444, 6.09101
5, 0.0396771, 0.000561244, -65.2738, 0.0206658, 1.70305, 5.84665
6, 0.0340532, 0.000511147, -65.3441, 0.0212788, 1.80557, 6.0255
7, 0.0380787, 0.000577256, -65.2569, 0.0213928, 1.82497, 6.04981
8, 0.0358613, 0.000520997, -65.233, 0.0210706, 1.77041, 5.95492
9, 0.0360642, 0.000548683, -65.3904, 0.0213472, 1.81721, 6.0491
10, 0.0381642, 0.000572547, -65.3205, 0.0211579, 1.78512, 5.98863
11, 0.0378194, 0.000542174, -65.3182, 0.0209679, 1.75321, 5.93643
12, 0.0372262, 0.000537278, -65.3385, 0.0211839, 1.78952, 5.99734
13, 0.0342068, 0.000535604, -65.2885, 0.0213789, 1.82261, 6.05038
14, 0.0383342, 0.000565862, -65.3826, 0.021056, 1.76797, 5.96508
15, 0.0362793, 0.000553274, -65.345, 0.0214556, 1.83572, 6.07722
16, 0.0364194, 0.000522817, -65.2938, 0.021705, 1.87864, 6.1419
17, 0.0358141, 0.000527196, -65.2312, 0.0214476, 1.83433, 6.06402
18, 0.0371607, 0.000548284, -65.3236, 0.0213132, 1.81142, 6.03292
19, 0.0390111, 0.00056831, -65.2476, 0.0217084, 1.87922, 6.13826
20, 0.0340448, 0.000479806, -65.3101, 0.0212947, 1.80828, 6.02717
21, 0.0350476, 0.000528052, -65.3054, 0.0211167, 1.77818, 5.97615
22, 0.038441, 0.000560634, -65.3181, 0.0213724, 1.8215, 6.05038
23, 0.0400929, 0.00055595, -65.3524, 0.0210208, 1.76207, 5.95243
24, 0.033615, 0.000541938, -65.3539, 0.0207094, 1.71025, 5.86534
25, 0.0386324, 0.000568728, -65.388, 0.0211833, 1.78941, 6.00434
26, 0.0354969, 0.000483149, -65.2892, 0.0210145, 1.76101, 5.94585
27, 0.0374535, 0.00053453, -65.3513, 0.0213878, 1.82413, 6.05779
28, 0.0364488, 0.000531964, -65.3191, 0.0209108, 1.74367, 5.91903
29, 0.0358941, 0.000522478, -65.32, 0.0217191, 1.88108, 6.14824
30, 0.0354916, 0.00051546, -65.3193, 0.0210842, 1.77271, 5.96954
31, 0.038758, 0.000553313, -65.2788, 0.0213173, 1.81212, 6.03081
32, 0.036634, 0.000551188, -65.3639, 0.0217715, 1.89016, 6.16737
33, 0.0382971, 0.000566279, -65.3265, 0.0213486, 1.81744, 6.04523
34, 0.0365949, 0.00054127, -65.375, 0.0208609, 1.73535, 5.90905
35, 0.0387582, 0.000553787, -65.3078, 0.0213147, 1.81167, 6.03333
36, 0.036739, 0.000553262, -65.3234, 0.0210959, 1.77468, 5.97124
37, 0.0384978, 0.000557932, -65.3334, 0.0211038, 1.776, 5.9755
38, 0.038085, 0.000563735, -65.3218, 0.0212361, 1.79835, 6.01112
39, 0.0342632, 0.000524433, -65.351, 0.0210445, 1.76604, 5.95824
40, 0.035757, 0.000548237, -65.3232, 0.0210367, 1.76472, 5.95577
41, 0.037207, 0.000523052, -65.3273, 0.0212925, 1.80791, 6.02771
42, 0.0360633, 0.000540971, -65.3067, 0.0210188, 1.76172, 5.94801
43, 0.0353898, 0.000525836, -65.3346, 0.0210096, 1.76018, 5.94855
44, 0.0393262, 0.000557734, -65.3124, 0.0210695, 1.77024, 5.96394
45, 0.0359272, 0.000521751, -65.3609, 0.0211699, 1.78715, 5.99658
46, 0.0364881, 0.000539562, -65.3488, 0.0214421, 1.8334, 6.07191
47, 0.0397983, 0.000581665, -65.3332, 0.0216222, 1.86434, 6.12216
48, 0.0351585, 0.000490803, -65.3118, 0.021163, 1.78598, 5.99
49, 0.0342369, 0.000497685, -65.3327, 0.0212219, 1.79593, 6.00899
50, 0.0375778, 0.000535875, -65.3002, 0.0213986, 1.82598, 6.0555
51, 0.0374289, 0.000527532, -65.3477, 0.0211544, 1.78452, 5.99022
52, 0.0390036, 0.000581761, -65.2656, 0.0209457, 1.74949, 5.92398
53, 0.036399, 0.000525844, -65.3606, 0.020779, 1.72175, 5.88705
54, 0.0344872, 0.00052089, -65.3303, 0.021201, 1.7924, 6.00211
55, 0.040808, 0.000587708, -65.2852, 0.0217902, 1.89342, 6.16478
56, 0.0359169, 0.000525588, -65.3221, 0.0214773, 1.83942, 6.07828
57, 0.0328715, 0.000486691, -65.309, 0.0211092, 1.77692, 5.97447
58, 0.0357114, 0.000542857, -65.3127, 0.0212332, 1.79786, 6.01033
59, 0.0360815, 0.000533178, -65.2695, 0.0212633, 1.80295, 6.01583
60, 0.0344829, 0.000498583, -65.3376, 0.0209554, 1.75111, 5.93261
61, 0.0325371, 0.000488876, -65.3142, 0.0209542, 1.75091, 5.93082
62, 0.0345068, 0.00051911, -65.2777, 0.0213479, 1.81732, 6.03956
63, 0.0354049, 0.00051211, -65.2753, 0.0209147, 1.74432, 5.91711
64, 0.0370718, 0.000568912, -65.2796, 0.0209955, 1.75782, 5.939
65, 0.0357565, 0.000551427, -65.2913, 0.0211696, 1.7871, 5.98882
66, 0.0383682, 0.000573452, -65.3076, 0.0210871, 1.77319, 5.96817
67, 0.0407156, 0.00057127, -65.3226, 0.0209753, 1.75444, 5.9371
68, 0.037397, 0.000540553, -65.3524, 0.0216811, 1.87449, 6.14021
69, 0.0374099, 0.000545361, -65.3221, 0.0210503, 1.76701, 5.95825
70, 0.0360171, 0.000531679, -65.34, 0.0212906, 1.80758, 6.02957
71, 0.0355763, 0.000524134, -65.3055, 0.0210287, 1.76338, 5.94818
72, 0.0366987, 0.000532317, -65.258, 0.021457, 1.83594, 6.06741
73, 0.0367666, 0.000503094, -65.3673, 0.0214901, 1.84161, 6.08626
74, 0.0386307, 0.000541166, -65.3175, 0.0214215, 1.82987, 6.06544
75, 0.0336146, 0.000489451, -65.3746, 0.0218201, 1.8986, 6.18224
76, 0.0370274, 0.000560743, -65.3452, 0.0215434, 1.85076, 6.10092
77, 0.0337254, 0.000490129, -65.2764, 0.021005, 1.75941, 5.94122
78, 0.0391862, 0.000567074, -65.3447, 0.020821, 1.72873, 5.89638
79, 0.0352454, 0.0005041, -65.3456, 0.021336, 1.8153, 6.04334
80, 0.0345381, 0.000488192, -65.2919, 0.0220379, 1.9367, 6.2356
81, 0.0407359, 0.0006173, -65.3429, 0.0209988, 1.75838, 5.94625
82, 0.0339605, 0.000504958, -65.2952, 0.0213587, 1.81916, 6.04439
83, 0.0398853, 0.000564363, -65.3682, 0.0206577, 1.70172, 5.85146
84, 0.0345023, 0.000501169, -65.3613, 0.0219347, 1.91861, 6.21405
85, 0.0370982, 0.000536794, -65.3571, 0.0211603, 1.78553, 5.99351
86, 0.0361919, 0.000526933, -65.3054, 0.0211833, 1.78942, 5.99363
87, 0.0351901, 0.000514791, -65.375, 0.0216016, 1.86078, 6.12003
88, 0.0368691, 0.000553105, -65.2948, 0.0213787, 1.82257, 6.05122
89, 0.0348586, 0.000487299, -65.3151, 0.02093, 1.74688, 5.92384
90, 0.0341897, 0.000478815, -65.2955, 0.0211967, 1.79167, 5.99733
91, 0.0352279, 0.000524121, -65.2934, 0.0211458, 1.78308, 5.98215
92, 0.0378473, 0.000568095, -65.3528, 0.0211472, 1.78331, 5.98847
93, 0.0334792, 0.000486781, -65.3256, 0.0209246, 1.74596, 5.92452
94, 0.0363851, 0.00055048, -65.2835, 0.0209151, 1.74438, 5.91684
95, 0.0381608, 0.000588411, -65.3676, 0.0210991, 1.77521, 5.97705
96, 0.037275, 0.000557721, -65.2565, 0.0208276, 1.72982, 5.88977
97, 0.0358545, 0.000515572, -65.3568, 0.0218592, 1.90543, 6.19062
98, 0.0361086, 0.000515753, -65.3184, 0.0211204, 1.77879, 5.97823
99, 0.0361834, 0.000517392, -65.3577, 0.0212886, 1.80725, 6.02849
100, 0.0401099, 0.000599143, -65.2833, 0.0210936, 1.77429, 5.96654

2.83333
1, 0.0246426, 0.00036681, -57.0521, 0.0196468, 1.41851, 4.4758
2, 0.0240135, 0.000360803, -57.0617, 0.0194338, 1.38792, 4.42827
3, 0.0254439, 0.000387033, -57.0673, 0.0191795, 1.35184, 4.37176
4, 0.0243732, 0.000355115, -57.0408, 0.0195458, 1.40397, 4.45248
5, 0.0257041, 0.000373513, -57.0112, 0.0191927, 1.3537, 4.37058
6, 0.0254605, 0.000379784, -57.079, 0.0194912, 1.39613, 4.4438
7, 0.0235708, 0.000354641, -57.0303, 0.0191943, 1.35393, 4.37262
8, 0.0255229, 0.000366802, -57.0014, 0.0197201, 1.42912, 4.489
9, 0.025957, 0.000373224, -57.0584, 0.0194035, 1.38359, 4.4227
10, 0.0254695, 0.000376089, -57.0793, 0.0191921, 1.35362, 4.37563
11, 0.0241896, 0.000355391, -57.0458, 0.0196128, 1.4136, 4.46791
12, 0.0242028, 0.000342305, -57.0371, 0.0195488, 1.40439, 4.45112
13, 0.0253977, 0.000378384, -57.0077, 0.019318, 1.37143, 4.39787
14, 0.0269283, 0.000394712, -57.042, 0.0196944, 1.42539, 4.48716
15, 0.0245913, 0.0003499, -57.0446, 0.0195199, 1.40025, 4.4471
16, 0.0263469, 0.0003865, -57.0203, 0.0192161, 1.357, 4.37636
17, 0.0248488, 0.00037298, -57.0298, 0.0196349, 1.4168, 4.47247
18, 0.0268244, 0.000369915, -57.0664, 0.0193141, 1.37088, 4.40138
19, 0.0248001, 0.000355373, -57.0425, 0.0201772, 1.49614, 4.59705
20, 0.0245806, 0.00036538, -57.0476, 0.0194722, 1.39342, 4.43649
21, 0.0262892, 0.000389619, -57.0808, 0.0196629, 1.42085, 4.4822
22, 0.0249094, 0.000376066, -57.0174, 0.0196535, 1.41948, 4.47469
23, 0.026491, 0.000390866, -57.0566, 0.0194065, 1.38402, 4.42159
24, 0.0243702, 0.000357708, -57.0431, 0.0195133, 1.39931, 4.44668
25, 0.0244005, 0.000358204, -57.0881, 0.0192585, 1.363, 4.39062
26, 0.0270357, 0.00039979, -57.0901, 0.0196543, 1.4196, 4.48144
27, 0.0241463, 0.000350047, -57.0191, 0.0196978, 1.42589, 4.48567
28, 0.0250718, 0.00036323, -57.0154, 0.0195089, 1.39867, 4.44198
29, 0.0252425, 0.000364497, -57.0595, 0.019282, 1.36632, 4.39345
30, 0.0243936, 0.000368027, -57.0274, 0.019513, 1.39927, 4.44393
31, 0.0244413, 0.000360662, -57.0366, 0.019464, 1.39224, 4.43406
32, 0.0241676, 0.000351388, -57.0713, 0.019479, 1.39439, 4.439
33, 0.0254742, 0.00036323, -57.0994, 0.0194657, 1.39249, 4.43954
34, 0.0257482, 0.000370456, -57.0585, 0.0193703, 1.37888, 4.41425
35, 0.0249177, 0.000371832, -57.0098, 0.01933, 1.37314, 4.401
36, 0.0260326, 0.000391893, -57.031, 0.0196057, 1.41258, 4.46489
37, 0.0262044, 0.00038333, -57.0794, 0.0191227, 1.34385, 4.35895
38, 0.0251673, 0.000380719, -57.0199, 0.0196517, 1.41922, 4.47452
39, 0.024693, 0.000366604, -57.0356, 0.0193285, 1.37293, 4.40231
40, 0.025277, 0.000373438, -57.0028, 0.0193154, 1.37106, 4.39713
41, 0.0252077, 0.000370126, -57.0528, 0.0191652, 1.34983, 4.36699
42, 0.0247889, 0.00036471, -57.0724, 0.0198551, 1.44876, 4.5245
43, 0.0248098, 0.000374591, -57.045, 0.0194053, 1.38386, 4.4215
44, 0.0246885, 0.000359144, -57.0683, 0.0193932, 1.38214, 4.41902
45, 0.0255773, 0.000380623, -57.0382, 0.0194868, 1.39551, 4.43888
46, 0.0255986, 0.000386032, -57.0124, 0.0196572, 1.42002, 4.47657
47, 0.025286, 0.000365657, -57.0422, 0.019561, 1.40615, 4.45668
48, 0.0254984, 0.00037174, -57.0099, 0.0191662, 1.34997, 4.36384
49, 0.0242591, 0.000359113, -57.1103, 0.0191956, 1.35411, 4.37929
50, 0.0263071, 0.000398354, -57.0582, 0.0194188, 1.38578, 4.42664
51, 0.0239062, 0.000355425, -57.038, 0.0194888, 1.3958, 4.43915
52, 0.0249406, 0.000377066, -57.0737, 0.0194663, 1.39257, 4.43575
53, 0.0247922, 0.000360839, -57.0076, 0.0191738, 1.35103, 4.36615
54, 0.0253988, 0.000376221, -57.0687, 0.0195424, 1.40348, 4.45327
55, 0.0254948, 0.000384745, -57.0611, 0.0194728, 1.3935, 4.43587
56, 0.0242319, 0.000356791, -57.0514, 0.0192296, 1.35891, 4.38115
57, 0.0259638, 0.000378899, -56.9762, 0.0193364, 1.37404, 4.39864
58, 0.0249092, 0.000369523, -57.0188, 0.0195415, 1.40335, 4.45084
59, 0.0248095, 0.000376943, -57.0328, 0.0194712, 1.39327, 4.43531
60, 0.0249891, 0.000368199, -57.0158, 0.0195666, 1.40696, 4.4548
61, 0.0247042, 0.000354899, -57.078, 0.0196631, 1.42087, 4.48239
62, 0.024915, 0.000368901, -57.0285, 0.0191146, 1.3427, 4.35265
63, 0.0259176, 0.000388972, -57.0448, 0.0195188, 1.40009, 4.44674
64, 0.0246606, 0.000368735, -57.0538, 0.019484, 1.3951, 4.44002
65, 0.0253642, 0.000369846, -57.048, 0.0197276, 1.4302, 4.49529
66, 0.0259057, 0.000373928, -57.0696, 0.0194815, 1.39475, 4.44066
67, 0.0254786, 0.000374971, -57.0622, 0.0192656, 1.364, 4.39012
68, 0.0248846, 0.000365743, -57.0741, 0.0191157, 1.34286, 4.357
69, 0.0255893, 0.000381883, -57.1098, 0.0195458, 1.40396, 4.45829
70, 0.0249294, 0.000382714, -57.0728, 0.0192295, 1.3589, 4.38282
71, 0.0261417, 0.000390342, -57.0443, 0.0195879, 1.41002, 4.46207
72, 0.0254029, 0.000379529, -57.0555, 0.0194359, 1.38823, 4.42857
73, 0.0266291, 0.000387268, -57.0361, 0.0192816, 1.36627, 4.39151
74, 0.0258361, 0.000381195, -57.0513, 0.0191108, 1.34217, 4.35345
75, 0.0262483, 0.000387237, -57.0484, 0.0195406, 1.40322, 4.45252
76, 0.0267139, 0.000395316, -57.0281, 0.019304, 1.36945, 4.39709
77, 0.025314, 0.000376567, -57.0607, 0.0194142, 1.38512, 4.42458
78, 0.0241077, 0.000346829, -57.0181, 0.0191901, 1.35333, 4.37015
79, 0.0255354, 0.000370295, -57.0421, 0.019451, 1.39038, 4.43056
80, 0.0249394, 0.000366584, -56.9988, 0.0194304, 1.38744, 4.42203
81, 0.024894, 0.000362206, -57.0579, 0.0194512, 1.39041, 4.43245
82, 0.0246774, 0.000367015, -57.0491, 0.0193147, 1.37097, 4.40045
83, 0.0259358, 0.000373879, -57.033, 0.0198488, 1.44784, 4.52094
84, 0.0261442, 0.000386833, -57.0355, 0.0195097, 1.39879, 4.44361
85, 0.0248664, 0.00037067, -57.0262, 0.0193701, 1.37885, 4.4112
86, 0.0262755, 0.000384156, -57.0568, 0.019686, 1.42419, 4.48572
87, 0.0247661, 0.000363786, -57.047, 0.0195879, 1.41002, 4.46244
88, 0.0242534, 0.000365152, -57.0347, 0.0193434, 1.37505, 4.40669
89, 0.0248495, 0.000372495, -57.0308, 0.0194324, 1.38772, 4.42645
90, 0.0253301, 0.000364634, -57.0735, 0.0196093, 1.41311, 4.46897
91, 0.0254516, 0.000372464, -57.0524, 0.0195002, 1.39742, 4.44268
92, 0.0248472, 0.000386273, -57.0332, 0.0195268, 1.40123, 4.44732
93, 0.0237006, 0.000353944, -57.0598, 0.0194579, 1.39138, 4.43298
94, 0.0263919, 0.000380196, -57.0754, 0.0192219, 1.35783, 4.3809
95, 0.0255373, 0.000382249, -57.0201, 0.0198203, 1.44368, 4.51349
96, 0.025392, 0.00037956, -57.0701, 0.0196664, 1.42135, 4.48162
97, 0.0243634, 0.000361372, -57.0307, 0.0196152, 1.41396, 4.46801
98, 0.0248585, 0.00037374, -57.0053, 0.0193539, 1.37653, 4.40581
99, 0.0249958, 0.000361553, -57.0582, 0.0194037, 1.38363, 4.42216
100, 0.0241179, 0.000353502, -57.0567, 0.0195725, 1.4078, 4.45948

3.05556
1, 0.0200629, 0.000303791, -50.9071, 0.0182838, 1.13918, 3.44673
2, 0.0203389, 0.000300269, -50.9238, 0.0181938, 1.12799, 3.43054
3, 0.019562, 0.000284479, -50.914, 0.0181846, 1.12685, 3.42824
4, 0.0202402, 0.00029183, -50.9303, 0.0185071, 1.16717, 3.49101
5, 0.0204199, 0.000311356, -50.9334, 0.0183846, 1.15177, 3.46779
6, 0.0199322, 0.000302237, -50.9123, 0.018557, 1.17347, 3.49828
7, 0.0203101, 0.000295736, -50.898, 0.0183557, 1.14815, 3.45929
8, 0.0198535, 0.00028941, -50.9075, 0.0181341, 1.1206, 3.41885
9, 0.0204461, 0.000312519, -50.9172, 0.0183018, 1.14142, 3.45052
10, 0.0200147, 0.000297158, -50.9284, 0.0182957, 1.14066, 3.45088
11, 0.0202823, 0.00030441, -50.9108, 0.0184482, 1.15976, 3.47728
12, 0.0201922, 0.000296494, -50.9449, 0.0183833, 1.15161, 3.46766
13, 0.0200282, 0.000300386, -50.9111, 0.0183648, 1.1493, 3.46387
14, 0.0207839, 0.000304815, -50.8885, 0.0184275, 1.15715, 3.4725
15, 0.0204142, 0.000308026, -50.9204, 0.0184454, 1.1594, 3.478
16, 0.0203727, 0.000306161, -50.9025, 0.0184199, 1.1562, 3.47269
17, 0.020029, 0.000293407, -50.9158, 0.0184091, 1.15485, 3.47046
18, 0.0203449, 0.000301993, -50.9452, 0.0185027, 1.16662, 3.4905
19, 0.0205439, 0.000310551, -50.9724, 0.0186819, 1.18932, 3.52656
20, 0.0212007, 0.000312514, -50.9217, 0.018232, 1.13273, 3.43755
21, 0.0206188, 0.000313019, -50.9103, 0.0182847, 1.13929, 3.44717
22, 0.0198695, 0.000292877, -50.8926, 0.0183941, 1.15296, 3.46525
23, 0.0202737, 0.000306119, -50.9012, 0.0179074, 1.09276, 3.37525
24, 0.0201946, 0.000304882, -50.9578, 0.0184551, 1.16062, 3.48192
25, 0.0203803, 0.000299122, -50.9164, 0.0184714, 1.16268, 3.48309
26, 0.0200366, 0.000299241, -50.949, 0.0182904, 1.14, 3.45008
27, 0.0202536, 0.000303946, -50.8952, 0.0183095, 1.14238, 3.45091
28, 0.0201984, 0.000294556, -50.9676, 0.0183133, 1.14285, 3.45649
29, 0.0205676, 0.00029952, -50.9544, 0.018555, 1.17323, 3.50115
30, 0.0200018, 0.000298219, -50.958, 0.0184551, 1.16062, 3.48257
31, 0.02108, 0.000302183, -50.9247, 0.018398, 1.15344, 3.47071
32, 0.0202205, 0.000300024, -50.9466, 0.0187902, 1.20316, 3.54537
33, 0.0196062, 0.00029202, -50.9029, 0.0182627, 1.13655, 3.44196
34, 0.019672, 0.000285534, -50.9437, 0.0185598, 1.17383, 3.50122
35, 0.0202517, 0.000302932, -50.9823, 0.0182289, 1.13234, 3.44198
36, 0.0201971, 0.000297325, -50.9503, 0.0183474, 1.14711, 3.46089
37, 0.0208109, 0.000300913, -50.9158, 0.0183321, 1.1452, 3.45621
38, 0.0198617, 0.000290347, -50.9624, 0.0184319, 1.1577, 3.47742
39, 0.0200591, 0.000298207, -50.9182, 0.018487, 1.16464, 3.48649
40, 0.0199741, 0.000289975, -50.9372, 0.0181965, 1.12832, 3.43175
41, 0.0212641, 0.00031022, -50.9369, 0.018242, 1.13398, 3.44141
42, 0.0194017, 0.00028909, -50.928, 0.0184105, 1.15501, 3.47239
43, 0.0202517, 0.000304308, -50.9451, 0.0184318, 1.15769, 3.47596
44, 0.0201921, 0.000292608, -50.9299, 0.0182866, 1.13952, 3.44935
45, 0.0194821, 0.000303593, -50.906, 0.0183625, 1.149, 3.461
46, 0.0206174, 0.000302509, -50.9233, 0.0188511, 1.21096, 3.55462
47, 0.0203652, 0.000303811, -50.9308, 0.0180289, 1.10764, 3.40023
48, 0.019738, 0.000285372, -50.9333, 0.0186238, 1.18193, 3.51337
49, 0.0205687, 0.000306844, -50.9407, 0.0184937, 1.16548, 3.48915
50, 0.019496, 0.000293326, -50.8893, 0.0180443, 1.10953, 3.40062
51, 0.0197386, 0.000302488, -50.9104, 0.018459, 1.16112, 3.48017
52, 0.0204177, 0.000303136, -50.9628, 0.0184017, 1.15391, 3.47272
53, 0.0202042, 0.000297835, -50.9118, 0.0185932, 1.17806, 3.50556
54, 0.0195473, 0.000291561, -50.8959, 0.0187662, 1.20008, 3.53583
55, 0.0209997, 0.000304934, -50.8887, 0.0184588, 1.16109, 3.47862
56, 0.0212119, 0.000318203, -50.9258, 0.0183944, 1.15299, 3.46874
57, 0.019721, 0.000293276, -50.9106, 0.0184131, 1.15534, 3.47168
58, 0.0204729, 0.000305795, -50.9222, 0.0184533, 1.16039, 3.47916
59, 0.0207324, 0.000304929, -50.9036, 0.0185418, 1.17156, 3.49545
60, 0.0203994, 0.000299869, -50.9069, 0.0180165, 1.10611, 3.3956
61, 0.0204673, 0.000300998, -50.9128, 0.0183073, 1.1421, 3.45176
62, 0.019987, 0.000297267, -50.932, 0.0184798, 1.16373, 3.48496
63, 0.0209549, 0.0003073, -50.9259, 0.0183596, 1.14864, 3.46283
64, 0.0193797, 0.000291323, -50.9346, 0.0185737, 1.17559, 3.50274
65, 0.0198365, 0.000288379, -50.9016, 0.0184255, 1.15689, 3.47233
66, 0.0195171, 0.000292074, -50.9174, 0.0185115, 1.16773, 3.4897
67, 0.0203213, 0.000297426, -50.9364, 0.018495, 1.16564, 3.48862
68, 0.0202996, 0.000301315, -50.9237, 0.0182511, 1.13511, 3.44183
69, 0.0199837, 0.00028933, -50.9236, 0.0183295, 1.14488, 3.45662
70, 0.0208129, 0.000308073, -50.9288, 0.0184564, 1.16078, 3.48039
71, 0.0201407, 0.000300499, -50.9322, 0.0183092, 1.14234, 3.45278
72, 0.0207168, 0.00030803, -50.9015, 0.018276, 1.1382, 3.44455
73, 0.0199038, 0.000299222, -50.9423, 0.0183838, 1.15167, 3.4677
74, 0.0203994, 0.000298135, -50.9136, 0.0185497, 1.17256, 3.49687
75, 0.0209399, 0.000310954, -50.8955, 0.0182623, 1.13649, 3.44226
76, 0.019863, 0.000290827, -50.9552, 0.0184627, 1.16157, 3.48397
77, 0.020568, 0.000304276, -50.93, 0.0183794, 1.15112, 3.46679
78, 0.0202532, 0.000306336, -50.9059, 0.0184331, 1.15785, 3.47531
79, 0.0197555, 0.000295398, -50.8889, 0.0184569, 1.16085, 3.4787
80, 0.0206084, 0.000296731, -50.9431, 0.0185612, 1.174, 3.50214
81, 0.020188, 0.000306957, -50.9315, 0.0184873, 1.16467, 3.48658
82, 0.0204872, 0.000299836, -50.9377, 0.0181481, 1.12233, 3.42294
83, 0.0197595, 0.000295945, -50.9273, 0.0186513, 1.18543, 3.51633
84, 0.0202919, 0.000301098, -50.9266, 0.0184161, 1.15572, 3.47261
85, 0.0199311, 0.000295764, -50.9558, 0.0185409, 1.17144, 3.49865
86, 0.0200832, 0.000293971, -50.9129, 0.0182568, 1.13581, 3.44179
87, 0.0209315, 0.000307892, -50.9222, 0.0180101, 1.10533, 3.39669
88, 0.020398, 0.000301819, -50.9253, 0.0183622, 1.14896, 3.46264
89, 0.0192344, 0.000283165, -50.9227, 0.0183645, 1.14926, 3.46335
90, 0.020726, 0.00030584, -50.9346, 0.0186693, 1.18772, 3.52205
91, 0.0208422, 0.000305908, -50.9231, 0.0185879, 1.17738, 3.50551
92, 0.0208537, 0.000305282, -50.922, 0.0184781, 1.16352, 3.48431
93, 0.02097, 0.000300646, -50.9165, 0.018497, 1.1659, 3.4883
94, 0.0200449, 0.000300471, -50.9516, 0.0184217, 1.15643, 3.47616
95, 0.0197186, 0.000293885, -50.9474, 0.0183097, 1.1424, 3.45422
96, 0.0198708, 0.000299744, -50.9268, 0.0187904, 1.20318, 3.54497
97, 0.0202109, 0.000299653, -50.9393, 0.0181056, 1.11707, 3.41606
98, 0.0206829, 0.000302977, -50.9091, 0.0185317, 1.17027, 3.49415
99, 0.0197667, 0.000280509, -50.934, 0.0183985, 1.15352, 3.47012
100, 0.0204306, 0.000303388, -50.9249, 0.0182401, 1.13373, 3.4401

3.27778
1, 0.0172729, 0.000255054, -46.1178, 0.0176199, 0.98622, 2.8053
2, 0.0173578, 0.000257112, -46.1041, 0.0178106, 1.00769, 2.83476
3, 0.0171064, 0.0002521, -46.1311, 0.0174934, 0.972117, 2.78544
4, 0.0171076, 0.000261477, -46.1303, 0.0177761, 1.00379, 2.8312
5, 0.0172795, 0.000255413, -46.1092, 0.0176741, 0.992297, 2.81329
6, 0.0168906, 0.00025072, -46.1508, 0.0175203, 0.975106, 2.79098
7, 0.0176426, 0.000264878, -46.1392, 0.0175798, 0.981736, 2.79954
8, 0.0168773, 0.000252863, -46.1318, 0.0177628, 1.00228, 2.82866
9, 0.0172131, 0.000251933, -46.1387, 0.0177072, 0.996025, 2.82072
10, 0.0176225, 0.000259395, -46.1615, 0.0174888, 0.971602, 2.7872
11, 0.0168778, 0.000248792, -46.12, 0.0176646, 0.991239, 2.81161
12, 0.0177566, 0.000262067, -46.1374, 0.0178647, 1.01382, 2.84457
13, 0.0174453, 0.000258371, -46.1397, 0.0176634, 0.991093, 2.81328
14, 0.0176583, 0.000264421, -46.1356, 0.017535, 0.976747, 2.79253
15, 0.0169498, 0.000246775, -46.1149, 0.0174873, 0.971434, 2.78361
16, 0.0179958, 0.000263601, -46.1408, 0.0175403, 0.977332, 2.79388
17, 0.0170845, 0.00025813, -46.1455, 0.0176785, 0.992793, 2.8165
18, 0.0168989, 0.000253321, -46.1244, 0.0176032, 0.984356, 2.80225
19, 0.0175208, 0.000263903, -46.1082, 0.0174363, 0.965781, 2.77492
20, 0.0173446, 0.000258688, -46.1204, 0.0180677, 1.03699, 2.87621
21, 0.0177268, 0.000259258, -46.114, 0.0177956, 1.00599, 2.83314
22, 0.0169606, 0.000250246, -46.1228, 0.0177022, 0.995459, 2.81801
23, 0.0176423, 0.000259099, -46.1286, 0.0173911, 0.960782, 2.76938
24, 0.0169774, 0.000252004, -46.1083, 0.0174733, 0.969877, 2.78125
25, 0.01723, 0.000250078, -46.1314, 0.0173453, 0.955728, 2.76188
26, 0.0168386, 0.000254385, -46.151, 0.0173398, 0.955121, 2.76252
27, 0.0171199, 0.000254138, -46.1205, 0.0173536, 0.956638, 2.76232
28, 0.0169994, 0.000254295, -46.1228, 0.0179198, 1.02008, 2.85264
29, 0.0169473, 0.000247356, -46.1182, 0.017682, 0.993192, 2.81497
30, 0.0173658, 0.000253588, -46.1233, 0.0174899, 0.971723, 2.78504
31, 0.0169722, 0.000255928, -46.1021, 0.0177115, 0.996508, 2.8193
32, 0.0176144, 0.000262004, -46.1358, 0.0177068, 0.995975, 2.81993
33, 0.0171349, 0.000248932, -46.1204, 0.0174807, 0.970703, 2.78281
34, 0.0175501, 0.000260338, -46.1438, 0.0175907, 0.982952, 2.80171
35, 0.0173057, 0.000261355, -46.1175, 0.0177363, 0.999298, 2.82336
36, 0.0179759, 0.000258003, -46.1546, 0.0175712, 0.980778, 2.79924
37, 0.017353, 0.000253082, -46.1092, 0.0175811, 0.981887, 2.79848
38, 0.0170141, 0.000250191, -46.1222, 0.0177319, 0.998796, 2.82342
39, 0.0172918, 0.00025665, -46.1313, 0.0174531, 0.967637, 2.77967
40, 0.0177486, 0.000261802, -46.1397, 0.0176905, 0.99414, 2.81812
41, 0.0175461, 0.000253757, -46.1433, 0.0174706, 0.969585, 2.78268
42, 0.0169849, 0.000251725, -46.1086, 0.0176719, 0.992054, 2.81306
43, 0.0169326, 0.000253941, -46.0967, 0.0177656, 1.00261, 2.82728
44, 0.0176212, 0.00025903, -46.134, 0.0173763, 0.959138, 2.76709
45, 0.0168876, 0.000248612, -46.1077, 0.0176928, 0.994401, 2.81706
46, 0.0172645, 0.000262725, -46.1275, 0.0177061, 0.995897, 2.81908
47, 0.0179279, 0.00026379, -46.1252, 0.0177768, 1.00386, 2.83052
48, 0.0169864, 0.000254519, -46.1294, 0.0177477, 1.00058, 2.8262
49, 0.0174283, 0.000257895, -46.1432, 0.0173748, 0.958971, 2.76733
50, 0.0179563, 0.000266664, -46.1391, 0.0178042, 1.00697, 2.83586
51, 0.0170998, 0.000254929, -46.1136, 0.0176722, 0.992086, 2.81274
52, 0.0170965, 0.000254728, -46.1649, 0.0177105, 0.996395, 2.82265
53, 0.0174611, 0.000257873, -46.1575, 0.017402, 0.961987, 2.77248
54, 0.0171439, 0.000255104, -46.1607, 0.0173481, 0.956029, 2.76416
55, 0.0169675, 0.000251132, -46.1272, 0.0176057, 0.984636, 2.8029
56, 0.0171227, 0.000249408, -46.1536, 0.0174386, 0.966037, 2.77863
57, 0.0176726, 0.000264761, -46.0945, 0.0175455, 0.977907, 2.79164
58, 0.0175193, 0.000259375, -46.1576, 0.0175278, 0.975936, 2.79271
59, 0.0172312, 0.000256097, -46.1359, 0.017808, 1.0074, 2.83609
60, 0.0177417, 0.000258465, -46.1225, 0.0175749, 0.981192, 2.79857
61, 0.0171102, 0.000257343, -46.1611, 0.0177248, 0.998002, 2.82434
62, 0.0170078, 0.00025546, -46.1425, 0.0175183, 0.974884, 2.79029
63, 0.018648, 0.000265927, -46.1236, 0.0176023, 0.984251, 2.80254
64, 0.017571, 0.000252609, -46.1236, 0.0178496, 1.0121, 2.8419
65, 0.0173261, 0.000254272, -46.1442, 0.0176984, 0.995034, 2.81952
66, 0.0172459, 0.000258789, -46.1381, 0.0174241, 0.964431, 2.7752
67, 0.0172908, 0.000255814, -46.115, 0.017641, 0.988587, 2.80804
68, 0.0176425, 0.000258282, -46.1277, 0.0176636, 0.991118, 2.81252
69, 0.0176339, 0.000259739, -46.1487, 0.0175437, 0.977709, 2.79449
70, 0.0170439, 0.000261354, -46.1134, 0.0175426, 0.977586, 2.79283
71, 0.0176064, 0.000264241, -46.1293, 0.0177512, 1.00098, 2.82633
72, 0.0166266, 0.000250218, -46.1359, 0.0176921, 0.994319, 2.81722
73, 0.0166923, 0.000246098, -46.0947, 0.0175593, 0.979448, 2.79402
74, 0.0174204, 0.00025611, -46.1237, 0.0175539, 0.97885, 2.79447
75, 0.0173464, 0.000259055, -46.1395, 0.0176879, 0.993853, 2.81725
76, 0.0176709, 0.000260698, -46.1093, 0.0174139, 0.963293, 2.77188
77, 0.0174191, 0.000260492, -46.1404, 0.0177631, 1.00232, 2.82977
78, 0.0173074, 0.000256519, -46.1334, 0.0174422, 0.966433, 2.77789
79, 0.0170125, 0.000249994, -46.1239, 0.0175898, 0.982853, 2.80059
80, 0.0172843, 0.000253846, -46.1476, 0.0176285, 0.987182, 2.80828
81, 0.0175646, 0.000263025, -46.133, 0.0175727, 0.980941, 2.79856
82, 0.0174707, 0.000256819, -46.1001, 0.0174995, 0.972786, 2.78472
83, 0.0172399, 0.000255951, -46.136, 0.0176391, 0.988378, 2.80925
84, 0.0177657, 0.000256777, -46.0952, 0.0173651, 0.957912, 2.76323
85, 0.017896, 0.000259643, -46.1499, 0.0176329, 0.987675, 2.80902
86, 0.0168583, 0.000253725, -46.1152, 0.0175456, 0.977929, 2.79346
87, 0.0171969, 0.000255564, -46.1177, 0.01757, 0.980648, 2.79713
88, 0.0171408, 0.000263747, -46.1496, 0.0176463, 0.98918, 2.81111
89, 0.0169395, 0.000249513, -46.175, 0.0174234, 0.964348, 2.77768
90, 0.0174271, 0.000254402, -46.1302, 0.017775, 1.00366, 2.82997
91, 0.016953, 0.000250621, -46.1307, 0.017823, 1.00909, 2.83788
92, 0.0172849, 0.000250982, -46.1355, 0.0178082, 1.00741, 2.83618
93, 0.01689, 0.000253433, -46.1005, 0.0177022, 0.99546, 2.81751
94, 0.0177883, 0.000258049, -46.1402, 0.0176653, 0.991308, 2.81391
95, 0.017459, 0.000257773, -46.13, 0.0175226, 0.975367, 2.78994
96, 0.0177522, 0.000262003, -46.1148, 0.0174014, 0.961916, 2.76956
97, 0.0170567, 0.000256241, -46.135, 0.0175422, 0.977545, 2.7944
98, 0.0173145, 0.000254508, -46.124, 0.0177877, 1.0051, 2.83269
99, 0.0176396, 0.000263885, -46.1236, 0.0176528, 0.989913, 2.81042
100, 0.0173854, 0.000258247, -46.126, 0.0174894, 0.971668, 2.78432

3.5
1, 0.0155258, 0.000231977, -42.2504, 0.0170784, 0.867713, 2.33277
2, 0.0151918, 0.000224939, -42.2549, 0.0172745, 0.887747, 2.3599
3, 0.0156344, 0.000233304, -42.2489, 0.0173835, 0.898991, 2.37434
4, 0.0154576, 0.00022781, -42.2721, 0.0170765, 0.867518, 2.33425
5, 0.0153466, 0.000233979, -42.2298, 0.0174632, 0.907252, 2.38363
6, 0.0153672, 0.000222879, -42.2433, 0.0171605, 0.876077, 2.34315
7, 0.0153215, 0.000229693, -42.2462, 0.0170867, 0.86855, 2.33379
8, 0.0153826, 0.000226836, -42.258, 0.0169397, 0.853675, 2.31422
9, 0.0155308, 0.000231174, -42.2454, 0.017298, 0.890166, 2.3638
10, 0.0156437, 0.000232485, -42.243, 0.0172405, 0.884255, 2.35439
11, 0.0154383, 0.000229718, -42.2348, 0.0172364, 0.883836, 2.353
12, 0.015134, 0.000222262, -42.267, 0.0171442, 0.874413, 2.3426
13, 0.0157021, 0.000231738, -42.2543, 0.0168696, 0.846617, 2.30455
14, 0.0152406, 0.000225761, -42.2553, 0.0170004, 0.859805, 2.32233
15, 0.0149328, 0.000225183, -42.2756, 0.0169062, 0.8503, 2.31061
16, 0.0150792, 0.000226496, -42.2533, 0.0169331, 0.853009, 2.31238
17, 0.0155162, 0.000227427, -42.2675, 0.0168957, 0.84924, 2.30855
18, 0.0159517, 0.000234593, -42.2413, 0.0169426, 0.853962, 2.31308
19, 0.0159249, 0.000236842, -42.2581, 0.0171968, 0.87978, 2.34928
20, 0.0155237, 0.000228133, -42.243, 0.0169675, 0.856477, 2.31688
21, 0.0151833, 0.000225145, -42.2648, 0.0170062, 0.860392, 2.3237
22, 0.015674, 0.000230219, -42.2345, 0.0170445, 0.864265, 2.32732
23, 0.0155038, 0.000229164, -42.238, 0.017211, 0.88124, 2.35094
24, 0.0153642, 0.000225269, -42.2425, 0.0170446, 0.864279, 2.32769
25, 0.0152969, 0.000223467, -42.2435, 0.0169527, 0.854986, 2.31484
26, 0.0149306, 0.000222846, -42.2248, 0.0168781, 0.847472, 2.30398
27, 0.015525, 0.000228861, -42.25, 0.0170398, 0.863788, 2.32754
28, 0.0154148, 0.000232023, -42.2443, 0.0167659, 0.836248, 2.28924
29, 0.015191, 0.000225128, -42.2736, 0.0169512, 0.854827, 2.3169
30, 0.0155945, 0.000232035, -42.2629, 0.0170138, 0.861153, 2.32466
31, 0.015332, 0.000226645, -42.2685, 0.0168253, 0.842177, 2.29933
32, 0.0155264, 0.000229565, -42.2383, 0.0173351, 0.893991, 2.36686
33, 0.015358, 0.000229208, -42.2656, 0.0174727, 0.908242, 2.38729
34, 0.0152364, 0.00022818, -42.2218, 0.0171761, 0.877666, 2.34484
35, 0.0153722, 0.000228443, -42.2292, 0.0169912, 0.858867, 2.31946
36, 0.0154342, 0.000231903, -42.2663, 0.0170721, 0.867066, 2.33266
37, 0.015262, 0.000226331, -42.2606, 0.0171761, 0.877669, 2.3474
38, 0.0157932, 0.000234455, -42.2601, 0.017121, 0.872038, 2.33897
39, 0.0153734, 0.000229181, -42.2638, 0.0169531, 0.855028, 2.31654
40, 0.0155579, 0.000229467, -42.2552, 0.0170818, 0.868058, 2.3332
41, 0.0157848, 0.000235986, -42.2515, 0.0173219, 0.892628, 2.3665
42, 0.0152911, 0.000228414, -42.2439, 0.0171782, 0.877883, 2.34604
43, 0.015391, 0.000227571, -42.2617, 0.0172151, 0.881655, 2.35248
44, 0.0156647, 0.000227421, -42.2247, 0.0172354, 0.883738, 2.35287
45, 0.015255, 0.000224401, -42.2477, 0.0173532, 0.895858, 2.37013
46, 0.0155, 0.000228645, -42.249, 0.017171, 0.877148, 2.34493
47, 0.0157859, 0.000234588, -42.2409, 0.016906, 0.85028, 2.30883
48, 0.0156937, 0.000233814, -42.2527, 0.0171106, 0.870988, 2.33713
49, 0.0154031, 0.000228072, -42.2527, 0.0170703, 0.866888, 2.33171
50, 0.0152835, 0.000226743, -42.2542, 0.017282, 0.888524, 2.36075
51, 0.0156422, 0.000226985, -42.2483, 0.0169259, 0.852283, 2.31196
52, 0.0156468, 0.000233257, -42.2188, 0.017026, 0.862396, 2.32394
53, 0.0152807, 0.000225325, -42.2499, 0.0171712, 0.877161, 2.34577
54, 0.0160165, 0.000234942, -42.2557, 0.0169143, 0.851116, 2.31075
55, 0.0152088, 0.00022624, -42.2368, 0.017158, 0.875811, 2.34245
56, 0.0155276, 0.000235037, -42.2518, 0.0171908, 0.879171, 2.3481
57, 0.0153396, 0.000227199, -42.2662, 0.0170645, 0.866297, 2.33164
58, 0.0156877, 0.000232923, -42.2518, 0.0170731, 0.867174, 2.33177
59, 0.0153161, 0.000227441, -42.2467, 0.0170684, 0.866692, 2.33139
60, 0.0153827, 0.000230157, -42.2751, 0.0168913, 0.848797, 2.30855
61, 0.0156701, 0.000233636, -42.2478, 0.0171735, 0.877396, 2.34505
62, 0.0152248, 0.000227202, -42.2351, 0.0170586, 0.865703, 2.32955
63, 0.0149968, 0.000220944, -42.2501, 0.0169315, 0.852841, 2.31279
64, 0.0157541, 0.000235722, -42.2552, 0.0172372, 0.883923, 2.35466
65, 0.0158403, 0.000233057, -42.2421, 0.0168916, 0.848828, 2.30669
66, 0.015792, 0.000233193, -42.2872, 0.01713, 0.872957, 2.34212
67, 0.0159136, 0.000230904, -42.2533, 0.0170426, 0.864076, 2.32774
68, 0.0152498, 0.000224368, -42.2498, 0.0172547, 0.885711, 2.35626
69, 0.0157691, 0.000235057, -42.2229, 0.0170497, 0.864795, 2.32783
70, 0.0152285, 0.000224877, -42.2145, 0.0171045, 0.870359, 2.33464
71, 0.0151324, 0.00022452, -42.2356, 0.0173982, 0.900512, 2.3761
72, 0.0155328, 0.000228915, -42.2475, 0.0167778, 0.837429, 2.29143
73, 0.0151795, 0.000227551, -42.2656, 0.0170706, 0.866921, 2.33278
74, 0.015397, 0.000231316, -42.2439, 0.0170367, 0.863478, 2.32706
75, 0.0158442, 0.000232862, -42.282, 0.0170809, 0.867968, 2.33463
76, 0.0149049, 0.000220705, -42.2736, 0.0173397, 0.894469, 2.37018
77, 0.0151995, 0.000223636, -42.257, 0.0170648, 0.866327, 2.33125
78, 0.0151369, 0.000223019, -42.2612, 0.0170112, 0.860896, 2.32393
79, 0.0154813, 0.000228219, -42.2402, 0.0171506, 0.875059, 2.3418
80, 0.015337, 0.000225471, -42.2683, 0.0171025, 0.870165, 2.33657
81, 0.0155682, 0.000229022, -42.2397, 0.0170297, 0.862765, 2.32539
82, 0.0153933, 0.000230186, -42.2221, 0.0170105, 0.860827, 2.3215
83, 0.0156352, 0.000227349, -42.2381, 0.0173912, 0.899782, 2.37439
84, 0.0153461, 0.000225827, -42.27, 0.0172341, 0.883601, 2.35565
85, 0.0158941, 0.000234084, -42.2374, 0.0168177, 0.841424, 2.29659
86, 0.0155479, 0.000228492, -42.2413, 0.017033, 0.863102, 2.32554
87, 0.0152557, 0.000225865, -42.2468, 0.0171023, 0.87014, 2.33603
88, 0.0154324, 0.000229913, -42.2537, 0.0172342, 0.883613, 2.35409
89, 0.0152229, 0.000227502, -42.2512, 0.0171899, 0.87908, 2.34833
90, 0.0153731, 0.000226166, -42.2612, 0.0172969, 0.89005, 2.36336
91, 0.015346, 0.000224803, -42.244, 0.0169541, 0.855128, 2.31557
92, 0.0155279, 0.000228081, -42.2483, 0.0173213, 0.892569, 2.36593
93, 0.0154032, 0.000230533, -42.2513, 0.0172437, 0.884592, 2.35587
94, 0.0157683, 0.000229796, -42.2503, 0.0168741, 0.847073, 2.30469
95, 0.0157742, 0.000227046, -42.2585, 0.017015, 0.86128, 2.32436
96, 0.0149451, 0.000222777, -42.2628, 0.0169401, 0.853716, 2.3146
97, 0.0155515, 0.000230423, -42.2343, 0.0170639, 0.866238, 2.32993
98, 0.0154476, 0.00023215, -42.2684, 0.016794, 0.839053, 2.29461
99, 0.015225, 0.000220638, -42.2316, 0.0172168, 0.881833, 2.35102
100, 0.0153791, 0.000224851, -42.2706, 0.017093, 0.869196, 2.33608

