0.9729323488948471 0.02025799444201251 0.47693094175593403
0.9361201022353675 0.05126352742248494 0.5723412875026587
0.8610799129567612 0.1069249551307175 0.7981761223632807
0.680345106848167 0.21698890535654936 1.5445110130023207
0.1253660360176523 0.6599929146324566 3.0163713240583316
0.00989621709916139 0.7626854142934298 2.268869725204912
0.0018164174083316626 0.8036929045408704 1.647559083361432
0.0015220522394455683 0.8276399982716715 1.3542036942320461
0.0008057844507631356 0.8455260889363798 1.16537615917575
-0.0002453456432022623 0.8613591482178543 1.039589396969788
