1.5
1, 0.975286, 0.00184917, -15.5957, 0.0099955, 0.693531, 1.13922
2, 0.987008, 0.00023737, -15.6519, 0.00638082, 0.282624, 0.7498
3, 0.986468, 0.000248465, -15.6401, 0.00654961, 0.297774, 0.768783
4, 0.98674, 0.000245137, -15.6477, 0.00646735, 0.290342, 0.759693
5, 0.986789, 0.000241866, -15.6484, 0.00638588, 0.283073, 0.750352
6, 0.986511, 0.000245614, -15.6407, 0.00651246, 0.294406, 0.764664
7, 0.986332, 0.000248532, -15.6357, 0.00663308, 0.305413, 0.778422
8, 0.9864, 0.000245975, -15.6382, 0.00647798, 0.291297, 0.760576
9, 0.986775, 0.000241939, -15.6458, 0.00646274, 0.289928, 0.758909
10, 0.986314, 0.000253097, -15.6359, 0.00657533, 0.300118, 0.7717
11, 0.986564, 0.000247669, -15.6406, 0.00659616, 0.302022, 0.77423
12, 0.986492, 0.000250394, -15.6424, 0.00650821, 0.294022, 0.764272
13, 0.986762, 0.000244205, -15.6474, 0.00649629, 0.292946, 0.763011
14, 0.98628, 0.00025074, -15.6356, 0.00657272, 0.29988, 0.771298
15, 0.986524, 0.000244982, -15.6393, 0.00656845, 0.29949, 0.771119
16, 0.986876, 0.000246528, -15.6514, 0.00649004, 0.292383, 0.76238
17, 0.986749, 0.000244988, -15.6452, 0.00657913, 0.300465, 0.772257
18, 0.986434, 0.000247481, -15.6388, 0.00652935, 0.295935, 0.76631
19, 0.986988, 0.000248261, -15.6531, 0.0065215, 0.295224, 0.765731
20, 0.98669, 0.000242282, -15.6457, 0.00643138, 0.287121, 0.755493
21, 0.986637, 0.000240203, -15.6434, 0.00642937, 0.286941, 0.755056
22, 0.986671, 0.000244834, -15.6453, 0.00641749, 0.285882, 0.75383
23, 0.986607, 0.000245128, -15.6422, 0.00652148, 0.295222, 0.765719
24, 0.98673, 0.000238096, -15.645, 0.00640118, 0.284431, 0.751974
25, 0.986795, 0.000238864, -15.648, 0.00638012, 0.282562, 0.749689
26, 0.986842, 0.000258381, -15.6533, 0.00649331, 0.292677, 0.762726
27, 0.986395, 0.000251688, -15.6373, 0.0065985, 0.302237, 0.774345
28, 0.986254, 0.000250689, -15.6345, 0.00661366, 0.303627, 0.776355
29, 0.986451, 0.000245989, -15.6387, 0.00650087, 0.293359, 0.76332
30, 0.986703, 0.000241617, -15.645, 0.00640317, 0.284608, 0.752053
31, 0.986684, 0.000242604, -15.6441, 0.006494, 0.29274, 0.762555
32, 0.986852, 0.000237285, -15.6484, 0.0063539, 0.280245, 0.746605
33, 0.986834, 0.000238851, -15.6484, 0.0063687, 0.281551, 0.748267
34, 0.986348, 0.000249598, -15.6368, 0.0065974, 0.302136, 0.774246
35, 0.986555, 0.000247182, -15.6415, 0.00660973, 0.303267, 0.776095
36, 0.986774, 0.000238108, -15.646, 0.0064368, 0.287605, 0.755999
37, 0.986456, 0.000252597, -15.6402, 0.00659111, 0.30156, 0.773529
38, 0.986502, 0.000246265, -15.6397, 0.00656832, 0.299478, 0.770843
39, 0.986387, 0.000246643, -15.6384, 0.00651451, 0.294591, 0.764851
40, 0.986859, 0.000240814, -15.6494, 0.00639027, 0.283462, 0.750717
41, 0.986654, 0.000243166, -15.6443, 0.00642888, 0.286897, 0.755084
42, 0.986449, 0.000249927, -15.6393, 0.00664823, 0.30681, 0.780464
43, 0.986416, 0.000246259, -15.6368, 0.00655291, 0.298075, 0.769139
44, 0.986772, 0.000246216, -15.6478, 0.00649923, 0.293211, 0.76318
45, 0.986427, 0.00024611, -15.6384, 0.00656804, 0.299453, 0.771037
46, 0.986286, 0.000244635, -15.6331, 0.00648763, 0.292165, 0.761527
47, 0.986459, 0.000249879, -15.639, 0.00655362, 0.298139, 0.769254
48, 0.986469, 0.000247967, -15.6385, 0.00658791, 0.301268, 0.773053
49, 0.986478, 0.000252463, -15.6411, 0.0065307, 0.296058, 0.766735
50, 0.986691, 0.000240956, -15.6449, 0.00644989, 0.288776, 0.757463
51, 0.98663, 0.000245753, -15.644, 0.0065552, 0.298283, 0.769647
52, 0.986241, 0.000247088, -15.6325, 0.00654113, 0.297004, 0.767444
53, 0.98642, 0.000244361, -15.6365, 0.00654859, 0.297682, 0.76884
54, 0.986848, 0.000239734, -15.6491, 0.00638391, 0.282898, 0.750083
55, 0.986413, 0.000247487, -15.6372, 0.0065626, 0.298957, 0.770292
56, 0.986387, 0.000249365, -15.6366, 0.00661607, 0.303848, 0.776637
57, 0.986398, 0.000241194, -15.6351, 0.00647185, 0.290746, 0.759812
58, 0.98648, 0.000246575, -15.6401, 0.00652652, 0.295679, 0.766078
59, 0.986695, 0.000239363, -15.6446, 0.00638052, 0.282598, 0.749597
60, 0.986416, 0.000246639, -15.6384, 0.00655506, 0.298271, 0.769586
61, 0.986273, 0.000247142, -15.6328, 0.00662908, 0.305045, 0.777725
62, 0.986202, 0.000252623, -15.6326, 0.00658483, 0.300985, 0.772747
63, 0.986259, 0.000249174, -15.6337, 0.00659449, 0.301869, 0.7738
64, 0.986673, 0.000249149, -15.6451, 0.00658119, 0.300653, 0.772553
65, 0.986377, 0.000246819, -15.6375, 0.00645702, 0.289415, 0.757958
66, 0.986684, 0.00024359, -15.644, 0.00652951, 0.29595, 0.766799
67, 0.986914, 0.000236615, -15.6506, 0.00632482, 0.277685, 0.743499
68, 0.986689, 0.000243977, -15.6443, 0.0064168, 0.285821, 0.753695
69, 0.986523, 0.000240185, -15.6399, 0.00643225, 0.287199, 0.755272
70, 0.986594, 0.000242583, -15.6428, 0.00649526, 0.292853, 0.762862
71, 0.986077, 0.000269074, -15.6333, 0.00670911, 0.312454, 0.786729
72, 0.986247, 0.000258159, -15.6357, 0.00668372, 0.310093, 0.784249
73, 0.986724, 0.000236888, -15.6439, 0.00637094, 0.28175, 0.748332
74, 0.986579, 0.000244124, -15.6419, 0.00648349, 0.291793, 0.761392
75, 0.986777, 0.000243461, -15.647, 0.00653214, 0.296188, 0.767045
76, 0.98638, 0.000245715, -15.6361, 0.0065104, 0.29422, 0.76412
77, 0.986235, 0.000259871, -15.6358, 0.00672981, 0.314385, 0.789384
78, 0.98642, 0.000245003, -15.6371, 0.00651135, 0.294306, 0.76441
79, 0.986271, 0.000255934, -15.6353, 0.00658543, 0.301041, 0.77287
80, 0.986634, 0.000239589, -15.642, 0.00644156, 0.28803, 0.756624
81, 0.986732, 0.000252794, -15.6471, 0.00652358, 0.295412, 0.765865
82, 0.986787, 0.000241773, -15.6469, 0.00649168, 0.29253, 0.762352
83, 0.985932, 0.000253244, -15.6258, 0.00665905, 0.307809, 0.781273
84, 0.986381, 0.000251613, -15.6384, 0.00656353, 0.299042, 0.770372
85, 0.986242, 0.000258844, -15.6361, 0.0066583, 0.30774, 0.781243
86, 0.986575, 0.000244794, -15.6406, 0.00655803, 0.298541, 0.769774
87, 0.98652, 0.000249643, -15.6408, 0.00660382, 0.302724, 0.775004
88, 0.986387, 0.000244578, -15.6367, 0.00651927, 0.295022, 0.76527
89, 0.986152, 0.000244688, -15.6303, 0.00652135, 0.29521, 0.765447
90, 0.986612, 0.000238921, -15.6412, 0.00643517, 0.287459, 0.755723
91, 0.986828, 0.000245488, -15.6487, 0.00652346, 0.295402, 0.766098
92, 0.986534, 0.000269002, -15.6436, 0.00670586, 0.312152, 0.786616
93, 0.986513, 0.000245485, -15.6406, 0.00647508, 0.291036, 0.760259
94, 0.986182, 0.000249241, -15.6318, 0.00658725, 0.301207, 0.77283
95, 0.986208, 0.000246515, -15.6321, 0.00656392, 0.299077, 0.770358
96, 0.986698, 0.000244699, -15.6458, 0.00648757, 0.29216, 0.762067
97, 0.986516, 0.000248495, -15.6403, 0.00662016, 0.304224, 0.777121
98, 0.986857, 0.000249888, -15.6522, 0.00649913, 0.293202, 0.763381
99, 0.986348, 0.000246069, -15.6353, 0.00654835, 0.29766, 0.76845
100, 0.986155, 0.000253308, -15.6312, 0.00663469, 0.305561, 0.778386

1.72222
1, 0.967009, 0.000454959, -15.0816, 0.0103013, 0.641565, 1.01464
2, 0.967095, 0.000471152, -15.0873, 0.0101395, 0.62157, 0.999119
3, 0.967148, 0.000449328, -15.0865, 0.0101618, 0.624309, 1.00198
4, 0.967592, 0.00043781, -15.096, 0.0100357, 0.608915, 0.989883
5, 0.966725, 0.000457201, -15.0782, 0.0102484, 0.635002, 1.00945
6, 0.96717, 0.000451916, -15.0869, 0.010248, 0.634948, 1.00981
7, 0.967487, 0.000461147, -15.0964, 0.0102341, 0.633224, 1.00845
8, 0.967715, 0.000461827, -15.099, 0.010202, 0.629261, 1.00567
9, 0.968123, 0.000434337, -15.107, 0.0100536, 0.611081, 0.992506
10, 0.966986, 0.000449129, -15.0811, 0.0101859, 0.627272, 1.00379
11, 0.966634, 0.000466654, -15.076, 0.0103699, 0.650146, 1.0209
12, 0.968017, 0.000432745, -15.1028, 0.0100457, 0.610121, 0.991443
13, 0.966812, 0.000466334, -15.0768, 0.0102969, 0.641023, 1.01376
14, 0.967504, 0.000446544, -15.0914, 0.0102714, 0.637854, 1.01206
15, 0.968588, 0.000432623, -15.1174, 0.00984243, 0.585684, 0.972692
16, 0.967931, 0.000433493, -15.0975, 0.0100385, 0.609256, 0.9902
17, 0.967588, 0.000442975, -15.0949, 0.0100129, 0.606151, 0.987816
18, 0.967759, 0.000430287, -15.0936, 0.0100799, 0.614283, 0.994548
19, 0.967766, 0.000435439, -15.0949, 0.0101265, 0.619981, 0.998498
20, 0.966417, 0.000452547, -15.0685, 0.0102324, 0.633013, 1.00775
21, 0.966852, 0.000459491, -15.0788, 0.0103239, 0.644389, 1.01685
22, 0.967333, 0.000433728, -15.0831, 0.0100571, 0.611506, 0.991046
23, 0.967656, 0.000445228, -15.0954, 0.0100674, 0.61277, 0.992812
24, 0.967083, 0.000448556, -15.0841, 0.010115, 0.618576, 0.997049
25, 0.967597, 0.000455063, -15.0929, 0.0103054, 0.642076, 1.01581
26, 0.967369, 0.000443744, -15.0885, 0.010131, 0.620537, 0.99892
27, 0.966498, 0.000482709, -15.0778, 0.0103431, 0.64678, 1.01866
28, 0.966927, 0.000470138, -15.084, 0.0104725, 0.663075, 1.03179
29, 0.968134, 0.000437356, -15.1031, 0.0101439, 0.622108, 1.00094
30, 0.967459, 0.000438033, -15.092, 0.00997962, 0.602125, 0.984821
31, 0.967228, 0.000448195, -15.0877, 0.010246, 0.634695, 1.01001
32, 0.967022, 0.000438212, -15.0781, 0.0100226, 0.607318, 0.987648
33, 0.968413, 0.000426679, -15.1111, 0.00992953, 0.596096, 0.980827
34, 0.968739, 0.000412228, -15.1132, 0.00969488, 0.568255, 0.957599
35, 0.967247, 0.000460348, -15.0882, 0.0103649, 0.649517, 1.02098
36, 0.967309, 0.000444075, -15.0816, 0.0102754, 0.638345, 1.01208
37, 0.968924, 0.000409357, -15.1161, 0.00978977, 0.579434, 0.967408
38, 0.967454, 0.000437696, -15.0902, 0.0100264, 0.607786, 0.988456
39, 0.966902, 0.000456431, -15.0769, 0.0102878, 0.639887, 1.01322
40, 0.967099, 0.000466889, -15.0855, 0.0104773, 0.663674, 1.03223
41, 0.967343, 0.00042764, -15.0854, 0.0099295, 0.596092, 0.979129
42, 0.967198, 0.000465631, -15.0901, 0.0101609, 0.624202, 1.00126
43, 0.966773, 0.000448476, -15.0729, 0.010351, 0.647774, 1.01972
44, 0.967128, 0.0004567, -15.0877, 0.0103351, 0.645787, 1.01828
45, 0.968155, 0.000425608, -15.1017, 0.00999012, 0.603393, 0.985986
46, 0.967616, 0.000453034, -15.0963, 0.010315, 0.643271, 1.01629
47, 0.967475, 0.000447208, -15.0903, 0.0101749, 0.625915, 1.00239
48, 0.967742, 0.000435499, -15.0938, 0.0102074, 0.62992, 1.00661
49, 0.967378, 0.000434637, -15.0844, 0.00999277, 0.603713, 0.985125
50, 0.967298, 0.000435873, -15.086, 0.0100385, 0.609253, 0.989532
51, 0.967466, 0.000434454, -15.0874, 0.0100474, 0.61033, 0.99048
52, 0.968106, 0.000440309, -15.1049, 0.010298, 0.641153, 1.01627
53, 0.96755, 0.000436705, -15.0887, 0.0100763, 0.61385, 0.993784
54, 0.967755, 0.000444943, -15.0998, 0.0101949, 0.628384, 1.00565
55, 0.967845, 0.000432415, -15.096, 0.010129, 0.620281, 0.999124
56, 0.96742, 0.000446598, -15.0898, 0.0102624, 0.636736, 1.01135
57, 0.967253, 0.000439292, -15.0822, 0.0100589, 0.611729, 0.991464
58, 0.968176, 0.000469944, -15.1158, 0.0100641, 0.612361, 0.993546
59, 0.967356, 0.000471406, -15.0952, 0.0102505, 0.635253, 1.01037
60, 0.967199, 0.000448641, -15.0838, 0.0102446, 0.63453, 1.009
61, 0.968005, 0.000429469, -15.1037, 0.00992153, 0.595136, 0.979387
62, 0.967745, 0.000447165, -15.1, 0.0101396, 0.62158, 1.00037
63, 0.967465, 0.000449438, -15.0943, 0.0102068, 0.629854, 1.00612
64, 0.967332, 0.000449217, -15.0904, 0.0101262, 0.619943, 0.998529
65, 0.967543, 0.000448816, -15.0933, 0.0101959, 0.628501, 1.00537
66, 0.967493, 0.000440564, -15.0913, 0.010157, 0.623719, 1.00137
67, 0.967227, 0.000453816, -15.0885, 0.0102906, 0.640231, 1.01423
68, 0.968184, 0.000427497, -15.1006, 0.0100502, 0.610667, 0.991537
69, 0.966441, 0.000472265, -15.0744, 0.0104699, 0.662745, 1.03035
70, 0.968227, 0.000427502, -15.1076, 0.00999641, 0.604152, 0.987363
71, 0.967109, 0.000464908, -15.0873, 0.0103171, 0.643541, 1.01643
72, 0.967048, 0.000450946, -15.0811, 0.0101387, 0.621472, 0.99889
73, 0.968077, 0.00042949, -15.1065, 0.00995935, 0.599682, 0.983137
74, 0.967178, 0.000485957, -15.0958, 0.0103198, 0.643871, 1.01721
75, 0.968677, 0.000427241, -15.1173, 0.00998806, 0.603144, 0.986523
76, 0.967541, 0.000432936, -15.0882, 0.0100465, 0.610227, 0.990525
77, 0.967567, 0.000445735, -15.0956, 0.0101055, 0.617414, 0.997031
78, 0.968204, 0.000427732, -15.1044, 0.00988482, 0.59074, 0.975824
79, 0.968499, 0.000418025, -15.1067, 0.00996238, 0.600047, 0.983356
80, 0.967926, 0.000426704, -15.0973, 0.00993111, 0.596286, 0.979743
81, 0.9681, 0.000429255, -15.1023, 0.0100134, 0.606204, 0.988194
82, 0.967962, 0.000436192, -15.1004, 0.0101026, 0.617063, 0.996255
83, 0.966918, 0.000461776, -15.0816, 0.01019, 0.627782, 1.00432
84, 0.966876, 0.000465967, -15.0813, 0.0104335, 0.658142, 1.02759
85, 0.967893, 0.000426113, -15.0954, 0.0100327, 0.608546, 0.98995
86, 0.967359, 0.000458893, -15.0933, 0.0101808, 0.626643, 1.00374
87, 0.967803, 0.000439496, -15.0928, 0.0101961, 0.628532, 1.00542
88, 0.967361, 0.000472618, -15.0965, 0.0102692, 0.637578, 1.01267
89, 0.96735, 0.000475282, -15.0938, 0.0103779, 0.651143, 1.02235
90, 0.96682, 0.000458144, -15.0813, 0.0102023, 0.629297, 1.00549
91, 0.966727, 0.000471662, -15.0777, 0.0103952, 0.653314, 1.02357
92, 0.967102, 0.000438202, -15.0801, 0.0101428, 0.621972, 0.999581
93, 0.967944, 0.000441859, -15.1046, 0.0100496, 0.610594, 0.992009
94, 0.966652, 0.000497513, -15.0837, 0.0104021, 0.654189, 1.0241
95, 0.968198, 0.000423911, -15.103, 0.00991717, 0.594612, 0.979074
96, 0.967673, 0.000446264, -15.0972, 0.01017, 0.625323, 1.00336
97, 0.967494, 0.000428223, -15.0852, 0.010049, 0.610521, 0.990482
98, 0.967763, 0.000444584, -15.0965, 0.0101617, 0.624292, 1.00247
99, 0.967471, 0.000451937, -15.0922, 0.0102426, 0.634277, 1.0099
100, 0.96772, 0.00044482, -15.096, 0.010216, 0.630986, 1.00747

1.94444
1, 0.926787, 0.000806686, -14.207, 0.0148489, 1.18071, 1.22075
2, 0.93013, 0.000785841, -14.2607, 0.0148304, 1.17777, 1.22288
3, 0.92683, 0.000880217, -14.2315, 0.0152198, 1.24042, 1.2521
4, 0.929427, 0.000787569, -14.2485, 0.0146296, 1.14609, 1.20538
5, 0.919736, 0.001558, -14.1815, 0.016543, 1.46549, 1.34615
6, 0.928559, 0.000836152, -14.2464, 0.0149839, 1.20227, 1.23519
7, 0.929163, 0.000835939, -14.2556, 0.0150239, 1.2087, 1.23725
8, 0.926589, 0.000880402, -14.2135, 0.0152551, 1.24619, 1.2522
9, 0.929994, 0.000808808, -14.2699, 0.0146643, 1.15152, 1.20956
10, 0.928912, 0.000808614, -14.2452, 0.0146312, 1.14633, 1.20552
11, 0.927717, 0.00085695, -14.2282, 0.0151155, 1.22348, 1.24275
12, 0.925659, 0.000925318, -14.2, 0.0152776, 1.24986, 1.25302
13, 0.927814, 0.000884051, -14.2334, 0.0153528, 1.2622, 1.26097
14, 0.928248, 0.00085433, -14.2353, 0.0150091, 1.20632, 1.23364
15, 0.926728, 0.000873842, -14.2209, 0.0150311, 1.20986, 1.23608
16, 0.92788, 0.000862498, -14.2402, 0.0149553, 1.19769, 1.23075
17, 0.92793, 0.000888314, -14.2471, 0.0152588, 1.24679, 1.25537
18, 0.92789, 0.000845574, -14.2315, 0.0151864, 1.23498, 1.2491
19, 0.928287, 0.000828217, -14.231, 0.0149254, 1.1929, 1.22725
20, 0.926866, 0.000901041, -14.2158, 0.0154127, 1.27207, 1.26439
21, 0.929099, 0.00082825, -14.2601, 0.0149869, 1.20276, 1.2355
22, 0.927177, 0.000838908, -14.2082, 0.0150046, 1.20559, 1.23236
23, 0.926134, 0.000890413, -14.2058, 0.0150843, 1.21844, 1.23833
24, 0.925963, 0.000891609, -14.2061, 0.0155397, 1.29312, 1.27485
25, 0.92662, 0.000901802, -14.2249, 0.0151447, 1.22822, 1.24443
26, 0.928649, 0.000811505, -14.2401, 0.0148243, 1.1768, 1.22058
27, 0.926646, 0.000889847, -14.2126, 0.0154016, 1.27024, 1.2644
28, 0.925679, 0.000923937, -14.21, 0.0154279, 1.27457, 1.26417
29, 0.928438, 0.000809459, -14.2388, 0.0145311, 1.13071, 1.19658
30, 0.92912, 0.000776264, -14.2463, 0.0142479, 1.08705, 1.17461
31, 0.92708, 0.00089727, -14.2257, 0.0154865, 1.28428, 1.27262
32, 0.929646, 0.000802718, -14.2651, 0.0147496, 1.16496, 1.21635
33, 0.928628, 0.000827125, -14.2494, 0.0148438, 1.17989, 1.22296
34, 0.926039, 0.000878114, -14.2103, 0.0152874, 1.25146, 1.25611
35, 0.92723, 0.000880616, -14.2286, 0.014967, 1.19956, 1.23131
36, 0.928998, 0.000825192, -14.2569, 0.0149687, 1.19984, 1.23329
37, 0.927315, 0.000859028, -14.221, 0.0152281, 1.24178, 1.2513
38, 0.924015, 0.0011458, -14.2016, 0.0156091, 1.30468, 1.27737
39, 0.927345, 0.000855355, -14.2294, 0.0150459, 1.21225, 1.23769
40, 0.928073, 0.000827069, -14.2293, 0.0150017, 1.20513, 1.23379
41, 0.928069, 0.000798407, -14.2295, 0.0147977, 1.17257, 1.21809
42, 0.927891, 0.0008406, -14.2317, 0.0149128, 1.19088, 1.22781
43, 0.928321, 0.000846984, -14.2344, 0.0150282, 1.20938, 1.23645
44, 0.927304, 0.000907627, -14.2377, 0.015434, 1.27558, 1.26925
45, 0.928975, 0.000823412, -14.25, 0.0148293, 1.17759, 1.22127
46, 0.92742, 0.000846151, -14.2291, 0.0152377, 1.24334, 1.25365
47, 0.92828, 0.000807183, -14.2282, 0.0151194, 1.22412, 1.24374
48, 0.925549, 0.000903981, -14.1986, 0.0154305, 1.27501, 1.26472
49, 0.926115, 0.000939067, -14.2158, 0.0157129, 1.3221, 1.2895
50, 0.927439, 0.000843736, -14.2257, 0.0150735, 1.21669, 1.2392
51, 0.926584, 0.000866011, -14.2118, 0.0152105, 1.2389, 1.24993
52, 0.926293, 0.000867943, -14.2048, 0.0153175, 1.2564, 1.25721
53, 0.925812, 0.000911617, -14.2122, 0.0152679, 1.24828, 1.25425
54, 0.927654, 0.000861716, -14.2288, 0.0151301, 1.22585, 1.24398
55, 0.927969, 0.000867812, -14.2352, 0.015149, 1.22891, 1.24644
56, 0.929248, 0.000809896, -14.2535, 0.0150545, 1.21363, 1.23988
57, 0.926528, 0.000880498, -14.2142, 0.0155091, 1.28802, 1.27331
58, 0.92566, 0.000860755, -14.1963, 0.0149672, 1.1996, 1.22842
59, 0.928335, 0.000858221, -14.2462, 0.0148419, 1.17959, 1.22201
60, 0.929855, 0.000808802, -14.2657, 0.0147174, 1.15988, 1.21327
61, 0.929308, 0.000832401, -14.2509, 0.0150147, 1.20722, 1.23672
62, 0.92517, 0.000954902, -14.2037, 0.0158978, 1.35341, 1.30251
63, 0.927613, 0.0008302, -14.2246, 0.0150024, 1.20524, 1.23327
64, 0.927376, 0.000872694, -14.2382, 0.0150556, 1.21381, 1.23991
65, 0.928964, 0.00081128, -14.255, 0.0147585, 1.16637, 1.2173
66, 0.926208, 0.000861929, -14.2058, 0.0153835, 1.26726, 1.2629
67, 0.925972, 0.000893156, -14.2144, 0.0152837, 1.25086, 1.25561
68, 0.926494, 0.000844666, -14.2061, 0.014996, 1.20421, 1.23242
69, 0.926334, 0.000889908, -14.2087, 0.0151788, 1.23375, 1.24541
70, 0.927698, 0.00084598, -14.2324, 0.0150167, 1.20755, 1.23618
71, 0.928691, 0.000942483, -14.2585, 0.0151058, 1.2219, 1.24251
72, 0.92771, 0.000882492, -14.2362, 0.0152968, 1.253, 1.25809
73, 0.928468, 0.000863486, -14.2477, 0.0151555, 1.22996, 1.24711
74, 0.9297, 0.000783925, -14.2575, 0.0147416, 1.16369, 1.21533
75, 0.929449, 0.000826452, -14.254, 0.0148676, 1.18368, 1.2247
76, 0.928638, 0.000849034, -14.2507, 0.0149017, 1.18912, 1.22798
77, 0.926316, 0.00089056, -14.2151, 0.0152917, 1.25217, 1.25677
78, 0.928993, 0.000847051, -14.2612, 0.0149976, 1.20447, 1.23553
79, 0.92818, 0.000832123, -14.2367, 0.0150112, 1.20666, 1.23596
80, 0.92838, 0.000812668, -14.2441, 0.0148726, 1.18447, 1.22435
81, 0.923987, 0.00125201, -14.2154, 0.0158662, 1.34803, 1.29908
82, 0.927916, 0.000900121, -14.2424, 0.0151663, 1.23172, 1.24687
83, 0.929141, 0.000819747, -14.2474, 0.0147271, 1.16141, 1.21302
84, 0.926409, 0.000910453, -14.218, 0.0154441, 1.27726, 1.26815
85, 0.929262, 0.000854915, -14.247, 0.0148872, 1.18681, 1.22538
86, 0.929052, 0.000838918, -14.2525, 0.0149976, 1.20448, 1.23458
87, 0.92639, 0.000903151, -14.2187, 0.0154, 1.26997, 1.265
88, 0.929228, 0.000788574, -14.2416, 0.014836, 1.17865, 1.2219
89, 0.92712, 0.000970035, -14.2414, 0.0154268, 1.27439, 1.26786
90, 0.926102, 0.000948675, -14.2101, 0.0153743, 1.26573, 1.26002
91, 0.927552, 0.000827576, -14.237, 0.0146948, 1.15633, 1.21101
92, 0.927329, 0.000833829, -14.2158, 0.015215, 1.23964, 1.2502
93, 0.928652, 0.000806092, -14.2341, 0.0147053, 1.15798, 1.21031
94, 0.925888, 0.000920828, -14.2058, 0.0152628, 1.24744, 1.25246
95, 0.927696, 0.000858106, -14.2288, 0.015049, 1.21275, 1.23867
96, 0.925488, 0.000891295, -14.1937, 0.0155528, 1.2953, 1.27559
97, 0.929193, 0.000786617, -14.2422, 0.01482, 1.17611, 1.2203
98, 0.926404, 0.000872174, -14.218, 0.0153549, 1.26254, 1.26111
99, 0.92989, 0.000807197, -14.2656, 0.0149559, 1.19778, 1.23334
100, 0.929855, 0.000785932, -14.2646, 0.0144066, 1.11141, 1.19

2.16667
1, 0.83268, 0.00211708, -12.7581, 0.0222126, 2.37112, 1.46654
2, 0.815481, 0.00270539, -12.6454, 0.0233303, 2.61576, 1.52441
3, 0.81555, 0.00263555, -12.6529, 0.023296, 2.60806, 1.52401
4, 0.815278, 0.00272772, -12.6637, 0.0242491, 2.82583, 1.58409
5, 0.822223, 0.00232807, -12.668, 0.0231654, 2.57891, 1.51966
6, 0.815741, 0.00249121, -12.6099, 0.0238194, 2.72658, 1.55279
7, 0.827659, 0.00228066, -12.7318, 0.0224064, 2.41268, 1.47791
8, 0.831394, 0.00209753, -12.7453, 0.0224873, 2.43014, 1.48259
9, 0.824416, 0.00252611, -12.7205, 0.0235253, 2.65965, 1.54393
10, 0.83334, 0.00204381, -12.7472, 0.0218254, 2.28919, 1.44217
11, 0.84172, 0.00176518, -12.8225, 0.0217324, 2.2697, 1.44219
12, 0.83324, 0.0021256, -12.7597, 0.0224029, 2.41192, 1.47808
13, 0.834466, 0.00188015, -12.7558, 0.0215405, 2.22982, 1.42656
14, 0.839137, 0.00188924, -12.8178, 0.0217056, 2.26412, 1.4413
15, 0.817301, 0.00262951, -12.6621, 0.0239125, 2.74794, 1.56312
16, 0.823858, 0.00220253, -12.6709, 0.0228661, 2.51269, 1.4995
17, 0.829123, 0.00216138, -12.7187, 0.0225452, 2.44265, 1.48453
18, 0.822593, 0.00230932, -12.6871, 0.0225088, 2.43479, 1.47746
19, 0.81473, 0.00257906, -12.6246, 0.0238766, 2.73969, 1.55769
20, 0.834491, 0.00200494, -12.7593, 0.0223244, 2.39506, 1.47493
21, 0.828442, 0.00218636, -12.7041, 0.0226138, 2.45754, 1.48522
22, 0.818054, 0.00255793, -12.6745, 0.0236563, 2.68936, 1.54955
23, 0.808562, 0.00263994, -12.5769, 0.0236923, 2.69756, 1.53917
24, 0.83307, 0.00196788, -12.7338, 0.0220646, 2.33964, 1.456
25, 0.808464, 0.003041, -12.6448, 0.0241482, 2.80237, 1.57541
26, 0.81731, 0.00260082, -12.6291, 0.0236906, 2.69717, 1.54376
27, 0.820995, 0.00224196, -12.6573, 0.0226149, 2.45779, 1.48256
28, 0.823992, 0.00220272, -12.6913, 0.0225857, 2.45144, 1.48445
29, 0.835282, 0.00209278, -12.7749, 0.0224561, 2.42339, 1.482
30, 0.806809, 0.00277806, -12.5756, 0.0244213, 2.8661, 1.58576
31, 0.826279, 0.0022358, -12.6986, 0.0227881, 2.49558, 1.49606
32, 0.831545, 0.00214825, -12.7405, 0.0221518, 2.35816, 1.46112
33, 0.828029, 0.00215909, -12.7195, 0.0225084, 2.43471, 1.48041
34, 0.83532, 0.00186932, -12.7652, 0.021566, 2.23508, 1.42841
35, 0.838475, 0.00188972, -12.7999, 0.0218773, 2.30008, 1.44841
36, 0.82643, 0.0021905, -12.7044, 0.0225943, 2.45332, 1.48798
37, 0.822303, 0.00235943, -12.6812, 0.0230852, 2.56108, 1.51485
38, 0.82204, 0.00264495, -12.713, 0.0231472, 2.57486, 1.51794
39, 0.81913, 0.00242411, -12.6337, 0.0232415, 2.59589, 1.51938
40, 0.819891, 0.00273258, -12.7, 0.023275, 2.60337, 1.52519
41, 0.83869, 0.00195469, -12.7959, 0.0218365, 2.29151, 1.44692
42, 0.830258, 0.00215103, -12.7284, 0.0222314, 2.37514, 1.46431
43, 0.831732, 0.00232234, -12.7739, 0.0231122, 2.56707, 1.52424
44, 0.825851, 0.00238221, -12.7089, 0.0232385, 2.59521, 1.52473
45, 0.821812, 0.00260868, -12.7111, 0.0233061, 2.61033, 1.52851
46, 0.830057, 0.00215856, -12.723, 0.022145, 2.35671, 1.45591
47, 0.829719, 0.00214653, -12.7363, 0.0223497, 2.40049, 1.47344
48, 0.821984, 0.00210281, -12.6369, 0.0228721, 2.51402, 1.49838
49, 0.838438, 0.00184654, -12.7972, 0.0211749, 2.15475, 1.40365
50, 0.82275, 0.00221137, -12.6661, 0.0230274, 2.54828, 1.51053
51, 0.81759, 0.00238077, -12.6234, 0.0234647, 2.64598, 1.5326
52, 0.822852, 0.00216118, -12.6505, 0.0228491, 2.50896, 1.49726
53, 0.828432, 0.00226112, -12.735, 0.0228969, 2.51948, 1.50594
54, 0.812108, 0.00279202, -12.6511, 0.0235811, 2.67229, 1.54304
55, 0.8252, 0.00266985, -12.7389, 0.0234121, 2.63413, 1.5378
56, 0.833848, 0.00208865, -12.7598, 0.0219529, 2.316, 1.44845
57, 0.808601, 0.00275936, -12.5888, 0.0242537, 2.82691, 1.57608
58, 0.819827, 0.0026995, -12.7054, 0.0237352, 2.70733, 1.55429
59, 0.830901, 0.00222473, -12.7415, 0.0229047, 2.5212, 1.50926
60, 0.818202, 0.00244924, -12.657, 0.0238689, 2.73791, 1.56272
61, 0.822684, 0.00225643, -12.6525, 0.0232951, 2.60786, 1.52337
62, 0.804141, 0.00302042, -12.5544, 0.0248106, 2.95821, 1.60908
63, 0.828524, 0.00222982, -12.7487, 0.0225881, 2.45197, 1.49279
64, 0.826044, 0.00248533, -12.747, 0.02284, 2.50697, 1.50675
65, 0.813, 0.00261413, -12.6236, 0.0231482, 2.57508, 1.51243
66, 0.823056, 0.00237959, -12.7081, 0.0228332, 2.50548, 1.50076
67, 0.832525, 0.00208468, -12.746, 0.0221838, 2.36498, 1.46477
68, 0.822299, 0.00257273, -12.7038, 0.023043, 2.55172, 1.51405
69, 0.826209, 0.00244433, -12.741, 0.0238034, 2.72292, 1.56376
70, 0.81467, 0.00273332, -12.6404, 0.0236911, 2.69728, 1.54819
71, 0.832212, 0.00203856, -12.7332, 0.0222604, 2.38135, 1.46625
72, 0.820823, 0.00240853, -12.673, 0.0229941, 2.54092, 1.50827
73, 0.825934, 0.00248204, -12.7408, 0.0226656, 2.46883, 1.49153
74, 0.823559, 0.00223348, -12.6764, 0.0230606, 2.55562, 1.51284
75, 0.821882, 0.00250052, -12.6801, 0.0233196, 2.61336, 1.52765
76, 0.811362, 0.0028432, -12.632, 0.0242199, 2.81904, 1.57892
77, 0.809069, 0.00288315, -12.6295, 0.0244857, 2.88125, 1.59416
78, 0.823752, 0.00233964, -12.7077, 0.0234963, 2.6531, 1.54339
79, 0.829991, 0.00213116, -12.7429, 0.0222231, 2.37336, 1.46708
80, 0.831963, 0.00200666, -12.7397, 0.0225882, 2.45199, 1.4892
81, 0.832154, 0.00208971, -12.7293, 0.0224802, 2.4286, 1.4793
82, 0.828718, 0.00229512, -12.7351, 0.0229338, 2.5276, 1.50859
83, 0.824055, 0.00229759, -12.6774, 0.0229245, 2.52555, 1.50251
84, 0.812168, 0.0027563, -12.6421, 0.0237763, 2.71671, 1.55199
85, 0.82394, 0.00242133, -12.6989, 0.0230913, 2.56244, 1.51429
86, 0.825276, 0.00228965, -12.6943, 0.0231353, 2.57221, 1.51862
87, 0.839099, 0.00185199, -12.7931, 0.0216575, 2.25409, 1.43559
88, 0.82392, 0.00212188, -12.6566, 0.0226979, 2.47586, 1.48853
89, 0.821407, 0.00243225, -12.6812, 0.0228392, 2.50678, 1.49799
90, 0.825745, 0.00219105, -12.6956, 0.0226656, 2.46882, 1.49054
91, 0.828137, 0.00200747, -12.7037, 0.0220719, 2.34118, 1.45365
92, 0.834873, 0.00205383, -12.775, 0.0218578, 2.29598, 1.44392
93, 0.829598, 0.00209673, -12.7272, 0.0225754, 2.44922, 1.48544
94, 0.826174, 0.00253285, -12.7256, 0.0230553, 2.55444, 1.51357
95, 0.826963, 0.00245804, -12.7304, 0.023627, 2.6827, 1.55212
96, 0.836052, 0.00188503, -12.7589, 0.0218453, 2.29336, 1.44497
97, 0.829201, 0.00206742, -12.7052, 0.0220614, 2.33896, 1.45364
98, 0.829501, 0.00216653, -12.7261, 0.0225189, 2.43696, 1.48393
99, 0.835927, 0.00207629, -12.7999, 0.0222987, 2.38954, 1.47884
100, 0.808446, 0.00286031, -12.6029, 0.0239874, 2.76516, 1.56102

2.38889
1, 0.557462, 0.00445815, -10.2821, 0.0283312, 3.4985, 1.38536
2, 0.524696, 0.00464793, -10.1042, 0.0276043, 3.32128, 1.33093
3, 0.546175, 0.00466786, -10.2352, 0.0283903, 3.51312, 1.38112
4, 0.521763, 0.00470982, -10.122, 0.0276956, 3.34328, 1.33483
5, 0.561987, 0.00450979, -10.3165, 0.0280588, 3.43155, 1.37528
6, 0.528902, 0.00468444, -10.1558, 0.0278663, 3.38462, 1.35336
7, 0.530643, 0.0046146, -10.147, 0.0278557, 3.38205, 1.34853
8, 0.525026, 0.00468341, -10.1155, 0.0279951, 3.41599, 1.35055
9, 0.541861, 0.00463031, -10.2217, 0.0276619, 3.33516, 1.34763
10, 0.528188, 0.00479326, -10.1675, 0.0280803, 3.43681, 1.36221
11, 0.507598, 0.00480208, -10.0538, 0.0288648, 3.63154, 1.38799
12, 0.517862, 0.00496628, -10.1183, 0.0287974, 3.61459, 1.39036
13, 0.552606, 0.00462384, -10.2653, 0.0286382, 3.57474, 1.40045
14, 0.57359, 0.00415934, -10.3303, 0.0275957, 3.31922, 1.35727
15, 0.529787, 0.00440165, -10.1142, 0.0266877, 3.10437, 1.28433
16, 0.563195, 0.00465484, -10.3206, 0.0285394, 3.5501, 1.40073
17, 0.558598, 0.00449575, -10.3019, 0.0275939, 3.31878, 1.35219
18, 0.524517, 0.00477424, -10.1232, 0.028213, 3.46936, 1.3608
19, 0.520164, 0.00475912, -10.112, 0.0274018, 3.27273, 1.32224
20, 0.516528, 0.00480743, -10.1134, 0.0280923, 3.43976, 1.35268
21, 0.547302, 0.00455344, -10.2319, 0.0270555, 3.19053, 1.317
22, 0.591091, 0.00423768, -10.4095, 0.0279321, 3.40062, 1.37886
23, 0.533632, 0.00488037, -10.2179, 0.0285234, 3.54612, 1.39018
24, 0.553785, 0.00441665, -10.2224, 0.0274616, 3.28703, 1.33762
25, 0.526211, 0.00460887, -10.1341, 0.0276724, 3.33769, 1.33961
26, 0.512391, 0.00480594, -10.0875, 0.027804, 3.3695, 1.33885
27, 0.547829, 0.00446073, -10.2357, 0.0276203, 3.32512, 1.34868
28, 0.523951, 0.00472214, -10.1459, 0.0274472, 3.28357, 1.33017
29, 0.51475, 0.00455193, -10.0393, 0.0270088, 3.17953, 1.29287
30, 0.503673, 0.00472425, -10.0526, 0.0276287, 3.32716, 1.32737
31, 0.547461, 0.00445446, -10.2128, 0.0278478, 3.38013, 1.35755
32, 0.512826, 0.00473335, -10.0663, 0.0279387, 3.40224, 1.34136
33, 0.524375, 0.00476839, -10.1676, 0.0279169, 3.39692, 1.3542
34, 0.521167, 0.00485306, -10.1102, 0.0288837, 3.63627, 1.39679
35, 0.535635, 0.00458051, -10.197, 0.0280408, 3.42714, 1.36477
36, 0.541511, 0.00446143, -10.1724, 0.0277969, 3.36778, 1.35074
37, 0.557227, 0.00450769, -10.2568, 0.0277404, 3.35411, 1.3528
38, 0.532338, 0.00469431, -10.206, 0.0278805, 3.38808, 1.35615
39, 0.548687, 0.00453105, -10.2245, 0.0279988, 3.41688, 1.3651
40, 0.525309, 0.00484916, -10.1412, 0.0287569, 3.60443, 1.39289
41, 0.524436, 0.00465487, -10.0937, 0.0279468, 3.40422, 1.3475
42, 0.543728, 0.00461049, -10.1998, 0.0283204, 3.49582, 1.37771
43, 0.531885, 0.00459656, -10.1532, 0.0270766, 3.1955, 1.3098
44, 0.536976, 0.00460783, -10.1759, 0.0277966, 3.36771, 1.35035
45, 0.547113, 0.00461086, -10.2403, 0.0275094, 3.29848, 1.34016
46, 0.48731, 0.00496669, -9.99227, 0.0282894, 3.48817, 1.35214
47, 0.546789, 0.00447845, -10.2013, 0.0276467, 3.3315, 1.34656
48, 0.545252, 0.00463609, -10.2043, 0.0288772, 3.63465, 1.40434
49, 0.524849, 0.0045014, -10.1037, 0.0273589, 3.26248, 1.31922
50, 0.547402, 0.00467015, -10.2173, 0.0288302, 3.62284, 1.40747
51, 0.531937, 0.00466793, -10.1825, 0.0275088, 3.29835, 1.33588
52, 0.551291, 0.00470751, -10.2668, 0.0288516, 3.62822, 1.4101
53, 0.597073, 0.00404346, -10.4355, 0.0276069, 3.32191, 1.37075
54, 0.541231, 0.00455425, -10.2093, 0.0278464, 3.37979, 1.35412
55, 0.540708, 0.00461093, -10.2151, 0.0282477, 3.4779, 1.37635
56, 0.520733, 0.00460574, -10.0909, 0.0271028, 3.2017, 1.30539
57, 0.54678, 0.00485432, -10.265, 0.0292121, 3.71945, 1.43076
58, 0.546984, 0.00463477, -10.2327, 0.0285967, 3.56438, 1.39115
59, 0.48569, 0.00495424, -9.99249, 0.0283475, 3.50252, 1.3545
60, 0.538556, 0.00478975, -10.2201, 0.0290125, 3.66878, 1.41554
61, 0.521489, 0.00466281, -10.0769, 0.0282516, 3.47886, 1.35892
62, 0.545883, 0.00456339, -10.2144, 0.027887, 3.38966, 1.356
63, 0.542486, 0.00471499, -10.2186, 0.0290934, 3.68927, 1.41879
64, 0.555166, 0.0044907, -10.2463, 0.0278763, 3.38706, 1.36086
65, 0.500217, 0.0047201, -10.0049, 0.0274225, 3.27767, 1.31085
66, 0.500582, 0.00493369, -10.0173, 0.0290756, 3.68475, 1.39188
67, 0.57031, 0.00436468, -10.348, 0.0277112, 3.34705, 1.36078
68, 0.523499, 0.00466373, -10.1203, 0.0282628, 3.48164, 1.36538
69, 0.520464, 0.00467916, -10.1764, 0.0274744, 3.29009, 1.33653
70, 0.518148, 0.0047053, -10.1141, 0.0275403, 3.3059, 1.32721
71, 0.532614, 0.00461591, -10.1689, 0.0281892, 3.46351, 1.36669
72, 0.55411, 0.00457656, -10.2614, 0.0284398, 3.52536, 1.38999
73, 0.527138, 0.00480785, -10.1865, 0.0278078, 3.37042, 1.35078
74, 0.570934, 0.00438771, -10.3215, 0.0277492, 3.35624, 1.36249
75, 0.525348, 0.00451988, -10.0859, 0.0277601, 3.35889, 1.33507
76, 0.560938, 0.00432276, -10.281, 0.0273637, 3.26364, 1.34138
77, 0.537125, 0.00464198, -10.185, 0.027923, 3.39842, 1.35523
78, 0.550588, 0.00458819, -10.2595, 0.0283748, 3.50928, 1.38546
79, 0.550436, 0.00457017, -10.2364, 0.0287984, 3.61484, 1.4049
80, 0.557139, 0.00440858, -10.2503, 0.0272314, 3.23215, 1.32583
81, 0.553534, 0.00454925, -10.2698, 0.0281304, 3.44909, 1.37508
82, 0.552817, 0.00467836, -10.2861, 0.0285106, 3.54295, 1.39354
83, 0.53237, 0.00456505, -10.181, 0.0277746, 3.36239, 1.34982
84, 0.525827, 0.00474685, -10.1199, 0.028516, 3.54429, 1.37549
85, 0.512734, 0.00465136, -10.0431, 0.0276841, 3.34051, 1.32674
86, 0.524913, 0.00462394, -10.0978, 0.0278697, 3.38545, 1.34169
87, 0.517773, 0.00481695, -10.1352, 0.02864, 3.57517, 1.39037
88, 0.49917, 0.00477291, -10.0185, 0.0273568, 3.26199, 1.30849
89, 0.535121, 0.00469455, -10.1669, 0.0280881, 3.43871, 1.36053
90, 0.532931, 0.00449486, -10.1297, 0.0281978, 3.46563, 1.36802
91, 0.514105, 0.00481946, -10.1193, 0.0286701, 3.5827, 1.38319
92, 0.52922, 0.00447598, -10.0912, 0.0282822, 3.4864, 1.36231
93, 0.533127, 0.00469015, -10.1859, 0.0280894, 3.43903, 1.36346
94, 0.495802, 0.00486436, -10.0373, 0.027873, 3.38626, 1.3381
95, 0.567288, 0.00457086, -10.3447, 0.0281382, 3.451, 1.38295
96, 0.516039, 0.00487404, -10.0974, 0.0286685, 3.58231, 1.38124
97, 0.511978, 0.00483686, -10.125, 0.0278985, 3.39245, 1.34674
98, 0.557765, 0.00455597, -10.2988, 0.0280775, 3.43613, 1.37683
99, 0.552302, 0.00465988, -10.2686, 0.0281847, 3.46242, 1.37678
100, 0.540045, 0.00461697, -10.1996, 0.0280572, 3.43116, 1.36364

2.61111
1, 0.292164, 0.00376857, -8.22625, 0.02209, 1.94588, 0.797235
2, 0.285657, 0.00372735, -8.17936, 0.0226696, 2.04932, 0.816464
3, 0.29433, 0.00377669, -8.2263, 0.0224373, 2.00754, 0.808792
4, 0.300513, 0.00383743, -8.24211, 0.0224646, 2.01242, 0.812731
5, 0.306859, 0.00393511, -8.28107, 0.0229764, 2.10516, 0.838996
6, 0.284367, 0.00380361, -8.21162, 0.0222009, 1.96545, 0.800983
7, 0.290778, 0.00361862, -8.22379, 0.0220315, 1.93557, 0.795363
8, 0.295458, 0.00377813, -8.2173, 0.0221386, 1.95445, 0.795917
9, 0.321586, 0.00394873, -8.33422, 0.0230685, 2.12208, 0.843475
10, 0.324693, 0.00406227, -8.33817, 0.0233422, 2.17273, 0.855018
11, 0.317777, 0.00394754, -8.33163, 0.0230085, 2.11106, 0.842708
12, 0.307868, 0.00385191, -8.28476, 0.0226882, 2.05268, 0.825691
13, 0.310186, 0.00390402, -8.27066, 0.0232918, 2.16336, 0.847594
14, 0.309555, 0.00389175, -8.27519, 0.0223616, 1.99401, 0.811984
15, 0.292348, 0.00368797, -8.21879, 0.0221108, 1.94953, 0.798711
16, 0.308766, 0.00390146, -8.29616, 0.0233653, 2.17703, 0.850868
17, 0.298822, 0.00390808, -8.2476, 0.0229634, 2.10279, 0.833926
18, 0.332645, 0.00410808, -8.38619, 0.0246261, 2.41833, 0.908862
19, 0.29538, 0.00377955, -8.25335, 0.0222631, 1.97649, 0.80858
20, 0.293141, 0.00374022, -8.23296, 0.0219864, 1.92766, 0.791859
21, 0.304259, 0.00386377, -8.29094, 0.0227109, 2.0568, 0.829179
22, 0.32879, 0.00385236, -8.33798, 0.0228138, 2.07547, 0.834119
23, 0.297043, 0.00381604, -8.23474, 0.0222242, 1.96959, 0.804165
24, 0.293914, 0.00387141, -8.23001, 0.0230678, 2.12195, 0.836317
25, 0.288795, 0.00368232, -8.18894, 0.0220173, 1.93309, 0.79129
26, 0.302988, 0.00377664, -8.23476, 0.0233353, 2.17145, 0.846313
27, 0.292063, 0.00355481, -8.20926, 0.0215612, 1.85382, 0.774399
28, 0.323445, 0.0038554, -8.3116, 0.0232763, 2.16049, 0.851924
29, 0.292211, 0.00373629, -8.19099, 0.0220028, 1.93053, 0.790543
30, 0.289134, 0.00364666, -8.23366, 0.0220102, 1.93184, 0.796577
31, 0.298473, 0.003913, -8.24535, 0.023087, 2.12548, 0.835069
32, 0.290326, 0.00368566, -8.22789, 0.0213857, 1.82377, 0.768962
33, 0.27802, 0.00366661, -8.18775, 0.02177, 1.8899, 0.781763
34, 0.273726, 0.00378264, -8.17685, 0.0223925, 1.99952, 0.804904
35, 0.305488, 0.00380498, -8.27329, 0.0221843, 1.96252, 0.806481
36, 0.311873, 0.00379804, -8.28629, 0.0224697, 2.01335, 0.817422
37, 0.304744, 0.003849, -8.26078, 0.02247, 2.0134, 0.816573
38, 0.298638, 0.00379878, -8.25254, 0.0223272, 1.98789, 0.811055
39, 0.305428, 0.00389763, -8.29381, 0.0225704, 2.03142, 0.822544
40, 0.276537, 0.00374071, -8.21984, 0.0219375, 1.91909, 0.79163
41, 0.282307, 0.00373966, -8.17366, 0.0227779, 2.06895, 0.823578
42, 0.299967, 0.00394412, -8.26608, 0.0234925, 2.20081, 0.857196
43, 0.298566, 0.00382578, -8.27765, 0.0227391, 2.0619, 0.827899
44, 0.301399, 0.00380824, -8.24614, 0.0222916, 1.98155, 0.806615
45, 0.281892, 0.00370267, -8.19523, 0.0220161, 1.93288, 0.793721
46, 0.273866, 0.00367908, -8.21056, 0.0218535, 1.90443, 0.785453
47, 0.284972, 0.00372765, -8.22951, 0.0215906, 1.85888, 0.779031
48, 0.305664, 0.0038899, -8.26356, 0.0229029, 2.09171, 0.83185
49, 0.298891, 0.0039155, -8.26013, 0.0229727, 2.10449, 0.836679
50, 0.294619, 0.0036579, -8.2489, 0.0220553, 1.93976, 0.797328
51, 0.297954, 0.00372021, -8.22165, 0.0220997, 1.94758, 0.796909
52, 0.30921, 0.00389379, -8.30171, 0.0232044, 2.14716, 0.848911
53, 0.304961, 0.00395065, -8.30188, 0.0227863, 2.07048, 0.832169
54, 0.295732, 0.00360511, -8.23121, 0.0215996, 1.86044, 0.77906
55, 0.302653, 0.00391173, -8.25004, 0.0229387, 2.09827, 0.832715
56, 0.296214, 0.00382907, -8.25461, 0.0229293, 2.09654, 0.83345
57, 0.289033, 0.0036682, -8.20922, 0.0220116, 1.93209, 0.790864
58, 0.327986, 0.00399677, -8.33079, 0.0231954, 2.14549, 0.849787
59, 0.286494, 0.00368132, -8.18674, 0.0215203, 1.84679, 0.77295
60, 0.334307, 0.00391526, -8.36269, 0.0232306, 2.15201, 0.853647
61, 0.298636, 0.00389618, -8.23362, 0.0228988, 2.09098, 0.831143
62, 0.307113, 0.00377903, -8.25484, 0.0219745, 1.92557, 0.796452
63, 0.300459, 0.00371347, -8.2631, 0.0228821, 2.08793, 0.829674
64, 0.28721, 0.0038079, -8.25366, 0.0217774, 1.89119, 0.787886
65, 0.289877, 0.00379164, -8.22029, 0.0225328, 2.02466, 0.813719
66, 0.299373, 0.00374927, -8.21469, 0.0221076, 1.94898, 0.797053
67, 0.287713, 0.00372609, -8.1753, 0.0222858, 1.98052, 0.801487
68, 0.291713, 0.00382631, -8.22679, 0.022529, 2.02398, 0.814658
69, 0.301948, 0.00385873, -8.2502, 0.0228278, 2.07803, 0.828549
70, 0.307581, 0.00371819, -8.23607, 0.0226035, 2.03739, 0.816946
71, 0.28538, 0.00375231, -8.22561, 0.0219909, 1.92845, 0.793003
72, 0.30289, 0.0038984, -8.26529, 0.022913, 2.09357, 0.831286
73, 0.315916, 0.00382263, -8.27518, 0.0226754, 2.05037, 0.824492
74, 0.301882, 0.00388274, -8.2619, 0.0228879, 2.08898, 0.831005
75, 0.300127, 0.0038529, -8.26083, 0.0227465, 2.06326, 0.825136
76, 0.327173, 0.00395981, -8.34635, 0.0234246, 2.18809, 0.859559
77, 0.287839, 0.00369686, -8.22089, 0.021948, 1.92094, 0.793753
78, 0.296316, 0.00391084, -8.25067, 0.0229862, 2.10696, 0.834547
79, 0.301588, 0.0038941, -8.28084, 0.0225769, 2.03259, 0.82201
80, 0.315176, 0.00391546, -8.33197, 0.023071, 2.12253, 0.845319
81, 0.300261, 0.00398735, -8.28717, 0.0227658, 2.06674, 0.828363
82, 0.300477, 0.00381839, -8.23989, 0.0229875, 2.1072, 0.83315
83, 0.294642, 0.00385406, -8.24783, 0.0224997, 2.01872, 0.816566
84, 0.294419, 0.00371852, -8.1935, 0.0219654, 1.92398, 0.787302
85, 0.28235, 0.00370788, -8.1851, 0.022079, 1.94393, 0.792025
86, 0.296575, 0.00384315, -8.2473, 0.0223145, 1.98562, 0.809381
87, 0.310873, 0.00402236, -8.33103, 0.0230281, 2.11465, 0.843685
88, 0.290392, 0.00372961, -8.2269, 0.022165, 1.95911, 0.801989
89, 0.289497, 0.00380888, -8.26158, 0.0223584, 1.99344, 0.810702
90, 0.301282, 0.00384499, -8.23745, 0.0228092, 2.07464, 0.828309
91, 0.293047, 0.00383793, -8.19506, 0.0225886, 2.0347, 0.812385
92, 0.315341, 0.00383297, -8.26936, 0.0225378, 2.02557, 0.817019
93, 0.312148, 0.00395588, -8.28846, 0.0232729, 2.15985, 0.852494
94, 0.287721, 0.00378545, -8.21061, 0.0223071, 1.98431, 0.803617
95, 0.292192, 0.00387731, -8.20321, 0.0227172, 2.05795, 0.822529
96, 0.29413, 0.00384699, -8.24382, 0.0229729, 2.10452, 0.832813
97, 0.289649, 0.00384496, -8.25324, 0.0231979, 2.14595, 0.843485
98, 0.285977, 0.00357588, -8.18422, 0.0214291, 1.83117, 0.769277
99, 0.306155, 0.00382091, -8.23755, 0.0224226, 2.00491, 0.810928
100, 0.295697, 0.00386066, -8.27229, 0.0228187, 2.07636, 0.830836

2.83333
1, 0.202416, 0.00287369, -7.12705, 0.0197248, 1.42979, 0.566091
2, 0.205584, 0.00288117, -7.13835, 0.0197783, 1.43756, 0.569303
3, 0.195619, 0.0028092, -7.11534, 0.0194427, 1.38919, 0.558168
4, 0.199962, 0.00281699, -7.1352, 0.0193686, 1.37863, 0.557059
5, 0.21169, 0.00292431, -7.16927, 0.0200184, 1.47268, 0.577098
6, 0.208131, 0.00294535, -7.13309, 0.0198282, 1.44483, 0.570286
7, 0.203523, 0.00284699, -7.14655, 0.0199655, 1.46491, 0.577274
8, 0.203459, 0.00281739, -7.1286, 0.0193012, 1.36905, 0.554584
9, 0.205371, 0.00284644, -7.12675, 0.0196814, 1.42351, 0.566029
10, 0.200749, 0.00286656, -7.13101, 0.0196492, 1.41886, 0.564996
11, 0.209474, 0.00288553, -7.15464, 0.0196298, 1.41606, 0.56613
12, 0.202351, 0.00287936, -7.17131, 0.0199172, 1.45783, 0.576624
13, 0.210953, 0.0029123, -7.18239, 0.0199388, 1.46099, 0.576841
14, 0.208314, 0.00293155, -7.13489, 0.0195594, 1.40592, 0.563062
15, 0.214145, 0.00291855, -7.13761, 0.0196762, 1.42276, 0.565778
16, 0.204855, 0.00284949, -7.17315, 0.0194835, 1.39504, 0.562655
17, 0.203024, 0.00286886, -7.10872, 0.0198627, 1.44986, 0.570066
18, 0.202002, 0.0028554, -7.15656, 0.0195757, 1.40826, 0.563232
19, 0.209673, 0.00290928, -7.16846, 0.0199129, 1.45721, 0.575796
20, 0.208917, 0.00288654, -7.18369, 0.0198225, 1.444, 0.574257
21, 0.214591, 0.00285808, -7.16945, 0.0193078, 1.36998, 0.556248
22, 0.205555, 0.0029075, -7.1429, 0.0197836, 1.43833, 0.571286
23, 0.204621, 0.00280433, -7.12141, 0.0195264, 1.40118, 0.559563
24, 0.21722, 0.00302022, -7.17403, 0.0201873, 1.49764, 0.5847
25, 0.209584, 0.00290496, -7.15512, 0.0197805, 1.43788, 0.569622
26, 0.216135, 0.00301796, -7.18271, 0.0202741, 1.51054, 0.589583
27, 0.204679, 0.00282931, -7.12124, 0.01935, 1.37599, 0.554539
28, 0.210444, 0.00297738, -7.17875, 0.0198581, 1.44919, 0.574103
29, 0.220391, 0.00301688, -7.18633, 0.0199042, 1.45592, 0.577943
30, 0.206752, 0.00299597, -7.13466, 0.0198349, 1.4458, 0.572236
31, 0.205066, 0.00288152, -7.11781, 0.0197622, 1.43523, 0.565771
32, 0.201705, 0.00283156, -7.13987, 0.0197847, 1.4385, 0.57005
33, 0.198707, 0.00285835, -7.11389, 0.0196378, 1.41721, 0.56412
34, 0.203573, 0.00291148, -7.11895, 0.0196844, 1.42395, 0.566015
35, 0.21103, 0.00296407, -7.18216, 0.0199567, 1.46362, 0.578411
36, 0.209755, 0.00284116, -7.15149, 0.0195112, 1.39901, 0.561482
37, 0.216566, 0.00304066, -7.19259, 0.0203287, 1.51869, 0.590536
38, 0.201148, 0.0027704, -7.12148, 0.0191356, 1.34566, 0.547457
39, 0.205368, 0.00290465, -7.1461, 0.0194868, 1.39551, 0.561255
40, 0.203533, 0.00295356, -7.15353, 0.0201661, 1.49449, 0.583374
41, 0.199951, 0.00288159, -7.15061, 0.0195456, 1.40395, 0.563052
42, 0.20112, 0.00285528, -7.09989, 0.0194511, 1.3904, 0.557851
43, 0.199189, 0.00271177, -7.11139, 0.0192044, 1.35536, 0.549403
44, 0.210209, 0.00283661, -7.15389, 0.0197786, 1.43761, 0.571005
45, 0.206307, 0.00292225, -7.14588, 0.0199007, 1.45541, 0.573525
46, 0.202424, 0.00285534, -7.13864, 0.0196098, 1.41318, 0.564192
47, 0.21524, 0.00303272, -7.17255, 0.020161, 1.49373, 0.584002
48, 0.191968, 0.00273965, -7.13339, 0.0193716, 1.37905, 0.554581
49, 0.216467, 0.002936, -7.17676, 0.019901, 1.45546, 0.574592
50, 0.216751, 0.00288615, -7.19937, 0.0193925, 1.38203, 0.561552
51, 0.200271, 0.00284394, -7.1086, 0.0195496, 1.40451, 0.560291
52, 0.209339, 0.00285357, -7.14975, 0.0195506, 1.40466, 0.561902
53, 0.196716, 0.00281339, -7.13045, 0.0196816, 1.42354, 0.564968
54, 0.204527, 0.0028696, -7.14217, 0.0196629, 1.42083, 0.565495
55, 0.190915, 0.00267544, -7.11698, 0.0195936, 1.41084, 0.56137
56, 0.209619, 0.00293203, -7.18717, 0.0200809, 1.48189, 0.581446
57, 0.210195, 0.00295862, -7.16416, 0.0197978, 1.4404, 0.574605
58, 0.215945, 0.00289399, -7.15585, 0.0194591, 1.39153, 0.559693
59, 0.20968, 0.00289734, -7.12315, 0.0197621, 1.43521, 0.567179
60, 0.193173, 0.0027193, -7.12051, 0.0193701, 1.37884, 0.555108
61, 0.210778, 0.00294886, -7.14545, 0.0198098, 1.44214, 0.571933
62, 0.199746, 0.00283885, -7.1321, 0.0198261, 1.44453, 0.56974
63, 0.207752, 0.00289692, -7.15055, 0.0200539, 1.47791, 0.576465
64, 0.204856, 0.00285136, -7.14407, 0.0199522, 1.46295, 0.575496
65, 0.196036, 0.00275022, -7.12052, 0.0193649, 1.3781, 0.555964
66, 0.211417, 0.00296902, -7.13836, 0.0198052, 1.44148, 0.570411
67, 0.206629, 0.00289689, -7.18796, 0.0197215, 1.42933, 0.572601
68, 0.214883, 0.00297089, -7.17267, 0.0200583, 1.47856, 0.580322
69, 0.195509, 0.00280576, -7.11273, 0.0195986, 1.41156, 0.562185
70, 0.210505, 0.00293758, -7.17208, 0.0197629, 1.43533, 0.572122
71, 0.208159, 0.00286258, -7.13634, 0.0198271, 1.44467, 0.569904
72, 0.207221, 0.0028943, -7.15125, 0.0197062, 1.4271, 0.568569
73, 0.203988, 0.00284622, -7.1385, 0.0197627, 1.4353, 0.569292
74, 0.214591, 0.00294343, -7.16021, 0.0197661, 1.43579, 0.569888
75, 0.197268, 0.00276903, -7.1052, 0.0198626, 1.44985, 0.567836
76, 0.207385, 0.002931, -7.13989, 0.019686, 1.42418, 0.566926
77, 0.206058, 0.00289982, -7.12076, 0.0198648, 1.45017, 0.571339
78, 0.212816, 0.00300764, -7.16732, 0.020472, 1.54018, 0.593148
79, 0.208534, 0.0029483, -7.15464, 0.0198372, 1.44615, 0.571732
80, 0.203641, 0.00287647, -7.15004, 0.0194113, 1.38472, 0.559472
81, 0.202414, 0.00286619, -7.13352, 0.0195789, 1.40873, 0.562214
82, 0.203729, 0.00284296, -7.15149, 0.0193634, 1.37789, 0.557881
83, 0.21454, 0.00300265, -7.15004, 0.0199602, 1.46414, 0.575189
84, 0.206337, 0.00289837, -7.1435, 0.0201384, 1.49038, 0.582006
85, 0.207477, 0.0029237, -7.10858, 0.0198233, 1.44411, 0.56815
86, 0.195732, 0.00287157, -7.11533, 0.0198634, 1.44997, 0.569133
87, 0.198621, 0.00277402, -7.08333, 0.0191071, 1.34165, 0.545598
88, 0.197714, 0.00284505, -7.12064, 0.0197589, 1.43474, 0.566543
89, 0.213337, 0.00292093, -7.16144, 0.0200765, 1.48125, 0.578956
90, 0.205425, 0.00290086, -7.1278, 0.019561, 1.40616, 0.562298
91, 0.206263, 0.00286511, -7.15853, 0.0199068, 1.45631, 0.57491
92, 0.207245, 0.00286474, -7.12878, 0.0199314, 1.4599, 0.573297
93, 0.204297, 0.00286964, -7.14562, 0.0197713, 1.43655, 0.569547
94, 0.202904, 0.00284243, -7.12249, 0.0196038, 1.41231, 0.562484
95, 0.221965, 0.00304811, -7.19204, 0.0201081, 1.48592, 0.584027
96, 0.202624, 0.00288214, -7.10076, 0.0200684, 1.48005, 0.576338
97, 0.193662, 0.00280295, -7.11661, 0.0196144, 1.41384, 0.563219
98, 0.208291, 0.00295723, -7.15349, 0.0201145, 1.48685, 0.580213
99, 0.205307, 0.00282433, -7.10985, 0.0194828, 1.39493, 0.557371
100, 0.206503, 0.00279737, -7.13366, 0.0194687, 1.39292, 0.559116

3.05556
1, 0.158491, 0.0022887, -6.35848, 0.0180058, 1.10479, 0.426502
2, 0.160771, 0.00230727, -6.34264, 0.0183372, 1.14584, 0.433468
3, 0.168309, 0.00237265, -6.34704, 0.0183762, 1.15072, 0.434622
4, 0.161314, 0.00230793, -6.31984, 0.0183129, 1.1428, 0.431908
5, 0.164317, 0.00243783, -6.35977, 0.0183244, 1.14424, 0.435798
6, 0.163045, 0.00236814, -6.34826, 0.0186805, 1.18915, 0.443336
7, 0.162565, 0.00228265, -6.33126, 0.0185447, 1.17191, 0.437307
8, 0.16101, 0.00234446, -6.31824, 0.01852, 1.16879, 0.436673
9, 0.158752, 0.00228146, -6.32963, 0.0185052, 1.16693, 0.437524
10, 0.165415, 0.0023144, -6.31564, 0.0187417, 1.19695, 0.44231
11, 0.158417, 0.00226805, -6.32503, 0.0185245, 1.16936, 0.437691
12, 0.165178, 0.00236513, -6.3526, 0.0186291, 1.18261, 0.44196
13, 0.165684, 0.00236414, -6.3624, 0.018649, 1.18514, 0.442565
14, 0.154177, 0.00224909, -6.35975, 0.0185693, 1.17502, 0.440155
15, 0.167502, 0.00240087, -6.34391, 0.0183045, 1.14175, 0.433452
16, 0.156638, 0.00234143, -6.32541, 0.0184298, 1.15744, 0.435267
17, 0.158641, 0.00229667, -6.30571, 0.0186407, 1.18408, 0.438787
18, 0.158911, 0.00228786, -6.30623, 0.0180041, 1.10459, 0.423325
19, 0.158995, 0.00236108, -6.28929, 0.0183185, 1.1435, 0.431131
20, 0.168305, 0.00239998, -6.36469, 0.0185972, 1.17856, 0.441361
21, 0.163129, 0.00234991, -6.33249, 0.0180232, 1.10693, 0.426169
22, 0.159282, 0.00228983, -6.31554, 0.0183688, 1.14979, 0.433429
23, 0.166073, 0.00237744, -6.32714, 0.0183034, 1.14162, 0.432389
24, 0.158534, 0.00232723, -6.35095, 0.0182646, 1.13679, 0.432976
25, 0.163745, 0.00241625, -6.33122, 0.0188043, 1.20495, 0.446235
26, 0.169948, 0.00238599, -6.34415, 0.0185091, 1.16742, 0.438532
27, 0.16314, 0.00235876, -6.31398, 0.0184274, 1.15714, 0.433994
28, 0.161627, 0.00238742, -6.3262, 0.0183211, 1.14383, 0.43378
29, 0.164209, 0.0022924, -6.32245, 0.0182842, 1.13922, 0.431178
30, 0.162923, 0.00231615, -6.34016, 0.0185362, 1.17085, 0.437759
31, 0.168102, 0.00233391, -6.34146, 0.0184999, 1.16626, 0.437318
32, 0.171413, 0.00247582, -6.3512, 0.0188776, 1.21437, 0.448363
33, 0.164802, 0.00233099, -6.3583, 0.0181654, 1.12447, 0.430828
34, 0.162359, 0.00230953, -6.31898, 0.0181123, 1.1179, 0.426378
35, 0.167845, 0.00241895, -6.34685, 0.0187969, 1.20401, 0.44504
36, 0.161066, 0.00233788, -6.33904, 0.0183114, 1.14261, 0.432914
37, 0.165096, 0.0023697, -6.34556, 0.0184629, 1.16161, 0.437311
38, 0.169315, 0.0024642, -6.36434, 0.0187756, 1.20128, 0.446802
39, 0.164246, 0.00234434, -6.35954, 0.0183465, 1.147, 0.435483
40, 0.155134, 0.0022287, -6.30714, 0.0181028, 1.11673, 0.425347
41, 0.159976, 0.00228691, -6.33261, 0.018188, 1.12727, 0.429575
42, 0.162015, 0.00233943, -6.29849, 0.0183583, 1.14848, 0.431534
43, 0.161042, 0.00230504, -6.34197, 0.0183592, 1.14859, 0.435087
44, 0.165223, 0.0023756, -6.33078, 0.0183387, 1.14603, 0.433075
45, 0.165688, 0.0024092, -6.35831, 0.0182687, 1.13729, 0.433089
46, 0.159347, 0.0022365, -6.32279, 0.0182418, 1.13394, 0.430077
47, 0.165636, 0.00240011, -6.34849, 0.0186736, 1.18827, 0.442832
48, 0.164348, 0.00238704, -6.35292, 0.0183157, 1.14316, 0.434716
49, 0.160474, 0.00234356, -6.32744, 0.0183112, 1.14259, 0.432393
50, 0.164059, 0.00236982, -6.34631, 0.0186106, 1.18026, 0.441314
51, 0.164966, 0.00239635, -6.34481, 0.0184829, 1.16413, 0.437883
52, 0.162048, 0.0023142, -6.31634, 0.0180014, 1.10426, 0.42396
53, 0.167552, 0.00239418, -6.34569, 0.0183659, 1.14942, 0.435128
54, 0.163295, 0.00230836, -6.34289, 0.0184798, 1.16373, 0.43717
55, 0.159202, 0.00234891, -6.3673, 0.0188002, 1.20443, 0.446805
56, 0.169085, 0.00241212, -6.34178, 0.0186259, 1.1822, 0.442286
57, 0.159113, 0.00228562, -6.36171, 0.0184481, 1.15974, 0.438032
58, 0.162415, 0.00230468, -6.3338, 0.0182235, 1.13168, 0.430763
59, 0.161957, 0.00237869, -6.30559, 0.0187451, 1.19738, 0.441625
60, 0.162814, 0.00232847, -6.33869, 0.0184035, 1.15414, 0.434793
61, 0.167922, 0.00246136, -6.33753, 0.0186445, 1.18457, 0.442633
62, 0.172915, 0.00245924, -6.34734, 0.0187822, 1.20213, 0.445306
63, 0.165773, 0.00236238, -6.34187, 0.0183644, 1.14924, 0.435223
64, 0.159631, 0.00233074, -6.35762, 0.0183556, 1.14814, 0.435009
65, 0.166935, 0.00235607, -6.35015, 0.0183652, 1.14934, 0.435001
66, 0.178966, 0.00249514, -6.36155, 0.0187863, 1.20265, 0.445876
67, 0.164834, 0.00235057, -6.34086, 0.0183244, 1.14423, 0.433019
68, 0.162445, 0.00225979, -6.32172, 0.0182033, 1.12917, 0.429317
69, 0.165833, 0.00230348, -6.33649, 0.0185769, 1.17599, 0.439676
70, 0.164248, 0.00237401, -6.32102, 0.0187334, 1.19589, 0.442693
71, 0.158776, 0.00232716, -6.31707, 0.0185806, 1.17646, 0.438502
72, 0.168694, 0.00242461, -6.35426, 0.0185139, 1.16803, 0.439582
73, 0.165156, 0.00236374, -6.30412, 0.0185077, 1.16724, 0.43516
74, 0.155992, 0.00220507, -6.31705, 0.0182657, 1.13692, 0.430206
75, 0.164387, 0.0023849, -6.35006, 0.0184213, 1.15637, 0.436928
76, 0.160333, 0.0023111, -6.32561, 0.0186534, 1.1857, 0.439822
77, 0.168762, 0.00238334, -6.35061, 0.0185469, 1.1722, 0.440812
78, 0.170933, 0.00241428, -6.3664, 0.0183822, 1.15148, 0.436717
79, 0.170109, 0.0024222, -6.36574, 0.0187632, 1.19969, 0.445773
80, 0.161102, 0.00232856, -6.33991, 0.0187521, 1.19828, 0.443658
81, 0.167311, 0.00235742, -6.37317, 0.0183565, 1.14825, 0.436642
82, 0.165281, 0.00236063, -6.33122, 0.0185174, 1.16847, 0.437946
83, 0.166183, 0.00236378, -6.34012, 0.0184899, 1.165, 0.437739
84, 0.162173, 0.00231656, -6.33817, 0.0183094, 1.14237, 0.432687
85, 0.167135, 0.00238386, -6.35612, 0.0184111, 1.1551, 0.437569
86, 0.156655, 0.00228822, -6.3068, 0.0184086, 1.15478, 0.433371
87, 0.168052, 0.00240804, -6.36383, 0.0186485, 1.18507, 0.442949
88, 0.157877, 0.00231202, -6.33723, 0.0183522, 1.14772, 0.434043
89, 0.157584, 0.00224941, -6.30342, 0.0179881, 1.10263, 0.422501
90, 0.161841, 0.00235175, -6.33981, 0.0184743, 1.16304, 0.437193
91, 0.159879, 0.00231485, -6.33887, 0.0181492, 1.12246, 0.429248
92, 0.167048, 0.00237279, -6.35787, 0.0183974, 1.15338, 0.436933
93, 0.165238, 0.0024116, -6.34986, 0.0185785, 1.1762, 0.43989
94, 0.163314, 0.00235367, -6.34096, 0.0182671, 1.13709, 0.431917
95, 0.161986, 0.00232474, -6.34582, 0.0182888, 1.1398, 0.432537
96, 0.165122, 0.00237518, -6.34074, 0.0183135, 1.14288, 0.433145
97, 0.160746, 0.00234478, -6.32669, 0.0184679, 1.16224, 0.435862
98, 0.153128, 0.00225416, -6.32619, 0.0181729, 1.1254, 0.428147
99, 0.169636, 0.00241263, -6.3515, 0.0188991, 1.21714, 0.448886
100, 0.163866, 0.00232739, -6.33352, 0.0184582, 1.16101, 0.436345

3.27778
1, 0.138391, 0.00199898, -5.77391, 0.0178124, 1.0079, 0.357914
2, 0.135288, 0.00196829, -5.76767, 0.0175376, 0.977026, 0.351601
3, 0.140374, 0.0020864, -5.75266, 0.0180348, 1.03322, 0.361354
4, 0.135685, 0.00197157, -5.71976, 0.0178596, 1.01324, 0.355758
5, 0.136948, 0.00199535, -5.77129, 0.0174384, 0.966007, 0.350232
6, 0.141409, 0.00200936, -5.75391, 0.0174769, 0.970275, 0.349537
7, 0.137976, 0.00201491, -5.75973, 0.0174338, 0.965497, 0.34914
8, 0.140934, 0.0020374, -5.78114, 0.0175348, 0.976714, 0.352905
9, 0.135805, 0.00200978, -5.76297, 0.0177475, 1.00056, 0.35588
10, 0.138007, 0.00200602, -5.73595, 0.0172672, 0.947135, 0.34451
11, 0.143534, 0.00209903, -5.80797, 0.0178314, 1.01005, 0.360669
12, 0.137187, 0.00197532, -5.76095, 0.0174844, 0.971118, 0.350499
13, 0.144352, 0.0021114, -5.76905, 0.0177662, 1.00267, 0.35756
14, 0.137765, 0.0019963, -5.76665, 0.0176389, 0.988346, 0.353503
15, 0.14018, 0.00197565, -5.7367, 0.0177875, 1.00507, 0.355208
16, 0.137896, 0.00203313, -5.76797, 0.0177207, 0.997538, 0.354916
17, 0.13808, 0.00201834, -5.75381, 0.0174766, 0.970245, 0.349726
18, 0.13568, 0.00197154, -5.75796, 0.0176375, 0.988197, 0.352805
19, 0.141663, 0.00206385, -5.77155, 0.0175465, 0.978023, 0.351721
20, 0.136741, 0.00199879, -5.77049, 0.0178796, 1.01551, 0.359094
21, 0.142688, 0.00201162, -5.74866, 0.0174931, 0.972076, 0.349477
22, 0.138812, 0.00206329, -5.77651, 0.0176657, 0.99136, 0.354743
23, 0.13576, 0.00196754, -5.76366, 0.0174075, 0.962595, 0.348834
24, 0.140182, 0.00203093, -5.77499, 0.0178304, 1.00992, 0.358827
25, 0.142083, 0.00203182, -5.74901, 0.0175888, 0.982744, 0.351515
26, 0.139273, 0.00205455, -5.75589, 0.0175986, 0.983839, 0.352182
27, 0.140787, 0.00202736, -5.76091, 0.0175536, 0.97882, 0.35181
28, 0.140167, 0.0019975, -5.77553, 0.0175969, 0.983645, 0.352857
29, 0.139399, 0.00201023, -5.75865, 0.0176774, 0.992674, 0.354028
30, 0.139298, 0.00203034, -5.77175, 0.0176377, 0.988218, 0.354172
31, 0.140888, 0.00205235, -5.76717, 0.017665, 0.991276, 0.354468
32, 0.141284, 0.00206235, -5.7833, 0.0178157, 1.00827, 0.358063
33, 0.135589, 0.00197028, -5.73747, 0.0173614, 0.957496, 0.345942
34, 0.133502, 0.00197729, -5.76766, 0.017832, 1.01011, 0.358455
35, 0.139548, 0.00202668, -5.77006, 0.0174138, 0.963285, 0.349429
36, 0.138303, 0.00202731, -5.78887, 0.0176527, 0.989899, 0.355085
37, 0.136242, 0.00197306, -5.74817, 0.0175726, 0.980931, 0.350634
38, 0.13982, 0.00203004, -5.7714, 0.0176132, 0.985471, 0.353747
39, 0.137231, 0.00198303, -5.74351, 0.0174465, 0.966909, 0.348161
40, 0.137966, 0.00200169, -5.74592, 0.0176896, 0.994041, 0.353272
41, 0.136823, 0.00204929, -5.75346, 0.0178835, 1.01596, 0.358586
42, 0.138609, 0.00204515, -5.77876, 0.0174733, 0.969875, 0.351081
43, 0.14013, 0.00203582, -5.75786, 0.0176741, 0.992302, 0.354003
44, 0.14131, 0.00204747, -5.79164, 0.0175431, 0.977643, 0.353061
45, 0.135326, 0.00200125, -5.77991, 0.0173759, 0.959103, 0.349037
46, 0.142782, 0.00204504, -5.76764, 0.0176649, 0.99127, 0.354518
47, 0.140513, 0.0020668, -5.74205, 0.0176007, 0.98408, 0.351292
48, 0.138945, 0.00201049, -5.76845, 0.017715, 0.996899, 0.355303
49, 0.139852, 0.00208213, -5.77283, 0.017923, 1.02044, 0.360179
50, 0.139941, 0.0020194, -5.76743, 0.0174495, 0.967236, 0.350099
51, 0.140372, 0.0020712, -5.74935, 0.0178184, 1.00857, 0.356995
52, 0.139811, 0.00204135, -5.76611, 0.0174701, 0.969523, 0.350067
53, 0.136859, 0.00196203, -5.77264, 0.0175725, 0.98093, 0.353298
54, 0.138017, 0.00209957, -5.79359, 0.0179348, 1.02179, 0.362052
55, 0.144261, 0.00204645, -5.77532, 0.0177104, 0.996375, 0.355402
56, 0.140073, 0.00207, -5.78292, 0.017667, 0.991503, 0.355145
57, 0.138847, 0.00203011, -5.7538, 0.017661, 0.990825, 0.353637
58, 0.137048, 0.0020165, -5.74839, 0.0176573, 0.990411, 0.35386
59, 0.143662, 0.00209284, -5.79665, 0.017768, 1.00287, 0.358504
60, 0.137832, 0.0020168, -5.76846, 0.0178262, 1.00945, 0.358383
61, 0.135513, 0.00200571, -5.75401, 0.0176481, 0.989384, 0.354171
62, 0.139901, 0.00199943, -5.74547, 0.0176959, 0.994746, 0.35415
63, 0.139326, 0.00199499, -5.74966, 0.01791, 1.01897, 0.358318
64, 0.14456, 0.00209267, -5.77611, 0.0179534, 1.02392, 0.360962
65, 0.139761, 0.00204192, -5.77946, 0.0180037, 1.02966, 0.361456
66, 0.139113, 0.00202915, -5.76745, 0.0175586, 0.97937, 0.351955
67, 0.142252, 0.00204967, -5.74806, 0.017575, 0.981203, 0.352419
68, 0.139731, 0.00201891, -5.74618, 0.0176596, 0.990672, 0.352325
69, 0.139841, 0.00203213, -5.75879, 0.0177438, 1.00015, 0.355636
70, 0.139935, 0.00203533, -5.77241, 0.0176459, 0.989141, 0.354492
71, 0.137174, 0.00201447, -5.77265, 0.0177112, 0.996475, 0.355801
72, 0.143159, 0.00207263, -5.74012, 0.0177351, 0.999163, 0.354335
73, 0.146334, 0.00211603, -5.76566, 0.0176578, 0.990469, 0.354488
74, 0.140231, 0.0020448, -5.76176, 0.0176496, 0.989547, 0.354348
75, 0.135671, 0.00197135, -5.76952, 0.017599, 0.983883, 0.352713
76, 0.136936, 0.00202202, -5.75076, 0.0176061, 0.984674, 0.352582
77, 0.141586, 0.00205212, -5.7811, 0.0174617, 0.968589, 0.351545
78, 0.136223, 0.00199356, -5.73884, 0.0174226, 0.964261, 0.348027
79, 0.13886, 0.00198703, -5.78496, 0.0174108, 0.962959, 0.349849
80, 0.143563, 0.0021241, -5.77182, 0.01772, 0.997458, 0.356544
81, 0.140814, 0.00205236, -5.74566, 0.0178377, 1.01075, 0.356389
82, 0.13968, 0.0020426, -5.76138, 0.0175256, 0.97569, 0.351207
83, 0.139609, 0.00205611, -5.78316, 0.0175875, 0.982596, 0.354247
84, 0.143698, 0.00208049, -5.74413, 0.0176905, 0.994141, 0.353737
85, 0.136777, 0.00198429, -5.73539, 0.0171731, 0.93684, 0.342124
86, 0.140052, 0.00200589, -5.718, 0.0175763, 0.981344, 0.350169
87, 0.147698, 0.00210813, -5.79435, 0.0177414, 0.999868, 0.35799
88, 0.137721, 0.00199509, -5.75079, 0.0173879, 0.960419, 0.347624
89, 0.135567, 0.00197802, -5.76421, 0.0175993, 0.983913, 0.353348
90, 0.137554, 0.00199178, -5.75598, 0.0176027, 0.984293, 0.352562
91, 0.139938, 0.00202199, -5.79536, 0.017571, 0.980756, 0.354315
92, 0.141176, 0.00198088, -5.76941, 0.0177253, 0.998058, 0.355726
93, 0.139642, 0.0019795, -5.75638, 0.0176325, 0.987632, 0.353083
94, 0.141905, 0.00201413, -5.78444, 0.0177082, 0.996128, 0.356411
95, 0.136741, 0.00199578, -5.75579, 0.0175766, 0.981381, 0.352596
96, 0.13777, 0.00202808, -5.75755, 0.0176535, 0.989988, 0.354597
97, 0.134305, 0.00194463, -5.74265, 0.0177895, 1.0053, 0.356192
98, 0.13798, 0.00201685, -5.78134, 0.0174657, 0.969034, 0.351253
99, 0.139039, 0.00201271, -5.77279, 0.0178855, 1.01618, 0.359606
100, 0.137811, 0.00203, -5.74618, 0.0177315, 0.998753, 0.354648

3.5
1, 0.119883, 0.00175297, -5.2365, 0.0168598, 0.84564, 0.287397
2, 0.127352, 0.0018348, -5.24791, 0.0170043, 0.860194, 0.290697
3, 0.126868, 0.00183585, -5.25906, 0.0171453, 0.874516, 0.293802
4, 0.124269, 0.00181129, -5.23105, 0.0171593, 0.875949, 0.292425
5, 0.121952, 0.00181224, -5.2386, 0.0169494, 0.85465, 0.28905
6, 0.124672, 0.00184575, -5.2654, 0.0172633, 0.886599, 0.296968
7, 0.122326, 0.00176145, -5.25737, 0.0171948, 0.879581, 0.294653
8, 0.125559, 0.0018383, -5.2489, 0.0170095, 0.860725, 0.291306
9, 0.12007, 0.00174877, -5.2362, 0.017026, 0.862388, 0.290978
10, 0.124995, 0.00180607, -5.25994, 0.0175098, 0.912099, 0.30084
11, 0.126166, 0.00185052, -5.26824, 0.0171482, 0.874814, 0.294728
12, 0.122566, 0.0017843, -5.2249, 0.0169052, 0.8502, 0.287889
13, 0.125374, 0.00187075, -5.26195, 0.0171102, 0.870946, 0.294383
14, 0.120818, 0.00178178, -5.24596, 0.0167301, 0.832677, 0.286693
15, 0.122923, 0.00181034, -5.26984, 0.0173364, 0.894126, 0.298454
16, 0.126747, 0.00189899, -5.27036, 0.0171899, 0.879075, 0.295355
17, 0.123766, 0.00180784, -5.25561, 0.0170198, 0.861763, 0.291454
18, 0.122923, 0.00178672, -5.24566, 0.0170555, 0.865385, 0.291355
19, 0.12537, 0.00180321, -5.25945, 0.017044, 0.864214, 0.292304
20, 0.125798, 0.00183223, -5.29191, 0.0171779, 0.877845, 0.296461
21, 0.124803, 0.00182397, -5.25394, 0.0168839, 0.848055, 0.289332
22, 0.123599, 0.00180709, -5.25162, 0.0172053, 0.880651, 0.294255
23, 0.125967, 0.00181915, -5.25631, 0.0170644, 0.866286, 0.292
24, 0.122691, 0.00177091, -5.22535, 0.0170711, 0.866968, 0.290466
25, 0.12133, 0.00174757, -5.24629, 0.0168112, 0.840771, 0.286785
26, 0.129144, 0.00187713, -5.26173, 0.0173354, 0.894025, 0.297542
27, 0.123654, 0.00178876, -5.24575, 0.0170336, 0.863163, 0.291502
28, 0.124228, 0.0017846, -5.24862, 0.0170733, 0.867191, 0.29204
29, 0.126748, 0.00180979, -5.26014, 0.0169052, 0.850198, 0.289794
30, 0.122023, 0.0017756, -5.25416, 0.0171222, 0.872169, 0.293207
31, 0.124946, 0.00181324, -5.22819, 0.0169453, 0.854232, 0.289001
32, 0.123867, 0.00180805, -5.24364, 0.0172103, 0.881162, 0.293671
33, 0.121295, 0.00179711, -5.24489, 0.017094, 0.869292, 0.291952
34, 0.129188, 0.00190491, -5.26645, 0.0171177, 0.871703, 0.29447
35, 0.124929, 0.00181151, -5.23779, 0.0170569, 0.865523, 0.291155
36, 0.123882, 0.00182026, -5.25552, 0.0169169, 0.851379, 0.28948
37, 0.122406, 0.00180235, -5.24958, 0.01713, 0.872964, 0.293112
38, 0.120544, 0.0017826, -5.24522, 0.0171861, 0.878685, 0.29403
39, 0.127179, 0.0018382, -5.26278, 0.0171944, 0.879535, 0.295182
40, 0.125723, 0.00186106, -5.28714, 0.0171476, 0.874757, 0.295961
41, 0.123641, 0.001804, -5.23245, 0.0170686, 0.866714, 0.291377
42, 0.126192, 0.00181348, -5.24004, 0.0169823, 0.857973, 0.28968
43, 0.125345, 0.00179562, -5.24852, 0.0170041, 0.860173, 0.29022
44, 0.12316, 0.00182612, -5.26973, 0.017026, 0.862395, 0.292414
45, 0.121868, 0.0017755, -5.24505, 0.0166668, 0.826388, 0.28499
46, 0.123476, 0.00177855, -5.26704, 0.0171574, 0.875755, 0.294022
47, 0.122634, 0.00179633, -5.2186, 0.0169949, 0.859243, 0.288836
48, 0.118952, 0.00174047, -5.25059, 0.0170682, 0.866668, 0.29152
49, 0.129041, 0.00187616, -5.26885, 0.0171272, 0.872678, 0.294194
50, 0.123412, 0.00180425, -5.2408, 0.0171475, 0.874748, 0.293654
51, 0.125837, 0.00183953, -5.24481, 0.0169137, 0.851058, 0.289238
52, 0.123287, 0.00182292, -5.26851, 0.0170109, 0.860865, 0.291583
53, 0.118643, 0.00173732, -5.25605, 0.0169077, 0.850453, 0.289526
54, 0.122951, 0.00179266, -5.26424, 0.0170514, 0.864966, 0.292695
55, 0.121928, 0.00178593, -5.24803, 0.0170175, 0.861528, 0.290935
56, 0.121497, 0.00177449, -5.24959, 0.0169706, 0.856786, 0.290288
57, 0.122829, 0.00183732, -5.26334, 0.0171738, 0.877433, 0.294548
58, 0.124686, 0.00183531, -5.26572, 0.0172283, 0.883007, 0.295914
59, 0.121906, 0.00180444, -5.248, 0.0172325, 0.88344, 0.294824
60, 0.123613, 0.00181892, -5.24662, 0.0171347, 0.873437, 0.293304
61, 0.121595, 0.00176878, -5.25223, 0.0168224, 0.841887, 0.288075
62, 0.121064, 0.00175414, -5.23935, 0.0167863, 0.838279, 0.286535
63, 0.123912, 0.00185061, -5.26205, 0.0172218, 0.882339, 0.294967
64, 0.125607, 0.00182629, -5.24794, 0.0171038, 0.870289, 0.292789
65, 0.124882, 0.00179919, -5.25579, 0.0171452, 0.874513, 0.293329
66, 0.1236, 0.00181823, -5.2393, 0.0169066, 0.850335, 0.288765
67, 0.123501, 0.00181448, -5.22775, 0.0171815, 0.878218, 0.292973
68, 0.123735, 0.00182143, -5.26696, 0.017036, 0.86341, 0.291991
69, 0.122816, 0.00178058, -5.22379, 0.0170345, 0.863251, 0.290597
70, 0.120914, 0.0018016, -5.23688, 0.0171149, 0.871417, 0.292493
71, 0.125691, 0.00183271, -5.24785, 0.0171423, 0.874218, 0.292889
72, 0.121741, 0.00178719, -5.26516, 0.0171015, 0.870061, 0.293672
73, 0.123794, 0.00181626, -5.23031, 0.0171017, 0.870074, 0.291416
74, 0.126261, 0.00183623, -5.25052, 0.0171203, 0.871975, 0.293131
75, 0.12441, 0.00180916, -5.24927, 0.0170976, 0.86966, 0.292625
76, 0.122841, 0.00178088, -5.23901, 0.0169994, 0.859697, 0.290509
77, 0.124135, 0.00181391, -5.27163, 0.0171306, 0.873019, 0.294512
78, 0.123123, 0.00181294, -5.24351, 0.0170978, 0.86968, 0.292184
79, 0.120384, 0.00175286, -5.25577, 0.0171104, 0.870965, 0.292155
80, 0.125197, 0.00181392, -5.26128, 0.0169178, 0.851465, 0.290711
81, 0.126404, 0.00183268, -5.2712, 0.0169125, 0.850931, 0.290147
82, 0.125225, 0.00181887, -5.26806, 0.0168411, 0.843762, 0.289001
83, 0.122438, 0.00180618, -5.22635, 0.0169724, 0.856973, 0.288981
84, 0.124584, 0.00180765, -5.25115, 0.0170943, 0.869322, 0.293003
85, 0.121588, 0.00177434, -5.23703, 0.0170282, 0.862615, 0.291171
86, 0.123598, 0.00179907, -5.23621, 0.0170592, 0.865764, 0.291498
87, 0.124482, 0.0018397, -5.26821, 0.0173304, 0.893506, 0.298021
88, 0.125452, 0.00183404, -5.24085, 0.0170242, 0.86221, 0.290803
89, 0.126147, 0.00182496, -5.2529, 0.0169308, 0.852774, 0.290065
90, 0.12548, 0.00183376, -5.25075, 0.0169394, 0.85364, 0.289924
91, 0.121991, 0.00178157, -5.25528, 0.0171647, 0.876504, 0.294997
92, 0.121529, 0.00178413, -5.23158, 0.0170118, 0.860955, 0.290529
93, 0.124877, 0.00180051, -5.24635, 0.0170106, 0.860829, 0.290791
94, 0.123078, 0.00181938, -5.25971, 0.0171882, 0.878898, 0.294647
95, 0.12521, 0.00180648, -5.23761, 0.0168842, 0.848084, 0.287888
96, 0.125141, 0.00181813, -5.27142, 0.0169288, 0.852579, 0.290616
97, 0.128025, 0.00187214, -5.25925, 0.0172029, 0.880408, 0.295081
98, 0.124153, 0.00183701, -5.26623, 0.0169133, 0.85101, 0.290454
99, 0.122779, 0.00182431, -5.23341, 0.0171305, 0.87301, 0.291999
100, 0.124109, 0.00181592, -5.24505, 0.0170351, 0.863317, 0.290988

