0.00 8 -16.0626 -8.06256
0.02 5.80383 -13.8666 -8.06278
0.04 3.32849 -11.3913 -8.06277
0.06 5.19599 -13.2588 -8.06277
0.08 7.48261 -15.5454 -8.06277
0.1 8.18752 -16.2503 -8.06274
0.12 9.60238 -17.6651 -8.06275
0.14 11.737 -19.7997 -8.06274
0.16 13.4312 -21.4939 -8.06274
0.18 15.716 -23.7788 -8.06276
0.2 18.536 -26.5988 -8.06276
0.22 19.1569 -27.2197 -8.06277
0.24 16.7717 -24.8345 -8.06279
0.26 11.5599 -19.6227 -8.06282
0.28 7.27502 -15.3378 -8.06278
0.3 9.01916 -17.082 -8.06279
0.32 11.4029 -19.4657 -8.06281
0.34 13.17 -21.2328 -8.0628
0.36 15.4572 -23.5201 -8.06286
0.38 14.7154 -22.7783 -8.06285
0.4 13.7442 -21.807 -8.06283
0.42 16.9297 -24.9926 -8.06286
0.44 19.9387 -28.0016 -8.06289
0.46 19.5284 -27.5913 -8.06291
0.48 18.8984 -26.9613 -8.06293
0.5 18.7123 -26.7752 -8.0629
0.52 18.9006 -26.9635 -8.06288
0.54 19.7809 -27.8438 -8.06291
0.56 19.7651 -27.828 -8.06293
0.58 17.1306 -25.1936 -8.06292
0.6 14.2949 -22.3578 -8.06289
0.62 11.696 -19.7588 -8.06287
0.64 11.514 -19.5768 -8.06286
0.66 17.045 -25.1079 -8.06287
0.68 21.3122 -29.3751 -8.0629
0.7 18.9833 -27.0462 -8.06294
0.72 14.6671 -22.7301 -8.06293
0.74 14.8902 -22.9531 -8.06293
0.76 17.489 -25.5519 -8.0629
0.78 17.2288 -25.2917 -8.06291
0.8 17.8866 -25.9495 -8.06291
0.82 17.6488 -25.7117 -8.06296
0.84 14.7427 -22.8056 -8.06293
0.86 16.007 -24.07 -8.06293
0.88 19.7412 -27.8041 -8.06293
0.9 19.2409 -27.3038 -8.0629
0.92 19.1044 -27.1673 -8.06291
0.94 14.7828 -22.8457 -8.06289
0.96 14.8473 -22.9102 -8.0629
0.98 17.8226 -25.8855 -8.06293
1 15.4575 -23.5204 -8.06294
1.02 16.3675 -24.4304 -8.06289
1.04 17.5047 -25.5675 -8.06288
1.06 15.4585 -23.5213 -8.06279
1.08 18.3288 -26.3916 -8.06281
1.1 19.2626 -27.3254 -8.06283
1.12 13.9586 -22.0214 -8.06277
1.14 15.5151 -23.5779 -8.06278
1.16 16.9937 -25.0566 -8.06281
1.18 14.6707 -22.7335 -8.06284
1.2 11.5837 -19.6465 -8.06283
1.22 13.1147 -21.1776 -8.06288
1.24 14.3114 -22.3743 -8.06291
1.26 16.4281 -24.4909 -8.06288
1.28 17.3011 -25.364 -8.06292
1.3 14.5385 -22.6014 -8.06291
1.32 14.4244 -22.4874 -8.06297
1.34 14.6341 -22.6971 -8.06297
1.36 11.5597 -19.6226 -8.06294
1.38 11.9498 -20.0127 -8.06295
1.4 15.0972 -23.1601 -8.06293
1.42 15.8989 -23.9619 -8.06297
1.44 14.34 -22.4029 -8.06291
1.46 15.3945 -23.4574 -8.06291
1.48 15.4619 -23.5248 -8.06291
1.5 13.3309 -21.3938 -8.06292
1.52 12.9062 -20.9692 -8.06296
1.54 12.4986 -20.5615 -8.06295
1.56 15.9356 -23.9985 -8.06295
1.58 17.5887 -25.6517 -8.06296
1.6 15.9954 -24.0584 -8.06297
1.62 16.1179 -24.1808 -8.0629
1.64 16.199 -24.2619 -8.06293
1.66 14.2617 -22.3246 -8.0629
1.68 15.3252 -23.3882 -8.06292
1.7 17.6668 -25.7297 -8.06293
1.72 17.1443 -25.2073 -8.06301
1.74 16.0217 -24.0847 -8.06293
1.76 15.2646 -23.3276 -8.06292
1.78 15.7738 -23.8367 -8.0629
1.8 17.8039 -25.8668 -8.06289
1.82 17.67 -25.7329 -8.0629
1.84 16.6614 -24.7243 -8.06292
1.86 13.5446 -21.6075 -8.06289
1.88 11.8282 -19.891 -8.06288
1.9 14.7128 -22.7757 -8.0629
1.92 18.6995 -26.7624 -8.06286
1.94 17.5224 -25.5852 -8.06282
1.96 12.0162 -20.0789 -8.06278
1.98 11.9615 -20.0243 -8.06273
2 15.839 -23.9017 -8.06273
2.02 16.5092 -24.5719 -8.06272
2.04 13.5299 -21.5925 -8.06267
2.06 13.9937 -22.0563 -8.06264
2.08 16.3214 -24.384 -8.0626
2.1 17.0732 -25.1358 -8.06261
2.12 17.1917 -25.2542 -8.06256
2.14 16.8745 -24.9371 -8.06258
2.16 15.4149 -23.4775 -8.06259
2.18 14.3536 -22.4162 -8.06258
2.2 15.2684 -23.331 -8.06258
2.22 12.9312 -20.9937 -8.06256
2.24 11.7869 -19.8494 -8.06254
2.26 14.6756 -22.7382 -8.06253
2.28 16.2451 -24.3076 -8.06253
2.3 17.5196 -25.5821 -8.06252
2.32 19.1992 -27.2617 -8.06253
2.34 20.1282 -28.1907 -8.06251
2.36 18.7405 -26.803 -8.06247
2.38 19.1707 -27.2332 -8.06246
2.4 18.6589 -26.7214 -8.0625
2.42 14.3517 -22.4142 -8.06247
2.44 16.367 -24.4295 -8.06248
2.46 16.8056 -24.8681 -8.06247
2.48 18.0587 -26.1212 -8.06244
2.5 19.6167 -27.6792 -8.06248
2.52 17.9986 -26.0611 -8.0625
2.54 15.6546 -23.717 -8.06248
2.56 14.4244 -22.4869 -8.06252
2.58 13.3055 -21.368 -8.06252
2.6 16.7019 -24.7644 -8.06251
2.62 19.2938 -27.3563 -8.06251
2.64 17.6612 -25.7237 -8.06245
2.66 12.7895 -20.852 -8.0625
2.68 12.588 -20.6504 -8.06249
2.7 18.6853 -26.7478 -8.06257
2.72 17.1941 -25.2566 -8.06251
2.74 12.0516 -20.1141 -8.06253
2.76 13.4063 -21.4688 -8.0625
2.78 16.4102 -24.4727 -8.06251
2.8 15.4154 -23.4779 -8.06251
2.82 12.4534 -20.5158 -8.06242
2.84 12.6091 -20.6716 -8.06244
2.86 14.9656 -23.0281 -8.06245
2.88 14.1904 -22.2528 -8.06246
2.9 15.9508 -24.0133 -8.06245
2.92 19.0236 -27.0861 -8.06245
2.94 18.7382 -26.8006 -8.06236
2.96 12.4195 -20.4818 -8.06235
2.98 10.1773 -18.2397 -8.06234
3 16.5544 -24.6168 -8.0624
3.02 20.7719 -28.8343 -8.06235
3.04 17.6626 -25.725 -8.06235
3.06 12.7442 -20.8065 -8.06235
3.08 11.9412 -20.0035 -8.06233
3.1 15.7283 -23.7906 -8.06233
3.12 18.3867 -26.4489 -8.06228
3.14 19.4701 -27.5324 -8.06226
3.16 19.9455 -28.0078 -8.06224
3.18 18.3221 -26.3843 -8.06214
3.2 16.2925 -24.3546 -8.06218
3.22 12.5919 -20.654 -8.06214
3.24 16.0024 -24.0645 -8.06217
3.26 15.5426 -23.6047 -8.06213
3.28 14.6278 -22.69 -8.06218
3.3 15.138 -23.2002 -8.06221
3.32 16.496 -24.5582 -8.06218
3.34 21.0804 -29.1426 -8.06223
3.36 18.6865 -26.7488 -8.06228
3.38 10.7716 -18.8338 -8.06221
3.4 13.7451 -21.8073 -8.06221
3.42 15.8071 -23.8694 -8.06222
3.44 13.8494 -21.9116 -8.06224
3.46 18.1815 -26.2437 -8.06223
3.48 19.2802 -27.3423 -8.06218
3.5 17.6659 -25.7281 -8.06219
3.52 19.4385 -27.5007 -8.06221
3.54 17.8685 -25.9307 -8.06219
3.56 15.4404 -23.5025 -8.06216
3.58 18.3315 -26.3936 -8.06216
3.6 16.7353 -24.7974 -8.06215
3.62 11.5855 -19.6477 -8.06211
3.64 16.8431 -24.9052 -8.06214
3.66 16.3585 -24.4206 -8.06212
3.68 15.1556 -23.2177 -8.06206
3.7 17.5595 -25.6215 -8.06209
3.72 16.0609 -24.123 -8.06209
3.74 15.3797 -23.4418 -8.06209
3.76 16.7047 -24.7668 -8.06211
3.78 14.7336 -22.7957 -8.06213
3.8 14.0911 -22.1532 -8.06213
3.82 11.4706 -19.5327 -8.06209
3.84 13.7366 -21.7986 -8.06206
3.86 19.2847 -27.3468 -8.06208
3.88 20.3127 -28.3748 -8.06212
3.9 16.2088 -24.2709 -8.06216
3.92 15.4329 -23.4951 -8.06217
3.94 20.1255 -28.1877 -8.06219
3.96 20.0991 -28.1613 -8.06219
3.98 13.9843 -22.0464 -8.06215
4 13.4678 -21.53 -8.06216
4.02 17.8336 -25.8959 -8.06225
4.04 17.3611 -25.4233 -8.06224
4.06 19.8854 -27.9476 -8.06226
4.08 21.1622 -29.2245 -8.06228
4.1 17.3044 -25.3667 -8.0623
4.12 12.1357 -20.198 -8.06232
4.14 11.4693 -19.5316 -8.06233
4.16 16.7617 -24.824 -8.06231
4.18 19.2673 -27.3296 -8.06232
4.2 16.3586 -24.4209 -8.06231
4.22 13.7024 -21.7647 -8.06231
4.24 14.0151 -22.0774 -8.06232
4.26 15.5019 -23.5642 -8.06231
4.28 14.9227 -22.985 -8.06228
4.3 13.9889 -22.0512 -8.06228
4.32 13.5304 -21.5927 -8.0623
4.34 15.606 -23.6683 -8.06228
4.36 20.9241 -28.9864 -8.06228
4.38 15.7533 -23.8156 -8.06232
4.4 12.2263 -20.2886 -8.06232
4.42 13.7042 -21.7665 -8.06231
4.44 11.8933 -19.9557 -8.06231
4.46 13.4367 -21.499 -8.0623
4.48 19.4714 -27.5338 -8.06234
4.5 20.7493 -28.8117 -8.06235
4.52 18.9724 -27.0346 -8.06227
4.54 19.5811 -27.6434 -8.0623
4.56 16.3269 -24.3892 -8.06226
4.58 16.3094 -24.3716 -8.06221
4.6 16.444 -24.5063 -8.06225
4.62 12.3372 -20.3995 -8.06223
4.64 15.503 -23.5653 -8.06222
4.66 20.4776 -28.5398 -8.06226
4.68 16.1225 -24.1847 -8.06224
4.7 17.2783 -25.3405 -8.06226
4.72 20.5824 -28.6447 -8.06225
4.74 17.2738 -25.336 -8.06216
4.76 15.3945 -23.4566 -8.06216
4.78 16.614 -24.6761 -8.06218
4.8 14.4074 -22.4696 -8.06222
4.82 10.9316 -18.9938 -8.0622
4.84 14.6653 -22.7275 -8.06222
4.86 14.7999 -22.8621 -8.06223
4.88 12.3308 -20.393 -8.06219
4.9 12.875 -20.9372 -8.06219
4.92 16.6943 -24.7565 -8.06223
4.94 21.8167 -29.879 -8.06225
4.96 21.1803 -29.2425 -8.0622
4.98 13.6385 -21.7007 -8.06219
5 10.8311 -18.8933 -8.06217
5.02 18.5784 -26.6406 -8.06223
5.04 20.7318 -28.7939 -8.06218
5.06 18.0592 -26.1214 -8.06221
5.08 14.5189 -22.5812 -8.06222
5.1 14.2726 -22.3348 -8.06223
5.12 18.2163 -26.2786 -8.06226
5.14 20.1352 -28.1975 -8.06228
5.16 16.8418 -24.9041 -8.06228
5.18 8.70929 -16.7715 -8.06225
5.2 10.1335 -18.1958 -8.06226
5.22 19.5614 -27.6237 -8.06232
5.24 21.4053 -29.4677 -8.06232
5.26 15.8732 -23.9354 -8.06227
5.28 13.4623 -21.5246 -8.06227
5.3 13.6574 -21.7197 -8.06227
5.32 14.8962 -22.9585 -8.06229
5.34 16.4152 -24.4774 -8.06221
5.36 16.9036 -24.9658 -8.06217
5.38 14.9518 -23.014 -8.06215
5.4 17.4906 -25.5527 -8.06214
5.42 15.9442 -24.0063 -8.06212
5.44 17.1053 -25.1675 -8.06216
5.46 18.0892 -26.1514 -8.0622
5.48 13.1423 -21.2045 -8.06219
5.5 17.263 -25.3252 -8.06221
5.52 19.5566 -27.6187 -8.06216
5.54 15.3984 -23.4606 -8.06215
5.56 14.1186 -22.1807 -8.06212
5.58 17.4331 -25.4952 -8.06213
5.6 16.9061 -24.9683 -8.06216
5.62 14.5654 -22.6276 -8.06215
5.64 15.0586 -23.1208 -8.06219
5.66 15.3422 -23.4044 -8.06217
5.68 14.694 -22.7562 -8.06216
5.7 14.0301 -22.0923 -8.06218
5.72 14.6114 -22.6736 -8.06217
5.74 17.1362 -25.1983 -8.06211
5.76 17.6879 -25.75 -8.06212
5.78 11.025 -19.0871 -8.06209
5.8 12.3649 -20.427 -8.0621
5.82 15.657 -23.7191 -8.06211
5.84 15.2989 -23.361 -8.06214
5.86 18.2584 -26.3205 -8.06215
5.88 18.8077 -26.8698 -8.06214
5.9 14.8305 -22.8925 -8.06206
5.92 11.6249 -19.687 -8.06203
5.94 13.287 -21.349 -8.06198
5.96 16.2136 -24.2756 -8.06199
5.98 16.7026 -24.7646 -8.06199
6 12.646 -20.708 -8.06197
6.02 10.9471 -19.009 -8.0619
6.04 16.9932 -25.0552 -8.06192
6.06 15.5723 -23.6342 -8.06194
6.08 13.8864 -21.9484 -8.06192
6.1 18.9721 -27.034 -8.0619
6.12 19.1675 -27.2294 -8.06188
6.14 14.431 -22.4929 -8.06188
6.16 14.9092 -22.9712 -8.06195
6.18 17.9218 -25.9838 -8.06199
6.2 18.0997 -26.1616 -8.06194
6.22 17.9093 -25.9712 -8.06189
6.24 17.6329 -25.6948 -8.06191
6.26 16.7154 -24.7773 -8.06192
6.28 16.7964 -24.8583 -8.06194
6.3 16.9369 -24.9988 -8.06191
6.32 15.0007 -23.0626 -8.06188
6.34 14.8954 -22.9572 -8.06188
6.36 13.6969 -21.7588 -8.06184
6.38 14.9605 -23.0223 -8.0618
6.4 17.6095 -25.6713 -8.06183
6.42 18.0011 -26.063 -8.06181
6.44 16.9055 -24.9673 -8.06181
6.46 13.9652 -22.027 -8.06185
6.48 15.4759 -23.5377 -8.06185
6.5 12.8144 -20.8762 -8.06183
6.52 11.5065 -19.5683 -8.06186
6.54 15.049 -23.1109 -8.06189
6.56 16.7855 -24.8473 -8.06181
6.58 17.4642 -25.5259 -8.06178
6.6 18.5272 -26.589 -8.0618
6.62 14.6613 -22.7231 -8.06182
6.64 12.3092 -20.371 -8.06178
6.66 18.7652 -26.827 -8.06183
6.68 20.8103 -28.8721 -8.06185
6.7 19.0381 -27.1 -8.06184
6.72 16.743 -24.8048 -8.06182
6.74 13.6449 -21.7067 -8.0618
6.76 17.4257 -25.4875 -8.06183
6.78 19.3875 -27.4493 -8.06181
6.8 17.5805 -25.6423 -8.06179
6.82 15.0904 -23.1522 -8.0618
6.84 15.5654 -23.6272 -8.06178
6.86 17.5632 -25.6251 -8.06188
6.88 18.1714 -26.2333 -8.06186
6.9 13.2335 -21.2953 -8.06182
6.92 11.9264 -19.9882 -8.06181
6.94 15.3122 -23.374 -8.06186
6.96 17.3396 -25.4014 -8.06185
6.98 17.5293 -25.5911 -8.06178
7 15.2934 -23.3552 -8.06178
7.02 16.2587 -24.3204 -8.06173
7.04 19.7542 -27.816 -8.06174
7.06 17.3023 -25.364 -8.06173
7.08 15.3574 -23.4192 -8.06173
7.1 15.3584 -23.4201 -8.06171
7.12 14.5106 -22.5723 -8.0617
7.14 14.8356 -22.8972 -8.06169
7.16 16.5282 -24.5899 -8.06165
7.18 15.9516 -24.0133 -8.06166
7.2 17.7856 -25.8472 -8.06166
7.22 17.6011 -25.6627 -8.06167
7.24 15.681 -23.7426 -8.06164
7.26 18.5464 -26.608 -8.06165
7.28 21.7187 -29.7803 -8.06159
7.3 18.6782 -26.7398 -8.06159
7.32 14.6896 -22.7512 -8.0616
7.34 15.4021 -23.4637 -8.0616
7.36 16.1147 -24.1763 -8.06159
7.38 14.8429 -22.9045 -8.06159
7.4 14.2645 -22.3261 -8.06161
7.42 15.8313 -23.8929 -8.06163
7.44 18.4374 -26.4992 -8.06172
7.46 18.2771 -26.3388 -8.06168
7.48 15.8994 -23.9611 -8.06168
7.5 14.7842 -22.846 -8.06174
7.52 14.6542 -22.7159 -8.06171
7.54 17.1489 -25.2106 -8.06175
7.56 19.1537 -27.2155 -8.06179
7.58 16.8251 -24.8869 -8.06178
7.6 13.3341 -21.3959 -8.0618
7.62 11.8136 -19.8754 -8.0618
7.64 12.1249 -20.1867 -8.06181
7.66 15.3189 -23.3807 -8.06181
7.68 16.9389 -25.0007 -8.06181
7.7 13.1401 -21.2019 -8.06179
7.72 11.5963 -19.6581 -8.0618
7.74 14.2339 -22.2958 -8.06186
7.76 11.851 -19.9128 -8.06183
7.78 11.4198 -19.4816 -8.06183
7.8 15.2686 -23.3304 -8.0618
7.82 17.9326 -25.9944 -8.06184
7.84 19.3471 -27.4089 -8.06179
7.86 19.804 -27.8658 -8.06177
7.88 19.0618 -27.1236 -8.06183
7.9 16.3782 -24.44 -8.06182
7.92 15.8387 -23.9005 -8.06181
7.94 16.6823 -24.744 -8.06176
7.96 18.03 -26.0917 -8.06176
7.98 17.7115 -25.7733 -8.06178
8 15.3742 -23.436 -8.0618
8.02 14.3054 -22.3672 -8.06181
8.04 13.9688 -22.0306 -8.06177
8.06 13.5261 -21.5879 -8.06177
8.08 16.2117 -24.2735 -8.06178
8.1 21.0225 -29.0843 -8.06179
8.12 20.1569 -28.2186 -8.06175
8.14 17.3411 -25.4029 -8.06171
8.16 16.9924 -25.0542 -8.06177
8.18 16.3413 -24.4031 -8.0618
8.2 15.3223 -23.3841 -8.06178
8.22 16.5809 -24.6426 -8.06179
8.24 14.5755 -22.6373 -8.0618
8.26 11.8022 -19.864 -8.06178
8.28 12.4942 -20.556 -8.06179
8.3 15.0284 -23.0902 -8.06176
8.32 19.798 -27.8597 -8.06174
8.34 17.5688 -25.6305 -8.06174
8.36 11.4257 -19.4874 -8.06178
8.38 17.8231 -25.8849 -8.06182
8.4 20.854 -28.9159 -8.06187
8.42 15.9368 -23.9986 -8.06178
8.44 15.9164 -23.9782 -8.06187
8.46 13.907 -21.9688 -8.06184
8.48 12.602 -20.6638 -8.06183
8.5 16.1227 -24.1847 -8.06191
8.52 16.829 -24.891 -8.06192
8.54 12.8827 -20.9446 -8.06186
8.56 12.3135 -20.3753 -8.06185
8.58 14.442 -22.5038 -8.06189
8.6 17.3874 -25.4493 -8.0619
8.62 17.7796 -25.8415 -8.06189
8.64 12.396 -20.4578 -8.06187
8.66 12.5694 -20.6312 -8.06186
8.68 15.9143 -23.9762 -8.06187
8.7 15.7912 -23.853 -8.06186
8.72 17.4664 -25.5282 -8.06185
8.74 21.0751 -29.137 -8.06189
8.76 18.7401 -26.8021 -8.06196
8.78 17.6853 -25.7473 -8.06196
8.8 17.9454 -26.0073 -8.06193
8.82 16.8558 -24.9178 -8.06195
8.84 16.7815 -24.8434 -8.0619
8.86 15.5816 -23.6435 -8.0619
8.88 12.3165 -20.3784 -8.06191
8.9 12.6119 -20.6738 -8.06189
8.92 17.5895 -25.6514 -8.06188
8.94 20.2435 -28.3054 -8.0619
8.96 18.3905 -26.4524 -8.06194
8.98 14.9806 -23.0425 -8.06194
9 13.9515 -22.0134 -8.06193
9.02 15.3193 -23.3813 -8.06195
9.04 16.714 -24.7759 -8.06194
9.06 15.1503 -23.2122 -8.06192
9.08 15.6948 -23.7567 -8.06191
9.1 18.235 -26.2969 -8.06195
9.12 19.3885 -27.4504 -8.06192
9.14 17.3866 -25.4484 -8.06189
9.16 18.2016 -26.2635 -8.06191
9.18 20.4916 -28.5536 -8.06199
9.2 18.4026 -26.4646 -8.06198
9.22 17.4968 -25.5587 -8.06196
9.24 18.0532 -26.1151 -8.06192
9.26 15.8963 -23.9582 -8.06194
9.28 15.41 -23.472 -8.06197
9.3 15.9321 -23.9941 -8.06196
9.32 13.8669 -21.9288 -8.06197
9.34 12.7525 -20.8145 -8.06197
9.36 17.78 -25.842 -8.062
9.38 19.0964 -27.1584 -8.06196
9.4 15.9817 -24.0436 -8.06194
9.42 13.0759 -21.1379 -8.06194
9.44 16.2382 -24.3002 -8.06197
9.46 16.7843 -24.8463 -8.06199
9.48 12.6235 -20.6855 -8.06198
9.5 12.4773 -20.5393 -8.06202
9.52 13.684 -21.746 -8.06203
9.54 11.282 -19.344 -8.06198
9.56 12.3103 -20.3723 -8.06198
9.58 14.5768 -22.6388 -8.062
9.6 16.0842 -24.1462 -8.06195
9.62 15.2196 -23.2815 -8.06193
9.64 11.2358 -19.2977 -8.06192
9.66 11.3902 -19.4521 -8.06194
9.68 13.018 -21.0799 -8.06198
9.7 13.1985 -21.2605 -8.06197
9.72 15.4096 -23.4716 -8.06197
9.74 17.9562 -26.0181 -8.06192
9.76 15.1702 -23.2321 -8.06191
9.78 11.798 -19.8599 -8.0619
9.8 13.386 -21.4479 -8.06193
9.82 12.6892 -20.7511 -8.06191
9.84 13.5373 -21.5992 -8.06191
9.86 16.701 -24.7629 -8.06193
9.88 14.4937 -22.5556 -8.06191
9.9 10.9059 -18.9678 -8.06195
9.92 14.049 -22.111 -8.06196
9.94 15.8082 -23.8701 -8.06195
9.96 13.7999 -21.8618 -8.06197
9.98 7.49108 -15.553 -8.06194
10 15.9416 -24.0036 -8.06198
10.02 22.9423 -31.0043 -8.06199
10.04 17.1838 -25.2458 -8.06198
10.06 10.7295 -18.7915 -8.06194
10.08 13.1149 -21.1769 -8.06193
10.1 13.7876 -21.8495 -8.06193
10.12 16.1776 -24.2395 -8.06191
10.14 17.0183 -25.0802 -8.06191
10.16 15.48 -23.5419 -8.06196
10.18 10.9632 -19.0251 -8.06191
10.2 12.5945 -20.6564 -8.06192
10.22 14.8238 -22.8858 -8.06192
10.24 14.614 -22.6759 -8.06192
10.26 14.074 -22.1359 -8.06189
10.28 13.7566 -21.8185 -8.06189
10.3 12.8237 -20.8856 -8.06192
10.32 13.0797 -21.1416 -8.0619
10.34 15.4633 -23.5252 -8.06191
10.36 17.778 -25.8399 -8.0619
10.38 19.9093 -27.9712 -8.06193
10.4 17.8503 -25.9122 -8.06195
10.42 15.6199 -23.6818 -8.06195
10.44 16.2193 -24.2813 -8.06196
10.46 16.5943 -24.6562 -8.06197
10.48 16.177 -24.239 -8.06199
10.5 18.5548 -26.6167 -8.06196
10.52 21.0327 -29.0948 -8.06207
10.54 18.8899 -26.9519 -8.06206
10.56 15.0219 -23.0839 -8.06203
10.58 13.8221 -21.8841 -8.06204
10.6 17.3743 -25.4364 -8.06208
10.62 19.3226 -27.3846 -8.06202
10.64 19.4012 -27.4633 -8.06203
10.66 16.4376 -24.4997 -8.06206
10.68 13.7986 -21.8607 -8.06209
10.7 16.7698 -24.8319 -8.0621
10.72 17.7676 -25.8297 -8.06212
10.74 16.7175 -24.7796 -8.06214
10.76 12.9152 -20.9774 -8.06213
10.78 11.2221 -19.2842 -8.0621
10.8 16.3911 -24.4532 -8.0621
10.82 19.4585 -27.5205 -8.06209
10.84 18.4332 -26.4953 -8.0621
10.86 15.2609 -23.323 -8.06211
10.88 12.7364 -20.7985 -8.06211
10.9 15.5344 -23.5964 -8.06208
10.92 14.2698 -22.3319 -8.06206
10.94 12.1591 -20.2212 -8.06206
10.96 17.2985 -25.3605 -8.06209
10.98 13.5054 -21.5675 -8.06205
11 15.1008 -23.1629 -8.06206
11.02 19.5075 -27.5696 -8.06207
11.04 15.0213 -23.0834 -8.06206
11.06 11.9123 -19.9744 -8.06206
11.08 13.1031 -21.1651 -8.06203
11.1 15.8435 -23.9056 -8.06204
11.12 17.4803 -25.5424 -8.06208
11.14 15.1747 -23.2367 -8.06209
11.16 11.8142 -19.8763 -8.06212
11.18 11.7507 -19.8129 -8.06216
11.2 15.6558 -23.718 -8.06217
11.22 20.5353 -28.5975 -8.06217
11.24 23.3584 -31.4206 -8.06221
11.26 18.0621 -26.1244 -8.06222
11.28 10.304 -18.3662 -8.0622
11.3 10.3802 -18.4424 -8.06221
11.32 14.3181 -22.3803 -8.06222
11.34 17.4932 -25.5554 -8.06223
11.36 17.0518 -25.1141 -8.06224
11.38 16.7801 -24.8423 -8.06225
11.4 16.5568 -24.6191 -8.06224
11.42 18.4583 -26.5205 -8.06225
11.44 18.6813 -26.7435 -8.06221
11.46 16.9399 -25.0021 -8.06226
11.48 20.8937 -28.956 -8.06229
11.5 21.7274 -29.7897 -8.06228
11.52 14.4014 -22.4636 -8.06223
11.54 12.5108 -20.573 -8.06223
11.56 15.9178 -23.9801 -8.06227
11.58 13.6468 -21.7091 -8.06225
11.6 11.7086 -19.7708 -8.06223
11.62 13.6342 -21.6965 -8.06223
11.64 17.2701 -25.3323 -8.06221
11.66 21.3949 -29.4571 -8.06223
11.68 22.6764 -30.7387 -8.06222
11.7 23.2737 -31.3359 -8.06221
11.72 20.3828 -28.445 -8.06225
11.74 16.3981 -24.4603 -8.06226
11.76 15.3595 -23.4217 -8.06227
11.78 16.3682 -24.4304 -8.06225
11.8 18.3312 -26.3934 -8.06223
11.82 19.3766 -27.4388 -8.06223
11.84 17.4397 -25.502 -8.06228
11.86 16.3956 -24.4579 -8.06227
11.88 14.8287 -22.8909 -8.06227
11.9 13.7857 -21.848 -8.06227
11.92 13.3605 -21.4228 -8.0623
11.94 15.1258 -23.1881 -8.0623
11.96 14.8514 -22.9138 -8.06235
11.98 14.151 -22.2134 -8.06239
12 14.7349 -22.7972 -8.06239
12.02 13.6143 -21.6767 -8.0624
12.04 15.3483 -23.4107 -8.06241
12.06 16.2924 -24.3548 -8.06238
12.08 15.5089 -23.5712 -8.06236
12.1 16.0604 -24.1227 -8.06234
12.12 17.1928 -25.2552 -8.06238
12.14 13.7476 -21.81 -8.06239
12.16 9.2919 -17.3543 -8.06237
12.18 10.9542 -19.0166 -8.06238
12.2 16.3853 -24.4477 -8.06239
12.22 19.8306 -27.893 -8.06238
12.24 20.9053 -28.9677 -8.06239
12.26 19.9102 -27.9726 -8.06239
12.28 16.2936 -24.356 -8.06236
12.3 13.6106 -21.673 -8.06237
12.32 15.7982 -23.8606 -8.06243
12.34 18.027 -26.0894 -8.06242
12.36 17.9773 -26.0397 -8.06241
12.38 18.3793 -26.4417 -8.06239
12.4 20.2301 -28.2925 -8.06242
12.42 20.794 -28.8563 -8.0623
12.44 19.5853 -27.6476 -8.06228
12.46 18.3037 -26.366 -8.06226
12.48 14.7708 -22.833 -8.06225
12.5 13.058 -21.1201 -8.06218
12.52 14.3689 -22.4311 -8.06222
12.54 16.2018 -24.264 -8.06222
12.56 15.015 -23.0772 -8.06227
12.58 11.8065 -19.8688 -8.06226
12.6 13.1019 -21.1641 -8.06226
12.62 17.5367 -25.5989 -8.06223
12.64 18.7988 -26.861 -8.06223
12.66 15.4951 -23.5574 -8.06226
12.68 16.8675 -24.9298 -8.06227
12.7 19.5455 -27.6078 -8.06228
12.72 14.9563 -23.0185 -8.06224
12.74 11.8535 -19.9158 -8.06227
12.76 13.541 -21.6033 -8.06225
12.78 16.9428 -25.005 -8.06226
12.8 17.0892 -25.1515 -8.06225
12.82 18.8738 -26.9361 -8.06225
12.84 20.4416 -28.5039 -8.06223
12.86 13.735 -21.7971 -8.06219
12.88 9.37414 -17.4363 -8.06217
12.9 16.9352 -24.9975 -8.06226
12.92 19.5473 -27.6096 -8.06227
12.94 15.7946 -23.8568 -8.06224
12.96 14.3748 -22.437 -8.06221
12.98 12.4064 -20.4686 -8.06221
13 11.8134 -19.8757 -8.06224
13.02 12.6564 -20.7187 -8.0623
13.04 10.5307 -18.593 -8.06228
13.06 11.7629 -19.8252 -8.06225
13.08 15.5596 -23.6218 -8.06224
13.1 17.6397 -25.702 -8.06226
13.12 19.4553 -27.5175 -8.0622
13.14 20.3754 -28.4377 -8.06225
13.16 16.3171 -24.3794 -8.06224
13.18 15.1988 -23.2611 -8.06227
13.2 17.6028 -25.6651 -8.06232
13.22 19.2294 -27.2918 -8.06235
13.24 18.426 -26.4883 -8.0623
13.26 13.9251 -21.9874 -8.0623
13.28 9.54412 -17.6063 -8.06222
13.3 14.1484 -22.2107 -8.06227
13.32 19.5902 -27.6524 -8.06224
13.34 21.1755 -29.2378 -8.06223
13.36 20.8673 -28.9296 -8.06232
13.38 19.179 -27.2414 -8.06234
13.4 16.7996 -24.8619 -8.06233
13.42 14.3125 -22.3748 -8.06233
13.44 12.1539 -20.2162 -8.0623
13.46 14.2884 -22.3507 -8.06232
13.48 16.4479 -24.5102 -8.06231
13.5 19.7176 -27.7799 -8.0623
13.52 22.5935 -30.6558 -8.06227
13.54 20.7356 -28.7979 -8.06233
13.56 15.3578 -23.4201 -8.06234
13.58 12.0322 -20.0945 -8.06231
13.6 14.9605 -23.0229 -8.06238
13.62 15.8245 -23.8869 -8.06237
13.64 13.4649 -21.5272 -8.06233
13.66 16.1451 -24.2074 -8.06233
13.68 19.3493 -27.4116 -8.06232
13.7 19.2738 -27.3361 -8.06225
13.72 18.6614 -26.7236 -8.06222
13.74 17.4764 -25.5386 -8.06221
13.76 18.177 -26.2392 -8.06227
13.78 18.6345 -26.6967 -8.06226
13.8 17.3056 -25.3678 -8.06225
13.82 16.0791 -24.1414 -8.06223
13.84 14.8735 -22.9358 -8.06229
13.86 13.2962 -21.3584 -8.06224
13.88 13.5584 -21.6207 -8.06224
13.9 15.216 -23.2782 -8.06221
13.92 15.3586 -23.4209 -8.06224
13.94 12.5953 -20.6575 -8.06222
13.96 12.7362 -20.7984 -8.06219
13.98 18.6667 -26.7288 -8.06211
14 20.4216 -28.4837 -8.06204
14.02 16.8149 -24.8769 -8.06201
14.04 14.9965 -23.0585 -8.06201
14.06 13.6332 -21.6952 -8.062
14.08 11.9525 -20.0144 -8.06198
14.1 13.9265 -21.9885 -8.06198
14.12 16.4559 -24.5179 -8.06199
14.14 17.5099 -25.5719 -8.06198
14.16 20.418 -28.48 -8.06201
14.18 22.4697 -30.5316 -8.06189
14.2 20.3181 -28.38 -8.06186
14.22 19.1235 -27.1854 -8.06187
14.24 17.1326 -25.1944 -8.06188
14.26 15.3595 -23.4213 -8.06186
14.28 15.9502 -24.0121 -8.06193
14.3 18.3123 -26.3742 -8.06195
14.32 19.1382 -27.2002 -8.06199
14.34 16.5542 -24.6161 -8.06196
14.36 16.0777 -24.1396 -8.06191
14.38 12.8109 -20.8728 -8.06189
14.4 10.0999 -18.1618 -8.06189
14.42 10.4516 -18.5135 -8.0619
14.44 12.3923 -20.4543 -8.06196
14.46 16.0421 -24.104 -8.06195
14.48 17.8551 -25.917 -8.06193
14.5 13.9346 -21.9966 -8.06195
14.52 12.5491 -20.611 -8.06195
14.54 15.9928 -24.0548 -8.06196
14.56 16.877 -24.9389 -8.06191
14.58 15.0113 -23.0732 -8.06193
14.6 17.4565 -25.5184 -8.06193
14.62 15.1188 -23.1808 -8.06198
14.64 13.1992 -21.2612 -8.06197
14.66 17.3034 -25.3654 -8.06196
14.68 17.9256 -25.9875 -8.06194
14.7 15.8316 -23.8936 -8.06197
14.72 18.6991 -26.7611 -8.06201
14.74 20.6681 -28.7302 -8.06204
14.76 16.8491 -24.9111 -8.06202
14.78 15.2906 -23.3526 -8.06201
14.8 14.6524 -22.7144 -8.062
14.82 16.0294 -24.0914 -8.062
14.84 22.3585 -30.4205 -8.06203
14.86 22.7785 -30.8405 -8.06195
14.88 18.1236 -26.1856 -8.06191
14.9 14.31 -22.3718 -8.06184
14.92 15.2451 -23.3069 -8.06184
14.94 17.4402 -25.5021 -8.06187
14.96 17.3639 -25.4258 -8.06184
14.98 15.9174 -23.9793 -8.06185
15 14.2785 -22.3403 -8.06182
15.02 15.2607 -23.3226 -8.06184
15.04 13.2221 -21.284 -8.06182
15.06 12.0043 -20.0661 -8.06179
15.08 17.227 -25.2888 -8.06181
15.1 19.2158 -27.2776 -8.06181
15.12 15.294 -23.3558 -8.06176
15.14 16.0111 -24.0729 -8.06182
15.16 15.7229 -23.7847 -8.06179
15.18 13.8728 -21.9346 -8.06178
15.2 16.1858 -24.2475 -8.06177
15.22 16.9605 -25.0222 -8.06172
15.24 15.1882 -23.2498 -8.06164
15.26 13.2732 -21.3348 -8.06163
15.28 13.6685 -21.7302 -8.06164
15.3 13.4406 -21.5022 -8.06165
15.32 13.8901 -21.9517 -8.06162
15.34 15.8957 -23.9574 -8.06163
15.36 14.9298 -22.9914 -8.06165
15.38 15.6639 -23.7255 -8.06165
15.4 19.7003 -27.762 -8.06166
15.42 19.6701 -27.7318 -8.06162
15.44 17.0376 -25.0993 -8.06163
15.46 17.6155 -25.6771 -8.06162
15.48 20.4273 -28.4889 -8.06164
15.5 19.7903 -27.852 -8.06166
15.52 16.6327 -24.6943 -8.06165
15.54 16.0176 -24.0793 -8.06166
15.56 17.9383 -26 -8.06165
15.58 15.4667 -23.5283 -8.06161
15.6 13.0606 -21.1222 -8.06161
15.62 16.0865 -24.1481 -8.06162
15.64 20.0412 -28.1028 -8.06158
15.66 18.447 -26.5085 -8.06154
15.68 17.3024 -25.3639 -8.0615
15.7 16.6977 -24.7592 -8.06153
15.72 15.0975 -23.159 -8.06153
15.74 14.6629 -22.7244 -8.06152
15.76 11.7893 -19.8508 -8.06151
15.78 9.52921 -17.5907 -8.06149
15.8 11.8748 -19.9363 -8.0615
15.82 15.2027 -23.2642 -8.06149
15.84 20.1215 -28.183 -8.0615
15.86 20.6903 -28.7518 -8.0615
15.88 16.027 -24.0885 -8.06148
15.9 16.9531 -25.0146 -8.06152
15.92 19.6815 -27.743 -8.06152
15.94 16.8287 -24.8902 -8.06151
15.96 14.1353 -22.1968 -8.06148
15.98 16.6632 -24.7247 -8.06152
16 19.8916 -27.9531 -8.0615
16.02 19.6419 -27.7034 -8.0615
16.04 17.4496 -25.5111 -8.06149
16.06 14.5818 -22.6433 -8.06151
16.08 15.947 -24.0086 -8.06154
16.1 17.5047 -25.5662 -8.06153
16.12 17.3829 -25.4444 -8.06152
16.14 16.6588 -24.7203 -8.06149
16.16 14.7847 -22.8461 -8.06146
16.18 15.6573 -23.7188 -8.06148
16.2 14.6158 -22.6773 -8.06146
16.22 11.0737 -19.1351 -8.06143
16.24 15.5628 -23.6243 -8.06147
16.26 18.1872 -26.2487 -8.06144
16.28 14.5504 -22.6118 -8.06141
16.3 13.079 -21.1404 -8.0614
16.32 16.7153 -24.7768 -8.06146
16.34 18.1643 -26.2258 -8.0615
16.36 15.5064 -23.5679 -8.06149
16.38 16.7834 -24.8449 -8.0615
16.4 20.1007 -28.1622 -8.06155
16.42 18.5807 -26.6422 -8.06151
16.44 14.411 -22.4724 -8.06148
16.46 14.5426 -22.6041 -8.06151
16.48 14.4101 -22.4716 -8.0615
16.5 16.7088 -24.7703 -8.06149
16.52 21.474 -29.5355 -8.06153
16.54 19.024 -27.0854 -8.06142
16.56 17.0659 -25.1274 -8.06145
16.58 15.5117 -23.5731 -8.06143
16.6 15.3122 -23.3736 -8.06143
16.62 17.2464 -25.3078 -8.06139
16.64 16.2343 -24.2956 -8.06139
16.66 13.5096 -21.571 -8.06141
16.68 13.3801 -21.4415 -8.06139
16.7 15.2997 -23.3611 -8.06139
16.72 16.3604 -24.4218 -8.06142
16.74 14.7059 -22.7673 -8.0614
16.76 12.9756 -21.037 -8.0614
16.78 13.7834 -21.8449 -8.06142
16.8 15.7434 -23.8049 -8.06145
16.82 18.8257 -26.8872 -8.06145
16.84 19.3221 -27.3837 -8.06151
16.86 18.3916 -26.4532 -8.06154
16.88 20.1017 -28.1632 -8.06159
16.9 19.6453 -27.7069 -8.0616
16.92 13.5466 -21.6082 -8.06162
16.94 11.9128 -19.9744 -8.06163
16.96 16.0296 -24.0913 -8.06165
16.98 15.8664 -23.928 -8.06164
17 14.8385 -22.9002 -8.06162
17.02 12.6856 -20.7473 -8.06161
17.04 14.614 -22.6757 -8.06164
17.06 19.2812 -27.3429 -8.06169
17.08 20.9615 -29.0232 -8.06171
17.1 17.5853 -25.647 -8.06168
17.12 16.5065 -24.5682 -8.06168
17.14 19.5718 -27.6336 -8.06174
17.16 18.5146 -26.5763 -8.06172
17.18 15.4199 -23.4816 -8.06172
17.2 14.4547 -22.5164 -8.0617
17.22 13.0778 -21.1395 -8.06168
17.24 11.8564 -19.9181 -8.06169
17.26 13.3324 -21.3941 -8.06168
17.28 17.3718 -25.4336 -8.06176
17.3 17.5859 -25.6476 -8.06169
17.32 17.6305 -25.6922 -8.06174
17.34 16.9027 -24.9644 -8.06173
17.36 14.9541 -23.0159 -8.06176
17.38 13.8571 -21.9189 -8.06177
17.4 13.2441 -21.3059 -8.06176
17.42 16.0935 -24.1552 -8.06173
17.44 19.659 -27.7209 -8.06185
17.46 19.5696 -27.6314 -8.06185
17.48 14.712 -22.7739 -8.06183
17.5 13.7152 -21.7771 -8.06182
17.52 17.9719 -26.0338 -8.0619
17.54 20.9695 -29.0314 -8.06184
17.56 19.2234 -27.2852 -8.06185
17.58 17.8176 -25.8794 -8.06182
17.6 17.2668 -25.3286 -8.06178
17.62 15.6065 -23.6682 -8.06174
17.64 16.9889 -25.0507 -8.06173
17.66 18.4825 -26.5442 -8.06171
17.68 16.9341 -24.9958 -8.06176
17.7 13.887 -21.9487 -8.06171
17.72 12.9264 -20.9881 -8.06172
17.74 14.18 -22.2418 -8.06176
17.76 15.653 -23.7147 -8.06173
17.78 15.363 -23.4248 -8.06175
17.8 15.7475 -23.8093 -8.06181
17.82 18.1306 -26.1925 -8.06184
17.84 18.3217 -26.3836 -8.06188
17.86 17.4827 -25.5446 -8.06188
17.88 17.0205 -25.0824 -8.06189
17.9 12.7472 -20.809 -8.06185
17.92 12.6703 -20.7321 -8.06182
17.94 18.8529 -26.9147 -8.06184
17.96 18.4014 -26.4632 -8.06182
17.98 13.7368 -21.7986 -8.06179
18 14.7855 -22.8472 -8.06179
18.02 17.4878 -25.5496 -8.06181
18.04 13.4727 -21.5345 -8.06179
18.06 11.284 -19.3457 -8.0617
18.08 14.9761 -23.0378 -8.06173
18.1 15.57 -23.6317 -8.06173
18.12 14.7466 -22.8083 -8.06171
18.14 18.8292 -26.8909 -8.0617
18.16 18.904 -26.9657 -8.06169
18.18 13.6968 -21.7584 -8.06165
18.2 11.3548 -19.4164 -8.06165
18.22 12.9556 -21.0173 -8.06166
18.24 12.3989 -20.4605 -8.06165
18.26 11.6374 -19.6991 -8.06164
18.28 12.9529 -21.0146 -8.06164
18.3 16.1431 -24.2048 -8.06171
18.32 18.3768 -26.4385 -8.0617
18.34 18.4997 -26.5614 -8.0617
18.36 16.7651 -24.8268 -8.06168
18.38 16.7271 -24.7889 -8.06179
18.4 14.0253 -22.0871 -8.06178
18.42 12.0602 -20.122 -8.06177
18.44 16.2138 -24.2756 -8.06178
18.46 18.8983 -26.9601 -8.06182
18.48 14.5844 -22.6462 -8.06181
18.5 15.1499 -23.2117 -8.06181
18.52 20.5163 -28.5781 -8.06186
18.54 18.952 -27.0138 -8.06184
18.56 17.4684 -25.5302 -8.06183
18.58 17.7324 -25.7942 -8.0618
18.6 18.3886 -26.4505 -8.06184
18.62 13.9398 -22.0016 -8.06181
18.64 10.7756 -18.8374 -8.06184
18.66 12.6569 -20.7188 -8.06185
18.68 17.4051 -25.4669 -8.06185
18.7 18.6465 -26.7084 -8.06186
18.72 15.7319 -23.7937 -8.0618
18.74 13.1057 -21.1675 -8.06178
18.76 13.7819 -21.8437 -8.06178
18.78 15.2097 -23.2715 -8.06179
18.8 17.0575 -25.1193 -8.06181
18.82 19.0386 -27.1004 -8.06188
18.84 17.1731 -25.235 -8.06192
18.86 14.9194 -22.9813 -8.06191
18.88 19.6296 -27.6915 -8.06192
18.9 19.0897 -27.1516 -8.06184
18.92 15.9592 -24.0211 -8.06187
18.94 13.9521 -22.0139 -8.06181
18.96 16.7581 -24.82 -8.06188
18.98 20.6727 -28.7346 -8.06192
19 21.9908 -30.0527 -8.06196
19.02 17.8888 -25.9508 -8.06197
19.04 12.3058 -20.3678 -8.06199
19.06 11.4763 -19.5383 -8.06199
19.08 11.6499 -19.7119 -8.06197
19.1 15.8281 -23.8901 -8.06202
19.12 19.1472 -27.2092 -8.06201
19.14 15.6724 -23.7343 -8.06196
19.16 16.8638 -24.9257 -8.06191
19.18 17.1531 -25.2149 -8.06185
19.2 14.1946 -22.2564 -8.06184
19.22 13.212 -21.2738 -8.06183
19.24 11.9234 -19.9852 -8.06182
19.26 11.9906 -20.0524 -8.06181
19.28 16.8399 -24.9017 -8.06181
19.3 22.6793 -30.741 -8.06176
19.32 22.0074 -30.0692 -8.0618
19.34 15.9636 -24.0254 -8.06178
19.36 13.1371 -21.1988 -8.06174
19.38 13.0432 -21.105 -8.06175
19.4 15.2768 -23.3385 -8.0617
19.42 18.682 -26.7437 -8.06169
19.44 18.3164 -26.3781 -8.0617
19.46 16.8774 -24.9392 -8.06172
19.48 18.0879 -26.1496 -8.06169
19.5 16.8766 -24.9382 -8.06167
19.52 16.9574 -25.0191 -8.06166
19.54 17.652 -25.7136 -8.06164
19.56 13.0741 -21.1358 -8.06161
19.58 12.7802 -20.8419 -8.06165
19.6 16.862 -24.9237 -8.06165
19.62 21.0997 -29.1614 -8.06169
19.64 18.1205 -26.1822 -8.06171
19.66 15.1135 -23.1752 -8.06171
19.68 18.7028 -26.7644 -8.06169
19.7 16.1177 -24.1794 -8.06165
19.72 14.2655 -22.3271 -8.06167
19.74 15.8159 -23.8776 -8.06168
19.76 16.1102 -24.1719 -8.06173
19.78 16.2841 -24.3459 -8.06171
19.8 16.6403 -24.702 -8.0617
19.82 17.5718 -25.6335 -8.06172
19.84 17.3856 -25.4473 -8.06162
19.86 15.4064 -23.4681 -8.06163
19.88 13.7818 -21.8434 -8.0616
19.9 17.0472 -25.1088 -8.0616
19.92 21.2878 -29.3494 -8.06161
19.94 21.5966 -29.6581 -8.06158
19.96 17.4315 -25.4931 -8.0616
19.98 12.0631 -20.1247 -8.06158
20 16.2483 -24.3098 -8.06156
20.02 19.143 -27.2046 -8.06154
20.04 15.22 -23.2815 -8.06154
20.06 16.8804 -24.9419 -8.06156
20.08 16.1539 -24.2155 -8.06156
20.1 15.8188 -23.8804 -8.06155
20.12 17.1819 -25.2435 -8.06157
20.14 16.5002 -24.5617 -8.06156
20.16 13.5271 -21.5887 -8.06158
20.18 13.1432 -21.2047 -8.06152
20.2 16.3288 -24.3903 -8.06153
20.22 18.6294 -26.691 -8.06155
20.24 19.0584 -27.12 -8.06154
20.26 16.7064 -24.7679 -8.06153
20.28 12.5354 -20.5968 -8.06148
20.3 17.6703 -25.7319 -8.06151
20.32 17.8926 -25.954 -8.06144
20.34 12.3661 -20.4275 -8.06143
20.36 11.4612 -19.5227 -8.06144
20.38 9.47768 -17.5391 -8.06144
20.4 10.8552 -18.9167 -8.06143
20.42 16.6607 -24.722 -8.06133
20.44 18.9275 -26.9889 -8.06134
20.46 19.1484 -27.2098 -8.06135
20.48 16.0332 -24.0945 -8.0613
20.5 17.5766 -25.6379 -8.06131
20.52 17.2407 -25.3019 -8.06126
20.54 19.5584 -27.6198 -8.06136
20.56 15.5412 -23.6025 -8.06132
20.58 14.0919 -22.1532 -8.06134
20.6 16.5357 -24.597 -8.06136
20.62 18.2135 -26.2748 -8.06133
20.64 18.5168 -26.5781 -8.06126
20.66 16.6702 -24.7315 -8.06128
20.68 15.6688 -23.7301 -8.06129
20.7 16.6387 -24.7 -8.06128
20.72 19.5175 -27.5788 -8.06131
20.74 15.4852 -23.5465 -8.0613
20.76 12.7827 -20.844 -8.06128
20.78 9.66805 -17.7293 -8.06129
20.8 13.9086 -21.9699 -8.06128
20.82 19.0679 -27.1292 -8.0613
20.84 16.2367 -24.2979 -8.06126
20.86 16.4965 -24.5578 -8.06125
20.88 17.5299 -25.5912 -8.06127
20.9 11.178 -19.2393 -8.06124
20.92 14.4816 -22.5429 -8.06126
20.94 19.8624 -27.9237 -8.06127
20.96 16.8409 -24.9022 -8.0613
20.98 14.7176 -22.7789 -8.06133
21 11.3788 -19.4401 -8.06132
21.02 16.2181 -24.2795 -8.06138
21.04 19.1409 -27.2023 -8.0614
21.06 17.9462 -26.0076 -8.06145
21.08 16.2578 -24.3192 -8.06146
21.1 13.8609 -21.9222 -8.06138
21.12 16.5144 -24.5758 -8.06143
21.14 20.427 -28.4885 -8.06142
21.16 19.2082 -27.2696 -8.06147
21.18 14.3309 -22.3924 -8.06148
21.2 13.6101 -21.6715 -8.06144
21.22 18.0217 -26.0832 -8.06147
21.24 18.9478 -27.0093 -8.06144
21.26 14.4067 -22.4682 -8.06147
21.28 12.7522 -20.8137 -8.06143
21.3 18.5862 -26.6477 -8.06151
21.32 17.5058 -25.5673 -8.06148
21.34 13.8866 -21.948 -8.06143
21.36 15.8436 -23.9051 -8.06147
21.38 14.8182 -22.8796 -8.06147
21.4 13.7901 -21.8516 -8.06147
21.42 13.5445 -21.606 -8.06149
21.44 14.93 -22.9914 -8.06147
21.46 16.4115 -24.4729 -8.06147
21.48 16.5782 -24.6396 -8.06143
21.5 17.4131 -25.4745 -8.06145
21.52 13.802 -21.8634 -8.06147
21.54 10.8632 -18.9247 -8.06145
21.56 12.321 -20.3825 -8.06145
21.58 13.549 -21.6104 -8.06141
21.6 18.6641 -26.7255 -8.06139
21.62 20.6861 -28.7476 -8.06144
21.64 14.9558 -23.0172 -8.06142
21.66 18.4461 -26.5076 -8.06145
21.68 19.471 -27.5323 -8.06138
21.7 16.1192 -24.1806 -8.06139
21.72 18.0772 -26.1386 -8.06143
21.74 17.1857 -25.2472 -8.06148
21.76 12.5086 -20.5701 -8.06146
21.78 13.6206 -21.6821 -8.06145
21.8 16.6804 -24.7418 -8.06146
21.82 16.4268 -24.4883 -8.06148
21.84 13.3079 -21.3694 -8.06147
21.86 14.4886 -22.55 -8.06147
21.88 19.6924 -27.7539 -8.06148
21.9 20.5638 -28.6253 -8.06147
21.92 18.0054 -26.0669 -8.06141
21.94 15.3477 -23.4091 -8.06138
21.96 13.4492 -21.5106 -8.06137
21.98 14.8489 -22.9103 -8.06136
22 18.8539 -26.9153 -8.06136
22.02 17.7061 -25.7675 -8.06143
22.04 12.6785 -20.7399 -8.06142
22.06 13.9938 -22.0553 -8.06144
22.08 13.786 -21.8475 -8.06144
22.1 13.0422 -21.1036 -8.06143
22.12 16.2044 -24.2659 -8.06146
22.14 15.6404 -23.7018 -8.06146
22.16 13.5219 -21.5833 -8.0614
22.18 15.2637 -23.3251 -8.06139
22.2 16.5385 -24.5998 -8.06136
22.22 18.3456 -26.4069 -8.06137
22.24 19.7802 -27.8415 -8.0613
22.26 20.3244 -28.3857 -8.06129
22.28 18.4339 -26.4951 -8.06127
22.3 14.2643 -22.3255 -8.06124
22.32 17.3383 -25.3995 -8.06127
22.34 18.2803 -26.3416 -8.0613
22.36 13.8229 -21.8843 -8.06134
22.38 12.2387 -20.3001 -8.06135
22.4 12.975 -21.0363 -8.06137
22.42 15.3488 -23.4102 -8.06138
22.44 18.9884 -27.0498 -8.06139
22.46 20.7891 -28.8505 -8.06136
22.48 17.6596 -25.721 -8.06139
22.5 10.8428 -18.9042 -8.06135
22.52 11.6989 -19.7603 -8.06135
22.54 20.0149 -28.0763 -8.06138
22.56 22.5705 -30.6319 -8.06138
22.58 17.9047 -25.966 -8.06135
22.6 12.748 -20.8093 -8.06135
22.62 12.6325 -20.6938 -8.06135
22.64 15.2207 -23.2821 -8.06136
22.66 15.178 -23.2394 -8.0614
22.68 15.2696 -23.331 -8.0614
22.7 15.1535 -23.2149 -8.06145
22.72 11.889 -19.9505 -8.06146
22.74 14.2304 -22.2918 -8.06147
22.76 19.3658 -27.4273 -8.0615
22.78 19.6626 -27.7241 -8.06153
22.8 15.4653 -23.5268 -8.06151
22.82 13.2063 -21.2678 -8.06153
22.84 16.2405 -24.302 -8.06153
22.86 16.9499 -25.0114 -8.0615
22.88 15.8354 -23.8969 -8.0615
22.9 14.6031 -22.6646 -8.06154
22.92 14.6336 -22.6951 -8.06153
22.94 16.6584 -24.72 -8.06161
22.96 18.6455 -26.707 -8.06158
22.98 19.0267 -27.0883 -8.06158
23 16.6598 -24.7213 -8.06157
23.02 12.1783 -20.2399 -8.06155
23.04 10.1913 -18.2529 -8.06154
23.06 15.1421 -23.2037 -8.06157
23.08 18.5459 -26.6075 -8.06156
23.1 16.2155 -24.2769 -8.06144
23.12 11.1112 -19.1726 -8.06142
23.14 12.6025 -20.664 -8.06145
23.16 16.9316 -24.9931 -8.0615
23.18 19.9904 -28.0519 -8.06149
23.2 19.7276 -27.7891 -8.06145
23.22 15.5368 -23.5983 -8.06143
23.24 11.969 -20.0304 -8.0614
23.26 14.8503 -22.9117 -8.06139
23.28 16.432 -24.4934 -8.06135
23.3 17.0696 -25.131 -8.0614
23.32 15.7505 -23.8118 -8.06135
23.34 17.0435 -25.1048 -8.06134
23.36 19.4161 -27.4774 -8.06132
23.38 21.0864 -29.1478 -8.06148
23.4 19.3652 -27.4266 -8.0614
23.42 14.5203 -22.5818 -8.06143
23.44 13.244 -21.3055 -8.06143
23.46 12.5236 -20.585 -8.06144
23.48 10.3403 -18.4017 -8.06142
23.5 14.9048 -22.9663 -8.06147
23.52 19.9892 -28.0507 -8.06152
23.54 10.7877 -18.8491 -8.06136
23.56 17.4499 -25.5114 -8.06145
23.58 16.9368 -24.9982 -8.06144
23.6 10.7633 -18.8248 -8.06144
23.62 13.9665 -22.028 -8.06149
23.64 15.0506 -23.1121 -8.06152
23.66 17.7772 -25.8387 -8.06153
23.68 19.6494 -27.7109 -8.0615
23.7 16.8852 -24.9467 -8.0615
23.72 15.1072 -23.1687 -8.0615
23.74 16.1581 -24.2197 -8.06156
23.76 18.7878 -26.8493 -8.06159
23.78 19.7918 -27.8533 -8.06153
23.8 17.8159 -25.8775 -8.06157
23.82 16.7306 -24.7921 -8.0615
23.84 17.9043 -25.9658 -8.06155
23.86 13.8647 -21.9262 -8.06152
23.88 13.2181 -21.2796 -8.06152
23.9 16.6837 -24.7452 -8.06148
23.92 16.1633 -24.2249 -8.06154
23.94 15.4747 -23.5362 -8.06154
23.96 14.6513 -22.7128 -8.06157
23.98 12.9419 -21.0034 -8.06156
24 16.0603 -24.1219 -8.06159
24.02 18.9594 -27.021 -8.06159
24.04 15.6258 -23.6873 -8.0615
24.06 14.3998 -22.4613 -8.06149
24.08 18.9262 -26.9877 -8.06152
24.1 17.268 -25.3296 -8.06154
24.12 15.2674 -23.3289 -8.06152
24.14 14.5027 -22.5642 -8.06149
24.16 14.193 -22.2545 -8.06148
24.18 17.1031 -25.1645 -8.06149
24.2 19.3574 -27.4188 -8.06146
24.22 18.5016 -26.5631 -8.06146
24.24 13.4463 -21.5077 -8.06141
24.26 8.15066 -16.2121 -8.0614
24.28 8.26362 -16.325 -8.06139
24.3 15.147 -23.2084 -8.06142
24.32 19.6841 -27.7455 -8.06144
24.34 17.1778 -25.2392 -8.06141
24.36 17.2528 -25.3142 -8.06141
24.38 18.0282 -26.0896 -8.06142
24.4 15.5547 -23.6161 -8.0614
24.42 17.2163 -25.2777 -8.06139
24.44 17.7294 -25.7908 -8.06137
24.46 14.1586 -22.2199 -8.06138
24.48 16.8124 -24.8738 -8.0614
24.5 18.5366 -26.598 -8.06142
24.52 15.3038 -23.3652 -8.06142
24.54 16.0127 -24.0741 -8.0614
24.56 15.268 -23.3294 -8.06139
24.58 13.1921 -21.2535 -8.06137
24.6 15.7786 -23.8399 -8.06134
24.62 18.0672 -26.1286 -8.06139
24.64 16.5499 -24.6112 -8.06138
24.66 16.7221 -24.7835 -8.06138
24.68 19.7505 -27.8119 -8.06145
24.7 19.6346 -27.6961 -8.06151
24.72 16.8379 -24.8994 -8.0615
24.74 11.8121 -19.8737 -8.06153
24.76 11.1274 -19.1889 -8.06156
24.78 16.8599 -24.9215 -8.06155
24.8 17.7134 -25.7749 -8.06153
24.82 19.2191 -27.2805 -8.06145
24.84 17.499 -25.5605 -8.06147
24.86 11.4194 -19.4808 -8.0614
24.88 13.8759 -21.9374 -8.06141
24.9 17.8549 -25.9163 -8.06143
24.92 14.911 -22.9724 -8.06142
24.94 13.7657 -21.8271 -8.0614
24.96 16.2802 -24.3417 -8.06141
24.98 17.6473 -25.7086 -8.06138
25 16.8878 -24.9492 -8.06142
25.02 18.4589 -26.5203 -8.06142
25.04 19.0855 -27.1469 -8.06143
25.06 16.3048 -24.3662 -8.06136
25.08 15.1121 -23.1735 -8.06135
25.1 16.4726 -24.5339 -8.06134
25.12 14.1768 -22.2381 -8.06135
25.14 13.3259 -21.3872 -8.0613
25.16 13.6662 -21.7275 -8.06128
25.18 15.9888 -24.05 -8.06128
25.2 20.5729 -28.6342 -8.06127
25.22 18.4423 -26.5035 -8.06124
25.24 18.659 -26.7203 -8.06127
25.26 18.3621 -26.4234 -8.0613
25.28 16.1713 -24.2326 -8.06128
25.3 14.2767 -22.3379 -8.06118
25.32 16.1286 -24.1898 -8.06119
25.34 15.502 -23.5632 -8.06119
25.36 17.7401 -25.8013 -8.06126
25.38 16.797 -24.8582 -8.06118
25.4 15.9712 -24.0323 -8.06117
25.42 13.9223 -21.9835 -8.06116
25.44 11.96 -20.0212 -8.0612
25.46 17.781 -25.8422 -8.06122
25.48 21.2257 -29.287 -8.06124
25.5 17.9017 -25.9629 -8.06119
25.52 12.118 -20.1791 -8.06114
25.54 12.9187 -20.9798 -8.06116
25.56 15.5785 -23.6396 -8.06113
25.58 19.5459 -27.6071 -8.06119
25.6 19.085 -27.1462 -8.06125
25.62 12.6194 -20.6806 -8.0612
25.64 10.914 -18.9753 -8.06123
25.66 15.8222 -23.8834 -8.06122
25.68 20.2758 -28.337 -8.06124
25.7 19.7284 -27.7897 -8.06125
25.72 15.8596 -23.9208 -8.06125
25.74 15.1335 -23.1948 -8.06124
25.76 16.8489 -24.9101 -8.06123
25.78 16.5267 -24.5879 -8.06121
25.8 17.682 -25.7432 -8.0612
25.82 19.2971 -27.3584 -8.06127
25.84 15.2077 -23.269 -8.06122
25.86 13.5786 -21.6399 -8.06123
25.88 15.5981 -23.6593 -8.06119
25.9 18.9198 -26.981 -8.06122
25.92 17.4254 -25.4866 -8.06118
25.94 13.9751 -22.0363 -8.06116
25.96 18.0324 -26.0936 -8.06117
25.98 16.6611 -24.7222 -8.06115
26 12.6674 -20.7285 -8.06112
26.02 15.6949 -23.756 -8.06111
26.04 18.6871 -26.7482 -8.06114
26.06 18.2633 -26.3245 -8.06117
26.08 16.17 -24.2312 -8.06116
26.1 14.8423 -22.9035 -8.06116
26.12 15.9407 -24.0018 -8.06115
26.14 13.736 -21.7972 -8.06117
26.16 15.7725 -23.8337 -8.06119
26.18 17.3029 -25.364 -8.06112
26.2 16.9456 -25.0067 -8.06109
26.22 16.0922 -24.1533 -8.06109
26.24 17.5659 -25.627 -8.06109
26.26 18.036 -26.0971 -8.06106
26.28 17.359 -25.4201 -8.06105
26.3 14.8114 -22.8724 -8.06102
26.32 10.6737 -18.7347 -8.061
26.34 13.1118 -21.1728 -8.06101
26.36 17.2475 -25.3085 -8.06098
26.38 16.1084 -24.1694 -8.061
26.4 16.7832 -24.8443 -8.06104
26.42 17.4092 -25.4703 -8.06106
26.44 12.8837 -20.9447 -8.06106
26.46 15.7259 -23.787 -8.06109
26.48 17.4508 -25.5119 -8.06111
26.5 13.7034 -21.7646 -8.06115
26.52 13.7098 -21.771 -8.06116
26.54 14.2294 -22.2905 -8.06116
26.56 13.0057 -21.0668 -8.06111
26.58 18.3974 -26.4586 -8.06111
26.6 21.4716 -29.5327 -8.06114
26.62 19.257 -27.3181 -8.06115
26.64 18.2844 -26.3456 -8.06116
26.66 12.844 -20.9052 -8.06114
26.68 13.1613 -21.2224 -8.06115
26.7 15.6104 -23.6715 -8.06116
26.72 11.4113 -19.4724 -8.06111
26.74 12.302 -20.3631 -8.06111
26.76 16.9424 -25.0035 -8.06114
26.78 17.0311 -25.0922 -8.06111
26.8 18.2812 -26.3424 -8.06121
26.82 19.624 -27.6852 -8.06121
26.84 16.3085 -24.3698 -8.06125
26.86 12.7822 -20.8434 -8.06124
26.88 14.9055 -22.9667 -8.06125
26.9 17.0147 -25.076 -8.0613
26.92 16.7369 -24.7982 -8.0613
26.94 14.4684 -22.5297 -8.06127
26.96 14.6532 -22.7146 -8.06131
26.98 15.9201 -23.9814 -8.06132
27 17.3687 -25.43 -8.06131
27.02 19.163 -27.2243 -8.06126
27.04 14.8179 -22.8792 -8.06125
27.06 14.6524 -22.7137 -8.06127
27.08 16.1678 -24.2291 -8.06129
27.1 17.9479 -26.0091 -8.06127
27.12 18.8999 -26.9611 -8.0612
27.14 18.4827 -26.5438 -8.06108
27.16 19.234 -27.2951 -8.06109
27.18 14.344 -22.4051 -8.06106
27.2 12.662 -20.7231 -8.06105
27.22 15.989 -24.0501 -8.06105
27.24 14.9223 -22.9833 -8.06103
27.26 12.3769 -20.4379 -8.06101
27.28 11.7384 -19.7994 -8.06101
27.3 14.772 -22.833 -8.061
27.32 18.7332 -26.7943 -8.06106
27.34 19.3364 -27.3975 -8.06107
27.36 15.9978 -24.0589 -8.06111
27.38 16.5849 -24.646 -8.06113
27.4 15.8661 -23.9272 -8.06111
27.42 15.36 -23.4211 -8.06109
27.44 18.4344 -26.4954 -8.06109
27.46 15.3016 -23.3627 -8.06109
27.48 13.9158 -21.9768 -8.06108
27.5 17.9981 -26.0591 -8.06105
27.52 21.2113 -29.2724 -8.06107
27.54 21.1093 -29.1704 -8.06112
27.56 16.4888 -24.5498 -8.06105
27.58 13.2787 -21.3398 -8.0611
27.6 14.8378 -22.899 -8.06118
27.62 16.034 -24.0952 -8.06114
27.64 16.7361 -24.7972 -8.06109
27.66 16.7828 -24.8439 -8.0611
27.68 12.9019 -20.9629 -8.06109
27.7 12.7832 -20.8442 -8.06103
27.72 15.3496 -23.4107 -8.06106
27.74 15.451 -23.512 -8.06103
27.76 14.2926 -22.3536 -8.06101
27.78 13.2794 -21.3405 -8.06104
27.8 13.2658 -21.3269 -8.06103
27.82 13.6177 -21.6788 -8.06107
27.84 13.4501 -21.5112 -8.06105
27.86 13.087 -21.148 -8.06107
27.88 15.0996 -23.1607 -8.06111
27.9 16.402 -24.4631 -8.06111
27.92 17.3999 -25.461 -8.06105
27.94 21.2428 -29.3039 -8.06109
27.96 22.277 -30.3381 -8.06109
27.98 18.5057 -26.5668 -8.06106
28 18.0983 -26.1593 -8.06106
28.02 18.7277 -26.7888 -8.06103
28.04 15.3734 -23.4344 -8.06103
28.06 13.4888 -21.5498 -8.06101
28.08 14.418 -22.4791 -8.06103
28.1 14.7468 -22.8078 -8.06102
28.12 15.1325 -23.1935 -8.06102
28.14 16.5879 -24.6488 -8.06095
28.16 18.8897 -26.9507 -8.06096
28.18 20.0119 -28.0729 -8.06099
28.2 18.8586 -26.9196 -8.06097
28.22 15.7542 -23.8152 -8.06105
28.24 12.7629 -20.8239 -8.06103
28.26 13.0181 -21.0791 -8.06098
28.28 16.4879 -24.5488 -8.06099
28.3 18.8144 -26.8754 -8.06096
28.32 16.5264 -24.5874 -8.06098
28.34 10.3777 -18.4387 -8.061
28.36 12.0983 -20.1593 -8.061
28.38 18.7385 -26.7995 -8.06103
28.4 17.0611 -25.1222 -8.06101
28.42 14.8693 -22.9303 -8.06099
28.44 19.2992 -27.3603 -8.06108
28.46 16.5468 -24.6079 -8.06107
28.48 11.5632 -19.6242 -8.06103
28.5 14.9629 -23.024 -8.06103
28.52 18.8019 -26.8629 -8.06105
28.54 15.3521 -23.4131 -8.06106
28.56 16.4025 -24.4635 -8.06104
28.58 19.7428 -27.8037 -8.06098
28.6 17.9457 -26.0067 -8.06096
28.62 14.2616 -22.3226 -8.06095
28.64 13.3295 -21.3904 -8.06092
28.66 14.0956 -22.1565 -8.06093
28.68 14.9071 -22.968 -8.0609
28.7 16.7774 -24.8384 -8.06097
28.72 15.1074 -23.1683 -8.06098
28.74 16.0539 -24.1149 -8.06099
28.76 17.7392 -25.8001 -8.0609
28.78 19.8922 -27.953 -8.06088
28.8 21.8544 -29.9153 -8.06091
28.82 17.3965 -25.4574 -8.06088
28.84 12.6534 -20.7143 -8.06085
28.86 11.9628 -20.0236 -8.06086
28.88 13.6307 -21.6915 -8.06086
28.9 16.4631 -24.5239 -8.06085
28.92 20.8497 -28.9106 -8.06088
28.94 19.1976 -27.2585 -8.06088
28.96 13.8016 -21.8624 -8.06083
28.98 17.2124 -25.2733 -8.06087
29 16.5803 -24.6412 -8.06089
29.02 12.9705 -21.0313 -8.06083
29.04 15.5785 -23.6392 -8.06077
29.06 18.5654 -26.6262 -8.06078
29.08 14.0744 -22.1352 -8.06078
29.1 13.1594 -21.2203 -8.06084
29.12 18.057 -26.1179 -8.06088
29.14 16.1629 -24.2238 -8.06088
29.16 12.3296 -20.3905 -8.0609
29.18 12.9342 -20.9951 -8.06092
29.2 15.8915 -23.9525 -8.06093
29.22 16.1028 -24.1637 -8.06092
29.24 15.4616 -23.5226 -8.06094
29.26 15.0924 -23.1533 -8.06091
29.28 12.8685 -20.9294 -8.06087
29.3 12.0032 -20.0641 -8.06086
29.32 15.7657 -23.8266 -8.06085
29.34 17.7489 -25.8098 -8.06087
29.36 12.775 -20.8358 -8.06082
29.38 13.8556 -21.9164 -8.06078
29.4 19.9365 -27.9972 -8.06079
29.42 18.8589 -26.9197 -8.0608
29.44 14.0445 -22.1053 -8.06081
29.46 17.2957 -25.3565 -8.06082
29.48 21.6218 -29.6827 -8.06087
29.5 17.6288 -25.6897 -8.06085
29.52 15.8454 -23.9062 -8.06087
29.54 19.591 -27.6519 -8.0609
29.56 18.1213 -26.1822 -8.06086
29.58 13.8606 -21.9215 -8.06088
29.6 10.7906 -18.8515 -8.06087
29.62 12.2318 -20.2927 -8.06087
29.64 15.209 -23.2699 -8.06088
29.66 13.6824 -21.7433 -8.06085
29.68 13.3211 -21.3819 -8.06081
29.7 18.7066 -26.7674 -8.06078
29.72 22.4899 -30.5507 -8.06087
29.74 19.5878 -27.6487 -8.06087
29.76 16.3233 -24.3842 -8.06089
29.78 15.4556 -23.5165 -8.06093
29.8 13.0191 -21.08 -8.0609
29.82 11.0752 -19.136 -8.06089
29.84 13.9949 -22.0558 -8.06089
29.86 16.2631 -24.324 -8.06089
29.88 16.0092 -24.0701 -8.06085
29.9 18.8076 -26.8684 -8.06082
29.92 20.3648 -28.4256 -8.0608
29.94 21.4118 -29.4727 -8.06092
29.96 20.4179 -28.4789 -8.06095
29.98 12.3759 -20.4368 -8.06091
30 12.7794 -20.8403 -8.06092
30.02 18.1183 -26.1792 -8.06093
30.04 15.6123 -23.6732 -8.06092
30.06 11.604 -19.6649 -8.06091
30.08 16.9052 -24.9662 -8.06093
30.1 14.6032 -22.6641 -8.06091
30.12 16.1828 -24.2437 -8.0609
30.14 19.751 -27.812 -8.06093
30.16 16.9168 -24.9778 -8.06096
30.18 14.8317 -22.8927 -8.06094
30.2 13.3033 -21.3642 -8.06095
30.22 13.5317 -21.5927 -8.06099
30.24 15.9859 -24.0468 -8.06092
30.26 17.9382 -25.9992 -8.06092
30.28 17.1506 -25.2115 -8.06092
30.3 15.7895 -23.8505 -8.06094
30.32 14.5738 -22.6348 -8.06095
30.34 13.0896 -21.1505 -8.06095
30.36 14.4719 -22.5328 -8.06094
30.38 18.5646 -26.6255 -8.06095
30.4 14.8731 -22.934 -8.06096
30.42 13.0308 -21.0917 -8.06094
30.44 20.6708 -28.7318 -8.06096
30.46 19.6737 -27.7346 -8.0609
30.48 17.9956 -26.0564 -8.06087
30.5 20.465 -28.5259 -8.06091
30.52 17.3362 -25.3971 -8.0609
30.54 13.642 -21.7029 -8.06093
30.56 14.5712 -22.6321 -8.06094
30.58 16.1886 -24.2496 -8.06097
30.6 16.3597 -24.4207 -8.06099
30.62 14.3129 -22.3739 -8.06097
30.64 16.0547 -24.1156 -8.06097
30.66 15.6439 -23.7049 -8.06098
30.68 13.5906 -21.6516 -8.06095
30.7 20.7699 -28.8309 -8.06098
30.72 19.5969 -27.6579 -8.06098
30.74 9.63845 -17.6994 -8.06097
30.76 11.5874 -19.6484 -8.06096
30.78 18.5841 -26.6451 -8.06102
30.8 14.7953 -22.8562 -8.06096
30.82 13.769 -21.8299 -8.06092
30.84 18.6206 -26.6815 -8.06097
30.86 17.4648 -25.5257 -8.06097
30.88 12.0253 -20.0863 -8.061
30.9 15.1369 -23.1979 -8.06102
30.92 18.6473 -26.7083 -8.06099
30.94 15.5196 -23.5806 -8.061
30.96 15.9362 -23.9972 -8.06103
30.98 20.0152 -28.0763 -8.06108
31 18.1128 -26.1739 -8.06109
31.02 13.3541 -21.4152 -8.06108
31.04 13.9964 -22.0575 -8.06111
31.06 16.541 -24.6021 -8.06111
31.08 15.4899 -23.551 -8.06108
31.1 14.707 -22.7681 -8.06108
31.12 15.6106 -23.6716 -8.06106
31.14 16.6692 -24.7303 -8.06108
31.16 15.3337 -23.3948 -8.06109
31.18 13.7966 -21.8577 -8.0611
31.2 13.2148 -21.2759 -8.06113
31.22 14.8384 -22.8996 -8.06114
31.24 18.8165 -26.8776 -8.06106
31.26 18.4845 -26.5455 -8.06106
31.28 16.8443 -24.9053 -8.061
31.3 17.5457 -25.6067 -8.06101
31.32 17.8316 -25.8927 -8.06101
31.34 16.6061 -24.667 -8.06098
31.36 14.8935 -22.9545 -8.06102
31.38 14.9463 -23.0073 -8.061
31.4 17.2989 -25.3599 -8.06103
31.42 15.2834 -23.3444 -8.06101
31.44 14.7993 -22.8604 -8.06104
31.46 14.457 -22.518 -8.06106
31.48 11.7341 -19.7952 -8.06106
31.5 15.7204 -23.7815 -8.06108
31.52 18.3452 -26.4063 -8.06103
31.54 14.1017 -22.1627 -8.06101
31.56 12.374 -20.435 -8.06104
31.58 15.6175 -23.6786 -8.06107
31.6 18.4293 -26.4903 -8.06102
31.62 19.9294 -27.9903 -8.06096
31.64 17.4372 -25.4982 -8.06096
31.66 14.198 -22.2588 -8.06085
31.68 14.978 -23.039 -8.06095
31.7 16.6986 -24.7596 -8.06096
31.72 16.7841 -24.8451 -8.06105
31.74 14.2119 -22.2729 -8.06104
31.76 14.2017 -22.2627 -8.06104
31.78 14.6734 -22.7344 -8.06101
31.8 14.8249 -22.886 -8.06103
31.82 17.3347 -25.3958 -8.06107
31.84 19.024 -27.085 -8.06104
31.86 15.6752 -23.7362 -8.061
31.88 17.0741 -25.1351 -8.06103
31.9 19.7351 -27.7961 -8.06105
31.92 15.2055 -23.2665 -8.061
31.94 11.2306 -19.2916 -8.06097
31.96 14.2271 -22.2881 -8.06099
31.98 15.9696 -24.0306 -8.06099
32 17.6526 -25.7136 -8.06098
32.02 19.472 -27.5331 -8.06104
32.04 17.1733 -25.2343 -8.06108
32.06 12.5302 -20.5913 -8.06101
32.08 13.969 -22.03 -8.06101
32.1 20.2034 -28.2644 -8.06104
32.12 20.7675 -28.8286 -8.06106
32.14 13.3017 -21.3628 -8.06108
32.16 12.5108 -20.5719 -8.06108
32.18 17.8506 -25.9117 -8.06111
32.2 17.004 -25.0651 -8.06108
32.22 17.7775 -25.8386 -8.06107
32.24 16.8578 -24.9189 -8.06112
32.26 14.1255 -22.1866 -8.0611
32.28 11.4439 -19.505 -8.06109
32.3 10.9124 -18.9735 -8.06109
32.32 13.8879 -21.949 -8.06109
32.34 15.829 -23.8901 -8.06106
32.36 16.493 -24.554 -8.06101
32.38 17.1016 -25.1627 -8.06103
32.4 15.1457 -23.2067 -8.06105
32.42 15.0405 -23.1016 -8.06112
32.44 16.1163 -24.1774 -8.06111
32.46 15.6583 -23.7193 -8.06105
32.48 13.0365 -21.0976 -8.06107
32.5 15.3935 -23.4546 -8.06109
32.52 18.6458 -26.7069 -8.0611
32.54 17.364 -25.425 -8.06107
32.56 18.2006 -26.2617 -8.06113
32.58 17.2426 -25.3037 -8.06111
32.6 12.9737 -21.0348 -8.06109
32.62 14.0368 -22.0979 -8.0611
32.64 17.2421 -25.3032 -8.06113
32.66 16.9125 -24.9736 -8.06112
32.68 12.0549 -20.116 -8.06108
32.7 13.8811 -21.9422 -8.0611
32.72 19.4751 -27.5362 -8.06111
32.74 23.0265 -31.0876 -8.06115
32.76 18.0826 -26.1437 -8.06109
32.78 14.8981 -22.9592 -8.06108
32.8 13.8464 -21.9075 -8.06109
32.82 9.88816 -17.9492 -8.06106
32.84 12.9511 -21.0122 -8.06107
32.86 19.5828 -27.6438 -8.06106
32.88 18.1586 -26.2197 -8.06106
32.9 14.3337 -22.3947 -8.06103
32.92 13.4793 -21.5404 -8.06102
32.94 13.811 -21.872 -8.06102
32.96 14.1099 -22.1709 -8.06102
32.98 14.2053 -22.2663 -8.06099
33 15.6666 -23.7276 -8.06098
33.02 16.8569 -24.9179 -8.06099
33.04 17.3959 -25.4568 -8.06095
33.06 18.6132 -26.6742 -8.06098
33.08 17.8434 -25.9044 -8.06096
33.1 15.1712 -23.2321 -8.06091
33.12 11.5831 -19.644 -8.0609
33.14 9.07053 -17.1314 -8.06087
33.16 9.1734 -17.2343 -8.06087
33.18 13.511 -21.5719 -8.06089
33.2 16.6439 -24.7048 -8.06089
33.22 17.3548 -25.4157 -8.06091
33.24 17.63 -25.6909 -8.06092
33.26 18.1689 -26.2298 -8.06093
33.28 19.7654 -27.8263 -8.06087
33.3 16.5539 -24.6149 -8.06098
33.32 13.8973 -21.9583 -8.06097
33.34 15.3267 -23.3877 -8.06101
33.36 16.2862 -24.3472 -8.06102
33.38 19.4806 -27.5416 -8.06099
33.4 21.7283 -29.7894 -8.06107
33.42 18.2418 -26.3029 -8.06111
33.44 12.8862 -20.9473 -8.06112
33.46 11.4307 -19.4918 -8.06112
33.48 12.8127 -20.8739 -8.06113
33.5 17.9981 -26.0592 -8.06111
33.52 20.4161 -28.4771 -8.06101
33.54 17.5693 -25.6303 -8.061
33.56 14.3902 -22.4512 -8.06102
33.58 11.1804 -19.2413 -8.06094
33.6 14.0399 -22.1009 -8.06096
33.62 17.8044 -25.8654 -8.06101
33.64 16.3248 -24.3859 -8.06105
33.66 12.0719 -20.1329 -8.06103
33.68 14.45 -22.5111 -8.06108
33.7 15.5428 -23.6038 -8.06108
33.72 12.1646 -20.2257 -8.06105
33.74 15.2382 -23.2993 -8.0611
33.76 20.6279 -28.689 -8.06115
33.78 18.1228 -26.1839 -8.0611
33.8 14.3928 -22.4538 -8.06101
33.82 16.4449 -24.506 -8.06102
33.84 17.4948 -25.5559 -8.06102
33.86 16.1425 -24.2035 -8.06102
33.88 13.5105 -21.5716 -8.06107
33.9 12.5336 -20.5947 -8.06112
33.92 15.6557 -23.7169 -8.06113
33.94 19.4168 -27.4779 -8.06116
33.96 18.3207 -26.3818 -8.06114
33.98 17.2492 -25.3104 -8.06113
34 18.0978 -26.159 -8.06119
34.02 18.3936 -26.4548 -8.0612
34.04 18.6603 -26.7215 -8.06125
34.06 16.6245 -24.6858 -8.06124
34.08 13.6296 -21.6908 -8.06123
34.1 11.7023 -19.7635 -8.06123
34.12 14.067 -22.1282 -8.06124
34.14 19.5358 -27.5971 -8.06129
34.16 22.4954 -30.5568 -8.06133
34.18 19.7903 -27.8517 -8.06133
34.2 12.1585 -20.2198 -8.06128
34.22 11.4579 -19.5191 -8.06129
34.24 14.7762 -22.8375 -8.06131
34.26 12.5378 -20.5991 -8.06127
34.28 12.1381 -20.1994 -8.06129
34.3 15.9667 -24.0281 -8.06132
34.32 15.9721 -24.0334 -8.06131
34.34 13.1859 -21.2472 -8.06128
34.36 14.5294 -22.5907 -8.06128
34.38 16.5857 -24.647 -8.0613
34.4 12.2985 -20.3598 -8.0613
34.42 9.35221 -17.4135 -8.06127
34.44 12.7629 -20.8242 -8.06129
34.46 15.0106 -23.0718 -8.06127
34.48 16.8315 -24.8928 -8.06127
34.5 18.577 -26.6383 -8.06128
34.52 21.1152 -29.1765 -8.06133
34.54 18.817 -26.8784 -8.06137
34.56 13.8379 -21.8993 -8.06134
34.58 16.0571 -24.1185 -8.06138
34.6 16.5585 -24.6199 -8.06142
34.62 12.8285 -20.8899 -8.06139
34.64 16.9757 -25.0371 -8.06141
34.66 21.5088 -29.5703 -8.06143
34.68 18.5142 -26.5756 -8.06143
34.7 14.6284 -22.6899 -8.06142
34.72 14.5306 -22.592 -8.06145
34.74 14.4823 -22.5437 -8.06141
34.76 15.3974 -23.4589 -8.06143
34.78 15.6789 -23.7403 -8.06142
34.8 15.4639 -23.5254 -8.06143
34.82 15.1276 -23.189 -8.06141
34.84 14.2478 -22.3092 -8.06133
34.86 15.8598 -23.9212 -8.06138
34.88 17.1906 -25.252 -8.06138
34.9 17.7768 -25.8382 -8.06137
34.92 18.3405 -26.4019 -8.06139
34.94 13.6677 -21.7291 -8.06133
34.96 13.6857 -21.747 -8.06133
34.98 18.3488 -26.4101 -8.06133
35 18.0936 -26.1549 -8.06134
35.02 20.8408 -28.9021 -8.06138
35.04 18.2232 -26.2845 -8.06134
35.06 13.6941 -21.7554 -8.0613
35.08 16.3126 -24.3739 -8.06132
35.1 18.0748 -26.1361 -8.06134
35.12 13.7519 -21.8133 -8.06133
35.14 12.8216 -20.8829 -8.06134
35.16 19.2918 -27.3531 -8.06135
35.18 19.8446 -27.9059 -8.06134
35.2 12.4866 -20.5479 -8.0613
35.22 13.6323 -21.6936 -8.06133
35.24 16.8962 -24.9575 -8.06129
35.26 16.5456 -24.6069 -8.06126
35.28 17.1058 -25.1671 -8.06126
35.3 17.4319 -25.4931 -8.06126
35.32 15.7186 -23.7798 -8.06124
35.34 15.6997 -23.7609 -8.06121
35.36 13.431 -21.4922 -8.0612
35.38 14.1896 -22.2508 -8.0612
35.4 18.8663 -26.9276 -8.06123
35.42 17.8941 -25.9554 -8.06125
35.44 13.9979 -22.0592 -8.06125
35.46 13.6533 -21.7145 -8.06119
35.48 17.4801 -25.5413 -8.06117
35.5 15.6375 -23.6986 -8.06113
35.52 13.3263 -21.3874 -8.06111
35.54 19.1023 -27.1635 -8.06118
35.56 14.4898 -22.5509 -8.06118
35.58 8.57352 -16.6346 -8.06113
35.6 17.4585 -25.5197 -8.06118
35.62 20.0377 -28.0989 -8.0612
35.64 11.2403 -19.3015 -8.06117
35.66 13.6977 -21.7588 -8.06119
35.68 20.8125 -28.8737 -8.06128
35.7 18.1095 -26.1708 -8.06125
35.72 15.4394 -23.5006 -8.06122
35.74 14.2567 -22.318 -8.06125
35.76 12.8909 -20.9522 -8.06125
35.78 14.179 -22.2403 -8.06127
35.8 15.346 -23.4073 -8.06127
35.82 14.9355 -22.9967 -8.06126
35.84 15.1743 -23.2356 -8.06127
35.86 18.1465 -26.2079 -8.06132
35.88 20.6986 -28.7599 -8.06132
35.9 18.9047 -26.9661 -8.06132
35.92 17.6621 -25.7234 -8.0613
35.94 17.0677 -25.1291 -8.06133
35.96 13.899 -21.9602 -8.06128
35.98 13.5969 -21.6582 -8.06128
36 16.1656 -24.2269 -8.06132
36.02 17.2944 -25.3557 -8.0613
36.04 20.4226 -28.484 -8.06135
36.06 19.3831 -27.4444 -8.06132
36.08 16.668 -24.7294 -8.06137
36.1 13.9637 -22.0251 -8.06134
36.12 12.5807 -20.6421 -8.06137
36.14 15.0489 -23.1103 -8.06134
36.16 13.8999 -21.9613 -8.06132
36.18 11.872 -19.9333 -8.0613
36.2 17.5683 -25.6297 -8.06136
36.22 21.8442 -29.9055 -8.06133
36.24 19.0091 -27.0704 -8.06126
36.26 16.7722 -24.8334 -8.06128
36.28 13.9451 -22.0063 -8.06128
36.3 13.3537 -21.415 -8.06126
36.32 15.0993 -23.1606 -8.06127
36.34 13.6746 -21.7359 -8.06132
36.36 12.2234 -20.2848 -8.06133
36.38 14.9106 -22.9719 -8.06134
36.4 17.5484 -25.6098 -8.06134
36.42 15.9002 -23.9616 -8.06137
36.44 12.5837 -20.645 -8.06128
36.46 16.6725 -24.7338 -8.06129
36.48 20.2206 -28.282 -8.06135
36.5 16.5272 -24.5885 -8.06133
36.52 15.7485 -23.8097 -8.06126
36.54 18.1339 -26.1952 -8.06129
36.56 13.944 -22.0053 -8.06127
36.58 12.9239 -20.9852 -8.06125
36.6 20.5761 -28.6374 -8.06128
36.62 20.0942 -28.1555 -8.06131
36.64 10.8018 -18.8631 -8.06127
36.66 15.0442 -23.1054 -8.06128
36.68 19.7869 -27.8482 -8.06131
36.7 14.975 -23.0363 -8.06128
36.72 12.7142 -20.7754 -8.06121
36.74 18.1078 -26.169 -8.06123
36.76 17.1085 -25.1697 -8.06124
36.78 10.6609 -18.7221 -8.06121
36.8 16.0437 -24.105 -8.06123
36.82 20.506 -28.5673 -8.06125
36.84 16.5502 -24.6114 -8.06119
36.86 11.4625 -19.5237 -8.06112
36.88 18.1388 -26.1999 -8.06116
36.9 17.4644 -25.5256 -8.06114
36.92 13.5308 -21.592 -8.06113
36.94 18.5736 -26.6348 -8.06122
36.96 15.7749 -23.8362 -8.06121
36.98 13.6214 -21.6826 -8.06126
37 17.8746 -25.9359 -8.06128
37.02 20.0624 -28.1237 -8.06131
37.04 16.5292 -24.5905 -8.06129
37.06 14.3173 -22.3786 -8.06126
37.08 14.5021 -22.5634 -8.06124
37.1 17.2965 -25.3578 -8.06129
37.12 13.9422 -22.0034 -8.06126
37.14 14.1981 -22.2594 -8.06126
37.16 18.4865 -26.5478 -8.06129
37.18 18.9883 -27.0496 -8.06132
37.2 14.2825 -22.3439 -8.06137
37.22 14.7707 -22.832 -8.06135
37.24 17.3156 -25.377 -8.06136
37.26 16.1552 -24.2165 -8.06133
37.28 19.5249 -27.5862 -8.06129
37.3 17.6378 -25.699 -8.06122
37.32 13.0484 -21.1096 -8.06121
37.34 16.446 -24.5072 -8.06124
37.36 16.3437 -24.405 -8.06125
37.38 11.0215 -19.0827 -8.06121
37.4 12.2941 -20.3553 -8.06118
37.42 18.124 -26.1852 -8.06119
37.44 18.4247 -26.4859 -8.0612
37.46 17.263 -25.3241 -8.06115
37.48 17.5754 -25.6366 -8.06121
37.5 15.1043 -23.1655 -8.06125
37.52 13.5755 -21.6367 -8.06128
37.54 15.2374 -23.2986 -8.06129
37.56 15.6187 -23.68 -8.06125
37.58 16.1102 -24.1714 -8.06123
37.6 16.2571 -24.3183 -8.0612
37.62 18.0368 -26.098 -8.0612
37.64 17.4086 -25.4699 -8.06123
37.66 16.3645 -24.4257 -8.06124
37.68 16.6903 -24.7516 -8.06126
37.7 17.6174 -25.6786 -8.06127
37.72 15.9004 -23.9617 -8.06129
37.74 16.7746 -24.8359 -8.0613
37.76 19.615 -27.6762 -8.06127
37.78 18.2835 -26.3448 -8.06129
37.8 17.2696 -25.3309 -8.06127
37.82 17.0595 -25.1208 -8.06129
37.84 13.183 -21.2443 -8.0613
37.86 10.0033 -18.0645 -8.06127
37.88 11.5608 -19.6221 -8.06126
37.9 13.4071 -21.4683 -8.06126
37.92 15.968 -24.0293 -8.06127
37.94 20.3005 -28.3618 -8.06131
37.96 21.1565 -29.2178 -8.06131
37.98 19.2643 -27.3255 -8.06124
38 17.0011 -25.0623 -8.06121
38.02 15.323 -23.3842 -8.06125
38.04 14.3693 -22.4306 -8.06125
38.06 13.0416 -21.1029 -8.06125
38.08 13.8448 -21.906 -8.06126
38.1 16.9691 -25.0303 -8.06127
38.12 19.1232 -27.1844 -8.06123
38.14 18.5383 -26.5995 -8.06121
38.16 17.6842 -25.7454 -8.06123
38.18 16.9634 -25.0246 -8.06121
38.2 17.4709 -25.5322 -8.06127
38.22 16.97 -25.0313 -8.06128
38.24 15.4759 -23.5372 -8.06125
38.26 13.0868 -21.148 -8.06125
38.28 11.5503 -19.6115 -8.06124
38.3 14.8693 -22.9306 -8.06125
38.32 18.7423 -26.8035 -8.06125
38.34 18.7366 -26.7978 -8.06117
38.36 18.7619 -26.8231 -8.06117
38.38 15.7027 -23.7639 -8.06117
38.4 16.1813 -24.2425 -8.06122
38.42 18.3124 -26.3737 -8.06122
38.44 18.5545 -26.6158 -8.06128
38.46 15.9504 -24.0117 -8.0613
38.48 10.2266 -18.2879 -8.0613
38.5 7.87522 -15.9365 -8.06129
38.52 14.0899 -22.1512 -8.06134
38.54 19.2763 -27.3377 -8.06131
38.56 20.3891 -28.4505 -8.06136
38.58 17.8792 -25.9405 -8.06135
38.6 16.8796 -24.941 -8.06134
38.62 15.4511 -23.5125 -8.06133
38.64 14.9876 -23.049 -8.06134
38.66 18.5678 -26.6291 -8.06136
38.68 21.701 -29.7624 -8.06144
38.7 19.5778 -27.6392 -8.06146
38.72 15.3632 -23.4247 -8.06145
38.74 16.4979 -24.5593 -8.06143
38.76 19.1342 -27.1956 -8.06141
38.78 17.2811 -25.3425 -8.06141
38.8 16.1326 -24.1939 -8.06136
38.82 17.7894 -25.8508 -8.06137
38.84 14.3996 -22.461 -8.06139
38.86 13.7476 -21.809 -8.06139
38.88 17.2757 -25.3371 -8.06142
38.9 17.4105 -25.4719 -8.06142
38.92 14.9922 -23.0536 -8.06141
38.94 13.4884 -21.5498 -8.06142
38.96 11.1293 -19.1908 -8.06144
38.98 11.9693 -20.0308 -8.06141
39 18.7019 -26.7633 -8.06142
39.02 20.8258 -28.8873 -8.06145
39.04 13.4153 -21.4767 -8.06144
39.06 8.74871 -16.8101 -8.06142
39.08 12.3192 -20.3806 -8.06143
39.1 15.5883 -23.6497 -8.06143
39.12 14.1384 -22.1998 -8.06142
39.14 12.861 -20.9224 -8.06143
39.16 14.2182 -22.2797 -8.06144
39.18 13.0642 -21.1256 -8.06142
39.2 14.02 -22.0813 -8.06132
39.22 14.595 -22.6563 -8.06133
39.24 15.147 -23.2084 -8.06132
39.26 17.6518 -25.7131 -8.0613
39.28 16.7009 -24.7622 -8.06125
39.3 18.0245 -26.0859 -8.06132
39.32 14.2864 -22.3478 -8.0614
39.34 12.4891 -20.5504 -8.06138
39.36 17.7016 -25.7631 -8.06147
39.38 18.7642 -26.8257 -8.06146
39.4 19.0119 -27.0734 -8.06145
39.42 14.048 -22.1093 -8.06135
39.44 18.5261 -26.5875 -8.0614
39.46 19.1697 -27.2311 -8.06138
39.48 17.8673 -25.9287 -8.06137
39.5 15.6528 -23.7142 -8.06145
39.52 12.4895 -20.5509 -8.06142
39.54 19.9828 -28.0443 -8.06148
39.56 22.3191 -30.3806 -8.06151
39.58 21.4407 -29.5022 -8.06142
39.6 13.9659 -22.0273 -8.06138
39.62 10.5611 -18.6224 -8.06134
39.64 15.1298 -23.1912 -8.06138
39.66 18.7367 -26.7981 -8.06136
39.68 17.1745 -25.2358 -8.06135
39.7 12.2608 -20.3222 -8.06136
39.72 13.2219 -21.2833 -8.06139
39.74 16.8954 -24.9568 -8.06138
39.76 18.9219 -26.9833 -8.06146
39.78 16.1282 -24.1896 -8.06143
39.8 10.3806 -18.442 -8.06139
39.82 11.6146 -19.6759 -8.06137
39.84 19.1945 -27.2558 -8.06136
39.86 18.3391 -26.4005 -8.06135
39.88 12.7665 -20.828 -8.06142
39.9 16.3616 -24.4231 -8.06146
39.92 17.0162 -25.0777 -8.06149
39.94 17.7145 -25.776 -8.06145
39.96 17.7255 -25.787 -8.06149
39.98 12.9715 -21.033 -8.06146
40 14.3969 -22.4584 -8.06149
40.02 15.0823 -23.1438 -8.0615
40.04 14.296 -22.3575 -8.06147
40.06 15.6592 -23.7207 -8.0615
40.08 20.2009 -28.2624 -8.06149
40.1 22.1361 -30.1976 -8.06146
40.12 17.2121 -25.2735 -8.06142
40.14 15.5172 -23.5786 -8.06141
40.16 16.3196 -24.381 -8.06141
40.18 14.7352 -22.7965 -8.06132
40.2 16.2919 -24.3533 -8.06136
40.22 15.8085 -23.8699 -8.06136
40.24 14.4667 -22.528 -8.06135
40.26 17.7558 -25.8172 -8.06134
40.28 17.4816 -25.5429 -8.06137
40.3 11.9833 -20.0447 -8.06134
40.32 13.023 -21.0844 -8.06138
40.34 16.4131 -24.4745 -8.0614
40.36 18.1146 -26.176 -8.06143
40.38 18.1712 -26.2326 -8.06146
40.4 17.4019 -25.4633 -8.06146
40.42 19.9982 -28.0597 -8.06147
40.44 18.3617 -26.4232 -8.06148
40.46 13.2302 -21.2916 -8.06144
40.48 11.6039 -19.6653 -8.06144
40.5 14.3022 -22.3636 -8.06142
40.52 19.6206 -27.682 -8.06143
40.54 22.0525 -30.114 -8.06145
40.56 18.2508 -26.3123 -8.06146
40.58 12.3497 -20.4111 -8.06143
40.6 17.8572 -25.9187 -8.06146
40.62 22.0253 -30.0868 -8.06148
40.64 17.7978 -25.8593 -8.06145
40.66 14.7875 -22.8489 -8.06145
40.68 18.4848 -26.5463 -8.06148
40.7 19.8698 -27.9313 -8.06148
40.72 18.4843 -26.5458 -8.06151
40.74 15.1726 -23.2341 -8.06145
40.76 12.9282 -20.9897 -8.06146
40.78 13.5528 -21.6143 -8.06146
40.8 15.2656 -23.3271 -8.06146
40.82 15.6366 -23.6981 -8.06142
40.84 14.1694 -22.2308 -8.06135
40.86 14.1723 -22.2337 -8.06135
40.88 17.8269 -25.8882 -8.06132
40.9 18.6746 -26.7359 -8.06132
40.92 18.1967 -26.258 -8.06133
40.94 17.6426 -25.704 -8.06137
40.96 18.4825 -26.5439 -8.06139
40.98 18.9026 -26.964 -8.06134
41 16.8283 -24.8896 -8.06135
41.02 17.0247 -25.086 -8.06132
41.04 16.6969 -24.7581 -8.0612
41.06 18.3419 -26.4031 -8.06119
41.08 17.2288 -25.2899 -8.06114
41.1 15.5812 -23.6424 -8.06115
41.12 17.9879 -26.0491 -8.06119
41.14 15.4197 -23.4809 -8.06117
41.16 14.9027 -22.9639 -8.06115
41.18 14.2713 -22.3324 -8.06114
41.2 13.5128 -21.574 -8.06118
41.22 13.5805 -21.6417 -8.06117
41.24 16.2557 -24.3169 -8.06123
41.26 17.662 -25.7232 -8.06124
41.28 16.6184 -24.6795 -8.06114
41.3 14.9462 -23.0074 -8.06114
41.32 13.4036 -21.4647 -8.06116
41.34 12.2731 -20.3342 -8.06116
41.36 13.7282 -21.7894 -8.06118
41.38 15.7406 -23.8018 -8.06124
41.4 12.6422 -20.7034 -8.06125
41.42 10.2505 -18.3118 -8.06124
41.44 12.0973 -20.1586 -8.06126
41.46 13.0256 -21.0868 -8.06126
41.48 13.4291 -21.4904 -8.06125
41.5 18.1063 -26.1675 -8.06123
41.52 23.118 -31.1793 -8.06132
41.54 20.6079 -28.6692 -8.06132
41.56 14.444 -22.5053 -8.06129
41.58 16.8547 -24.916 -8.06133
41.6 15.1437 -23.2049 -8.06128
41.62 19.1575 -27.2188 -8.06135
41.64 22.1077 -30.1692 -8.06146
41.66 15.0376 -23.099 -8.0614
41.68 11.8856 -19.947 -8.06141
41.7 15.9696 -24.0311 -8.06143
41.72 17.2416 -25.3031 -8.06149
41.74 16.6977 -24.7592 -8.06149
41.76 15.4664 -23.5279 -8.0615
41.78 14.8673 -22.9288 -8.06148
41.8 16.0879 -24.1494 -8.06149
41.82 18.7422 -26.8037 -8.06149
41.84 16.3569 -24.4182 -8.06135
41.86 14.6134 -22.6747 -8.06135
41.88 12.0235 -20.0848 -8.06132
41.9 11.947 -20.0083 -8.06131
41.92 17.9371 -25.9984 -8.06133
41.94 16.1502 -24.2115 -8.06128
41.96 15.3487 -23.4099 -8.06126
41.98 17.1101 -25.1714 -8.06129
42 13.6041 -21.6653 -8.06128
42.02 12.4737 -20.535 -8.06132
42.04 17.1807 -25.242 -8.06132
42.06 12.917 -20.9783 -8.06131
42.08 10.5785 -18.6399 -8.06131
42.1 17.2404 -25.3018 -8.06135
42.12 17.7793 -25.8406 -8.06128
42.14 17.0368 -25.0982 -8.06133
42.16 16.5587 -24.6199 -8.06125
42.18 12.9563 -21.0175 -8.06119
42.2 15.0405 -23.1016 -8.06114
42.22 15.5668 -23.628 -8.06115
42.24 14.2141 -22.2752 -8.0611
42.26 14.0147 -22.0759 -8.06116
42.28 16.4095 -24.4707 -8.06114
42.3 18.9615 -27.0227 -8.06114
42.32 18.6607 -26.7218 -8.06108
42.34 16.706 -24.767 -8.06104
42.36 16.2723 -24.3333 -8.06109
42.38 19.6457 -27.7068 -8.06113
42.4 18.9856 -27.0467 -8.06115
42.42 18.5327 -26.5939 -8.06113
42.44 17.4426 -25.5038 -8.06117
42.46 15.9682 -24.0293 -8.06115
42.48 18.314 -26.3752 -8.06119
42.5 15.8726 -23.9338 -8.06123
42.52 12.9879 -21.0491 -8.0612
42.54 12.8275 -20.8887 -8.0612
42.56 13.9159 -21.9771 -8.06117
42.58 13.7126 -21.7738 -8.0612
42.6 14.8941 -22.9553 -8.06123
42.62 17.7718 -25.8331 -8.06129
42.64 19.498 -27.5593 -8.06126
42.66 17.2284 -25.2897 -8.06127
42.68 15.3165 -23.3778 -8.06131
42.7 15.1123 -23.1737 -8.06132
42.72 11.8502 -19.9115 -8.06131
42.74 10.2216 -18.2829 -8.06129
42.76 13.537 -21.5984 -8.06133
42.78 14.7895 -22.8508 -8.06129
42.8 14.5778 -22.6391 -8.06126
42.82 16.8632 -24.9245 -8.06127
42.84 16.334 -24.3953 -8.06133
42.86 13.6983 -21.7596 -8.06131
42.88 15.5814 -23.6427 -8.06129
42.9 18.7649 -26.8262 -8.06131
42.92 20.8074 -28.8687 -8.06131
42.94 19.2552 -27.3164 -8.06128
42.96 17.1691 -25.2303 -8.06122
42.98 17.4169 -25.4781 -8.06118
43 19.6742 -27.7354 -8.06118
43.02 21.4709 -29.5321 -8.06124
43.04 17.7534 -25.8146 -8.0612
43.06 19.4804 -27.5417 -8.06123
43.08 18.4679 -26.5291 -8.06129
43.1 16.3808 -24.4422 -8.06132
43.12 14.5877 -22.649 -8.06132
43.14 14.3764 -22.4377 -8.0613
43.16 15.2483 -23.3096 -8.06131
43.18 14.5678 -22.6291 -8.06128
43.2 17.6729 -25.7342 -8.06131
43.22 16.526 -24.5873 -8.06129
43.24 16.5945 -24.6557 -8.06124
43.26 16.6241 -24.6854 -8.06127
43.28 14.9028 -22.9641 -8.06124
43.3 11.5658 -19.6271 -8.06123
43.32 11.1944 -19.2556 -8.06121
43.34 16.0788 -24.14 -8.0612
43.36 15.517 -23.5781 -8.06114
43.38 13.5278 -21.5889 -8.06112
43.4 16.229 -24.2901 -8.06108
43.42 17.2564 -25.3176 -8.06114
43.44 13.5648 -21.6259 -8.06113
43.46 15.049 -23.1101 -8.06112
43.48 19.0463 -27.1075 -8.06114
43.5 18.2679 -26.3289 -8.06105
43.52 17.1963 -25.2574 -8.06106
43.54 18.5877 -26.6487 -8.06097
43.56 20.2735 -28.3345 -8.06104
43.58 16.7051 -24.7661 -8.06106
43.6 14.1297 -22.1908 -8.06106
43.62 17.8011 -25.8622 -8.06109
43.64 16.824 -24.8851 -8.06109
43.66 14.7215 -22.7826 -8.06109
43.68 15.7278 -23.7889 -8.0611
43.7 16.7306 -24.7917 -8.06109
43.72 14.151 -22.2121 -8.06109
43.74 13.8073 -21.8684 -8.06108
43.76 18.7089 -26.77 -8.06103
43.78 21.7376 -29.7987 -8.06106
43.8 20.8951 -28.9562 -8.06108
43.82 14.2874 -22.3484 -8.061
43.84 14.9774 -23.0384 -8.06103
43.86 15.2706 -23.3316 -8.061
43.88 16.0228 -24.0838 -8.06098
43.9 13.7094 -21.7704 -8.06105
43.92 11.4301 -19.4912 -8.06105
43.94 14.3936 -22.4547 -8.06109
43.96 16.4007 -24.4617 -8.06105
43.98 17.2038 -25.2648 -8.06099
44 15.9994 -24.0604 -8.06101
44.02 11.5446 -19.6056 -8.06101
44.04 12.0162 -20.0772 -8.061
44.06 18.8266 -26.8876 -8.06101
44.08 18.5615 -26.6225 -8.06103
44.1 15.2043 -23.2654 -8.06106
44.12 14.4162 -22.4772 -8.06105
44.14 15.3609 -23.422 -8.06103
44.16 17.0993 -25.1604 -8.06102
44.18 16.403 -24.464 -8.06097
44.2 16.8677 -24.9287 -8.06097
44.22 16.2726 -24.3335 -8.06093
44.24 14.2875 -22.3485 -8.06096
44.26 16.6124 -24.6733 -8.06092
44.28 19.5206 -27.5816 -8.06096
44.3 17.3567 -25.4177 -8.06097
44.32 15.3562 -23.4171 -8.06097
44.34 19.0035 -27.0645 -8.06101
44.36 19.2139 -27.275 -8.06106
44.38 15.1339 -23.1949 -8.06103
44.4 15.7 -23.761 -8.06099
44.42 19.7268 -27.7878 -8.06099
44.44 18.0777 -26.1386 -8.061
44.46 13.8426 -21.9036 -8.06099
44.48 12.352 -20.4129 -8.06096
44.5 13.9382 -21.9992 -8.06097
44.52 13.5882 -21.6492 -8.06093
44.54 16.4888 -24.5497 -8.06093
44.56 15.4464 -23.5074 -8.06093
44.58 12.0777 -20.1386 -8.06091
44.6 14.6367 -22.6977 -8.06094
44.62 17.4028 -25.4637 -8.06093
44.64 19.186 -27.247 -8.06102
44.66 14.1553 -22.2163 -8.061
44.68 12.1893 -20.2503 -8.06096
44.7 17.9838 -26.0448 -8.061
44.72 19.047 -27.1081 -8.06103
44.74 17.7163 -25.7773 -8.061
44.76 15.1453 -23.2063 -8.06098
44.78 14.6783 -22.7393 -8.06101
44.8 12.7482 -20.8092 -8.06099
44.82 15.9045 -23.9655 -8.06105
44.84 19.9622 -28.0232 -8.06105
44.86 13.7576 -21.8185 -8.06099
44.88 12.5522 -20.6132 -8.06095
44.9 18.1942 -26.2552 -8.06099
44.92 17.7536 -25.8146 -8.06099
44.94 17.3456 -25.4066 -8.06097
44.96 14.6596 -22.7207 -8.06105
44.98 14.469 -22.53 -8.06103
45 13.898 -21.959 -8.06102
45.02 16.3391 -24.4001 -8.06096
45.04 18.509 -26.5699 -8.06091
45.06 14.7836 -22.8445 -8.06086
45.08 13.6949 -21.7558 -8.06091
45.1 12.8009 -20.8617 -8.06086
45.12 19.5276 -27.5885 -8.06088
45.14 18.979 -27.0399 -8.06088
45.16 12.3263 -20.3872 -8.06084
45.18 17.3426 -25.4035 -8.0609
45.2 18.5656 -26.6265 -8.0609
45.22 14.165 -22.2259 -8.06082
45.24 13.0251 -21.0859 -8.06083
45.26 14.4206 -22.4815 -8.06085
45.28 15.0309 -23.0917 -8.06086
45.3 16.3634 -24.4243 -8.06083
45.32 19.5824 -27.6433 -8.06086
45.34 14.7342 -22.7951 -8.06083
45.36 15.2843 -23.3452 -8.06088
45.38 17.3633 -25.4241 -8.06085
45.4 17.546 -25.6069 -8.06093
45.42 17.5671 -25.628 -8.06088
45.44 17.0232 -25.0841 -8.06089
45.46 18.9763 -27.0372 -8.0609
45.48 18.6899 -26.7508 -8.06089
45.5 16.1748 -24.2356 -8.06088
45.52 14.8836 -22.9444 -8.06079
45.54 17.0415 -25.1023 -8.06083
45.56 13.2057 -21.2664 -8.06078
45.58 14.2757 -22.3365 -8.06076
45.6 17.4295 -25.4903 -8.06077
45.62 15.2228 -23.2836 -8.06079
45.64 12.3823 -20.443 -8.0607
45.66 14.4807 -22.5414 -8.06072
45.68 14.6203 -22.681 -8.0607
45.7 14.985 -23.0458 -8.06074
45.72 14.7434 -22.8042 -8.06071
45.74 14.1056 -22.1663 -8.0607
45.76 15.6273 -23.688 -8.06068
45.78 18.6019 -26.6626 -8.06069
45.8 18.9635 -27.0243 -8.06072
45.82 14.1672 -22.228 -8.06075
45.84 13.4458 -21.5066 -8.06076
45.86 18.3924 -26.4532 -8.06078
45.88 16.5353 -24.5961 -8.0608
45.9 14.453 -22.5138 -8.06075
45.92 18.3118 -26.3725 -8.06075
45.94 19.5399 -27.6006 -8.06073
45.96 15.9469 -24.0076 -8.06072
45.98 14.0697 -22.1304 -8.0607
46 17.4618 -25.5225 -8.06065
46.02 16.1161 -24.1768 -8.06065
46.04 18.936 -26.9966 -8.06062
46.06 20.5751 -28.6357 -8.06063
46.08 16.8211 -24.8817 -8.06062
46.1 13.2564 -21.317 -8.06061
46.12 11.9608 -20.0215 -8.06062
46.14 13.9976 -22.0582 -8.0606
46.16 16.9796 -25.0403 -8.06064
46.18 14.6506 -22.7112 -8.06061
46.2 17.1568 -25.2175 -8.06064
46.22 15.9422 -24.0029 -8.06063
46.24 14.1407 -22.2014 -8.06068
46.26 18.665 -26.7257 -8.06076
46.28 20.1023 -28.1632 -8.06086
46.3 13.8285 -21.8893 -8.06084
46.32 13.3981 -21.459 -8.06089
46.34 16.8649 -24.9258 -8.06086
46.36 17.6546 -25.7155 -8.06089
46.38 16.1501 -24.211 -8.06085
46.4 14.4268 -22.4877 -8.0609
46.42 14.0821 -22.143 -8.06091
46.44 16.8875 -24.9484 -8.0609
46.46 16.3066 -24.3676 -8.06095
46.48 14.7791 -22.84 -8.06093
46.5 15.6721 -23.733 -8.06094
46.52 17.1341 -25.195 -8.06094
46.54 16.7984 -24.8593 -8.0609
46.56 13.8445 -21.9055 -8.06094
46.58 15.7301 -23.791 -8.06095
46.6 17.0462 -25.1072 -8.06096
46.62 17.9494 -26.0103 -8.06095
46.64 18.7476 -26.8086 -8.06099
46.66 16.4946 -24.5556 -8.061
46.68 11.9485 -20.0095 -8.06098
46.7 15.5529 -23.6139 -8.061
46.72 18.736 -26.797 -8.06094
46.74 16.3295 -24.3904 -8.06093
46.76 11.7931 -19.854 -8.06092
46.78 12.2604 -20.3213 -8.06089
46.8 16.5667 -24.6276 -8.06092
46.82 16.4225 -24.4835 -8.06094
46.84 13.2927 -21.3537 -8.06097
46.86 17.0466 -25.1076 -8.06097
46.88 15.7813 -23.8423 -8.06097
46.9 15.1964 -23.2575 -8.06103
46.92 17.2193 -25.2804 -8.06108
46.94 15.3555 -23.4165 -8.06109
46.96 16.7825 -24.8435 -8.06103
46.98 20.1315 -28.1925 -8.06105
47 18.8804 -26.9415 -8.0611
47.02 16.3892 -24.4503 -8.06109
47.04 14.4842 -22.5453 -8.06108
47.06 14.6742 -22.7353 -8.06108
47.08 15.7944 -23.8555 -8.06109
47.1 16.959 -25.0202 -8.06111
47.12 16.1593 -24.2204 -8.06114
47.14 14.5524 -22.6136 -8.06114
47.16 14.5226 -22.5838 -8.06118
47.18 16.324 -24.3851 -8.06115
47.2 18.4792 -26.5403 -8.06115
47.22 20.3997 -28.4609 -8.06116
47.24 15.5958 -23.6569 -8.06111
47.26 10.3479 -18.409 -8.06109
47.28 12.3258 -20.3869 -8.06109
47.3 18.6172 -26.6783 -8.06114
47.32 20.3503 -28.4115 -8.06116
47.34 15.0673 -23.1285 -8.06121
47.36 11.6265 -19.6878 -8.06124
47.38 13.5971 -21.6584 -8.06125
47.4 18.2151 -26.2764 -8.06128
47.42 18.5464 -26.6078 -8.06131
47.44 16.3455 -24.4069 -8.06132
47.46 16.6594 -24.7207 -8.06137
47.48 12.8436 -20.905 -8.06138
47.5 15.4943 -23.5557 -8.06139
47.52 20.3802 -28.4415 -8.0613
47.54 17.627 -25.6883 -8.06133
47.56 13.1561 -21.2174 -8.06131
47.58 12.6843 -20.7456 -8.0613
47.6 15.4578 -23.5191 -8.06129
47.62 18.0249 -26.0862 -8.06126
47.64 16.1845 -24.2458 -8.06125
47.66 13.6122 -21.6735 -8.06123
47.68 14.9147 -22.9759 -8.06123
47.7 16.1907 -24.2519 -8.06127
47.72 13.3769 -21.4381 -8.06123
47.74 13.556 -21.6173 -8.06126
47.76 14.6472 -22.7084 -8.06129
47.78 15.4424 -23.5037 -8.0613
47.8 16.3527 -24.414 -8.06129
47.82 13.1353 -21.1965 -8.06126
47.84 12.88 -20.9413 -8.06125
47.86 15.312 -23.3733 -8.06125
47.88 16.4521 -24.5133 -8.06126
47.9 20.2724 -28.3336 -8.06125
47.92 18.2784 -26.3396 -8.06124
47.94 11.5226 -19.5838 -8.06126
47.96 13.5029 -21.5642 -8.06129
47.98 18.4856 -26.5468 -8.06125
48 18.1063 -26.1676 -8.06135
48.02 13.3753 -21.4366 -8.06132
48.04 13.5925 -21.6538 -8.06129
48.06 16.3515 -24.4129 -8.06132
48.08 16.3727 -24.434 -8.06132
48.1 18.1047 -26.166 -8.06128
48.12 15.8396 -23.9008 -8.06122
48.14 11.739 -19.8001 -8.06117
48.16 11.5336 -19.5948 -8.06117
48.18 16.4959 -24.557 -8.06117
48.2 17.1802 -25.2414 -8.06119
48.22 14.1721 -22.2333 -8.06118
48.24 11.2232 -19.2845 -8.06124
48.26 13.0165 -21.0778 -8.06124
48.28 20.7787 -28.84 -8.06125
48.3 22.4622 -30.5235 -8.06128
48.32 18.2836 -26.3448 -8.06121
48.34 13.2968 -21.3579 -8.06115
48.36 12.4171 -20.4783 -8.06114
48.38 16.7803 -24.8414 -8.06115
48.4 20.8846 -28.9458 -8.06118
48.42 17.8953 -25.9563 -8.0611
48.44 11.8921 -19.9532 -8.0611
48.46 11.9279 -19.989 -8.06111
48.48 15.5407 -23.6018 -8.06111
48.5 17.8548 -25.9159 -8.06109
48.52 17.6893 -25.7504 -8.0611
48.54 15.4708 -23.5319 -8.06113
48.56 16.5138 -24.5749 -8.06114
48.58 18.2036 -26.2648 -8.06119
48.6 17.9008 -25.962 -8.06116
48.62 14.1771 -22.2383 -8.06114
48.64 12.0809 -20.142 -8.06109
48.66 13.5923 -21.6534 -8.06108
48.68 16.4705 -24.5315 -8.06105
48.7 17.2887 -25.3498 -8.06107
48.72 18.1079 -26.169 -8.06109
48.74 14.5937 -22.6547 -8.06104
48.76 12.8715 -20.9325 -8.06098
48.78 16.2103 -24.2714 -8.06102
48.8 16.7755 -24.8365 -8.061
48.82 16.4818 -24.5427 -8.06094
48.84 18.8158 -26.8767 -8.06095
48.86 16.6041 -24.665 -8.06094
48.88 13.4561 -21.517 -8.06096
48.9 16.1682 -24.2292 -8.061
48.92 18.1246 -26.1855 -8.06093
48.94 14.7679 -22.8288 -8.06094
48.96 13.4084 -21.4693 -8.06095
48.98 14.2908 -22.3517 -8.06096
49 17.2848 -25.3458 -8.06097
49.02 20.5223 -28.5833 -8.06101
49.04 16.969 -25.03 -8.06104
49.06 12.8991 -20.9602 -8.06102
49.08 14.7089 -22.77 -8.06108
49.1 17.0789 -25.14 -8.06112
49.12 16.9053 -24.9664 -8.06116
49.14 14.761 -22.8221 -8.0611
49.16 17.0425 -25.1037 -8.06113
49.18 17.3242 -25.3853 -8.06109
49.2 15.3197 -23.3808 -8.06117
49.22 15.4336 -23.4948 -8.06115
49.24 16.9541 -25.0152 -8.06117
49.26 16.1854 -24.2466 -8.06118
49.28 14.663 -22.7242 -8.06114
49.3 12.0129 -20.074 -8.06113
49.32 12.935 -20.9962 -8.06114
49.34 12.5407 -20.6018 -8.06111
49.36 15.866 -23.9271 -8.06112
49.38 17.1041 -25.1651 -8.06107
49.4 16.7952 -24.8563 -8.06106
49.42 18.8897 -26.9507 -8.06107
49.44 17.2318 -25.2928 -8.06104
49.46 17.5573 -25.6183 -8.06107
49.48 15.3913 -23.4523 -8.06102
49.5 16.7366 -24.7976 -8.061
49.52 15.9869 -24.0479 -8.061
49.54 10.6571 -18.7181 -8.06097
49.56 14.9856 -23.0466 -8.06098
49.58 18.0265 -26.0875 -8.061
49.6 15.86 -23.921 -8.06097
49.62 13.2129 -21.2739 -8.06097
49.64 12.2161 -20.2771 -8.06094
49.66 13.3688 -21.4297 -8.0609
49.68 14.4194 -22.4803 -8.06091
49.7 13.0712 -21.1322 -8.06094
49.72 12.3009 -20.3619 -8.06095
49.74 10.7655 -18.8265 -8.06091
49.76 16.6581 -24.719 -8.06094
49.78 18.7151 -26.776 -8.06092
49.8 14.2145 -22.2754 -8.06091
49.82 15.0244 -23.0853 -8.06089
49.84 15.416 -23.4769 -8.06087
49.86 18.7552 -26.8161 -8.06087
49.88 23.008 -31.0689 -8.06093
49.9 20.56 -28.6209 -8.06082
49.92 16.8496 -24.9105 -8.06089
49.94 11.6824 -19.7433 -8.06088
49.96 13.3327 -21.3937 -8.06093
49.98 17.6065 -25.6674 -8.06094
