1.5
4, 0.973192, 0.000122076, 1.35912, 0.000125439
8, 0.973191, 0.000122157, 2.05227, 0.000125522
12, 0.973197, 0.000122134, 2.45774, 0.000125498
16, 0.9732, 0.000121904, 2.74542, 0.000125261
20, 0.973196, 0.000122151, 2.96856, 0.000125516
24, 0.973181, 0.000122149, 3.15087, 0.000125515
28, 0.973187, 0.000122052, 3.30503, 0.000125414
32, 0.973195, 0.00012238, 3.43857, 0.000125751
36, 0.973187, 0.000122052, 3.55634, 0.000125414
40, 0.973181, 0.000122149, 3.66169, 0.000125515
44, 0.973196, 0.000122151, 3.75702, 0.000125516
48, 0.9732, 0.000121904, 3.84404, 0.000125261
52, 0.973197, 0.000122134, 3.92407, 0.000125498
56, 0.973191, 0.000122157, 3.99818, 0.000125522
60, 0.973192, 0.000122076, 4.06717, 0.000125439

1.72222
4, 0.935898, 0.000215965, 1.32005, 0.000230757
8, 0.935829, 0.000217854, 2.01312, 0.000232792
12, 0.935814, 0.000217369, 2.41857, 0.000232278
16, 0.935828, 0.000217591, 2.70627, 0.000232511
20, 0.935823, 0.000217726, 2.9294, 0.000232657
24, 0.935829, 0.000217912, 3.11173, 0.000232855
28, 0.935819, 0.000217788, 3.26587, 0.000232725
32, 0.935813, 0.000218208, 3.3994, 0.000233175
36, 0.935819, 0.000217788, 3.51719, 0.000232725
40, 0.935829, 0.000217912, 3.62256, 0.000232855
44, 0.935823, 0.000217726, 3.71786, 0.000232657
48, 0.935828, 0.000217591, 3.80488, 0.000232511
52, 0.935814, 0.000217369, 3.88491, 0.000232278
56, 0.935829, 0.000217854, 3.95903, 0.000232792
60, 0.935898, 0.000215965, 4.0281, 0.000230757

1.94444
4, 0.862639, 0.00039537, 1.23854, 0.000458326
8, 0.861702, 0.000413375, 1.9306, 0.000479719
12, 0.861579, 0.000415307, 2.33592, 0.00048203
16, 0.861596, 0.000415055, 2.62362, 0.000481728
20, 0.861654, 0.000414233, 2.84683, 0.000480742
24, 0.861581, 0.00041449, 3.02907, 0.000481081
28, 0.861568, 0.000412862, 3.1832, 0.000479199
32, 0.861607, 0.000413502, 3.31678, 0.000479919
36, 0.861568, 0.000412862, 3.43452, 0.000479199
40, 0.861581, 0.00041449, 3.53989, 0.000481081
44, 0.861654, 0.000414233, 3.63529, 0.000480742
48, 0.861596, 0.000415055, 3.72223, 0.000481728
52, 0.861579, 0.000415307, 3.80226, 0.00048203
56, 0.861702, 0.000413375, 3.87651, 0.000479719
60, 0.862639, 0.00039537, 3.94659, 0.000458326

2.16667
4, 0.695483, 0.00079221, 1.02315, 0.00113908
8, 0.679261, 0.000986719, 1.69269, 0.00145264
12, 0.675641, 0.00106746, 2.09281, 0.00157992
16, 0.674756, 0.00109772, 2.37918, 0.00162684
20, 0.674765, 0.00110962, 2.60234, 0.00164446
24, 0.674812, 0.00110883, 2.78473, 0.00164317
28, 0.674813, 0.00111028, 2.93889, 0.00164532
32, 0.674866, 0.00112374, 3.0725, 0.00166512
36, 0.674813, 0.00111028, 3.1902, 0.00164532
40, 0.674812, 0.00110883, 3.29556, 0.00164317
44, 0.674765, 0.00110962, 3.3908, 0.00164446
48, 0.674756, 0.00109772, 3.4778, 0.00162684
52, 0.675641, 0.00106746, 3.55915, 0.00157992
56, 0.679261, 0.000986719, 3.6386, 0.00145264
60, 0.695483, 0.00079221, 3.7312, 0.00113908

2.38889
4, 0.287676, 0.000973415, 0.140374, 0.00338372
8, 0.155407, 0.00131564, 0.217735, 0.00846574
12, 0.0952598, 0.00151044, 0.133759, 0.015856
16, 0.0618454, 0.00164363, -0.0105287, 0.0265765
20, 0.0412151, 0.0017371, -0.193217, 0.0421473
24, 0.0305722, 0.00186351, -0.309611, 0.0609545
28, 0.0259187, 0.00203458, -0.320588, 0.0784986
32, 0.0249897, 0.00217632, -0.223554, 0.0870884
36, 0.0259187, 0.00203458, -0.0692735, 0.0784986
40, 0.0305722, 0.00186351, 0.201214, 0.0609545
44, 0.0412151, 0.0017371, 0.59524, 0.0421473
48, 0.0618454, 0.00164363, 1.08808, 0.0265765
52, 0.0952598, 0.00151044, 1.6001, 0.015856
56, 0.155407, 0.00131564, 2.16364, 0.00846574
60, 0.287676, 0.000973415, 2.84842, 0.00338372

2.61111
4, 0.141952, 0.000736287, -0.565973, 0.00518688
8, 0.0401408, 0.000824577, -1.13592, 0.0205421
12, 0.01207, 0.000839086, -1.93212, 0.0695182
16, 0.0039709, 0.000856163, -2.75617, 0.215609
20, 0.00261455, 0.000871473, -2.95093, 0.333317
24, 0.00219629, 0.000874016, -2.94293, 0.397951
28, 0.00291025, 0.000936026, -2.50731, 0.32163
32, 0.00335342, 0.0011149, -2.23204, 0.332465
36, 0.00291025, 0.000936026, -2.256, 0.32163
40, 0.00219629, 0.000874016, -2.43211, 0.397951
44, 0.00261455, 0.000871473, -2.16247, 0.333317
48, 0.0039709, 0.000856163, -1.65756, 0.215609
52, 0.01207, 0.000839086, -0.465787, 0.0695182
56, 0.0401408, 0.000824577, 0.80999, 0.0205421
60, 0.141952, 0.000736287, 2.14208, 0.00518688

2.83333
4, 0.0812656, 0.000588724, -1.12374, 0.00724444
8, 0.0130437, 0.000642865, -2.26, 0.0492853
12, 0.0027457, 0.00064263, -3.41281, 0.234049
16, 0.000553418, 0.000645462, -4.72681, 1.16632
20, 0.000354883, 0.00062652, -4.94799, 1.76543
24, -0.000410059, 0.000645968, -4.62116, 1.57531
28, 9.9707e-05, 0.00065703, -5.88107, 6.5896
32, -9.45312e-05, 0.000842485, -5.80084, 8.91224
36, 9.9707e-05, 0.00065703, -5.62976, 6.5896
40, -0.000410059, 0.000645968, -4.11033, 1.57531
44, 0.000354883, 0.00062652, -4.15953, 1.76543
48, 0.000553418, 0.000645462, -3.6282, 1.16632
52, 0.0027457, 0.00064263, -1.94647, 0.234049
56, 0.0130437, 0.000642865, -0.314094, 0.0492853
60, 0.0812656, 0.000588724, 1.58431, 0.00724444

3.05556
4, 0.0494683, 0.000517264, -1.62013, 0.0104565
8, 0.00464434, 0.000529066, -3.29267, 0.113916
12, 0.00164863, 0.000543463, -3.9229, 0.329645
16, 0.00173184, 0.000545294, -3.58598, 0.314865
20, 0.00162139, 0.000545427, -3.42874, 0.336396
24, 0.000760156, 0.000544586, -4.00393, 0.716413
28, 0.000854687, 0.000549479, -3.73257, 0.642901
32, 0.000485156, 0.000716719, -4.1653, 1.4773
36, 0.000854687, 0.000549479, -3.48126, 0.642901
40, 0.000760156, 0.000544586, -3.49311, 0.716413
44, 0.00162139, 0.000545427, -2.64028, 0.336396
48, 0.00173184, 0.000545294, -2.48737, 0.314865
52, 0.00164863, 0.000543463, -2.45657, 0.329645
56, 0.00464434, 0.000529066, -1.34676, 0.113916
60, 0.0494683, 0.000517264, 1.08792, 0.0104565

3.27778
4, 0.0317567, 0.000473834, -2.06336, 0.0149207
8, 0.00232285, 0.000480912, -3.98552, 0.207035
12, 0.000938086, 0.00048454, -4.48676, 0.51652
16, 0.000324805, 0.000478662, -5.2597, 1.47369
20, 0.000457422, 0.000481516, -4.69417, 1.05267
24, 0.000201465, 0.00048613, -5.33184, 2.41298
28, 0.000163379, 0.000484877, -5.38723, 2.9678
32, -0.000144043, 0.000647951, -5.37966, 4.49832
36, 0.000163379, 0.000484877, -5.13592, 2.9678
40, 0.000201465, 0.00048613, -4.82102, 2.41298
44, 0.000457422, 0.000481516, -3.90571, 1.05267
48, 0.000324805, 0.000478662, -4.16109, 1.47369
52, 0.000938086, 0.00048454, -3.02043, 0.51652
56, 0.00232285, 0.000480912, -2.03961, 0.207035
60, 0.0317567, 0.000473834, 0.644694, 0.0149207

3.5
4, 0.0215404, 0.000440689, -2.45153, 0.0204587
8, 0.000975391, 0.000441642, -4.85323, 0.452784
12, 0.000730957, 0.00044279, -4.73625, 0.605767
16, 0.000571484, 0.0004431, -4.69468, 0.775349
20, 0.000517676, 0.000445965, -4.57043, 0.861475
24, 0.000706348, 0.000443865, -4.07735, 0.628395
28, 0.000716406, 0.000442096, -3.90906, 0.617102
32, 0.00100469, 0.000593624, -3.43734, 0.590854
36, 0.000716406, 0.000442096, -3.65774, 0.617102
40, 0.000706348, 0.000443865, -3.56652, 0.628395
44, 0.000517676, 0.000445965, -3.78197, 0.861475
48, 0.000571484, 0.0004431, -3.59607, 0.775349
52, 0.000730957, 0.00044279, -3.26991, 0.605767
56, 0.000975391, 0.000441642, -2.90732, 0.452784
60, 0.0215404, 0.000440689, 0.256521, 0.0204587

