0.9731100949603223 0.022780561564181477 0.44319360429939425
0.9362818519229164 0.05395766097966689 0.553560003259712
0.8590305078054344 0.10330354882359462 0.8508341949082284
0.679698593485718 0.22337328275432203 1.484377426682851
0.04159718130252895 0.6688746084386054 4.332116383990892
0.003964881006266863 0.7525628519024075 2.3629317819533577
0.003546245416216483 0.7979769822253449 1.6609624336960676
0.0007281796293500288 0.8195740718086199 1.3676839030994172
0.0009535216775514146 0.8463356771411014 1.164329899532288
0.0004155763492478425 0.8595943383904421 1.041879991595254
