-3.65099, 0
-3.58521, 0
-3.51943, 0
-3.45364, 0
-3.38786, 0
-3.32208, 9.86383e-05
-3.25629, 9.86383e-05
-3.19051, 9.86383e-05
-3.12472, 0.000197277
-3.05894, 0.000197277
-2.99316, 0.000789106
-2.92737, 0.000690468
-2.86159, 0.00187413
-2.79581, 0.00226868
-2.73002, 0.00157821
-2.66424, 0.00266323
-2.59846, 0.00355098
-2.53267, 0.00532647
-2.46689, 0.00522783
-2.4011, 0.00789106
-2.33532, 0.00976519
-2.26954, 0.0121325
-2.20375, 0.014993
-2.13797, 0.0178535
-2.07219, 0.0168671
-2.0064, 0.0223909
-1.94062, 0.0297888
-1.87483, 0.0401458
-1.80905, 0.0503055
-1.74327, 0.0586898
-1.67748, 0.0663835
-1.6117, 0.0792065
-1.54592, 0.0926213
-1.48013, 0.116886
-1.41435, 0.131879
-1.34857, 0.147563
-1.28278, 0.173209
-1.217, 0.187413
-1.15121, 0.201419
-1.08543, 0.220062
-1.01965, 0.244031
-0.953863, 0.256262
-0.88808, 0.266816
-0.822296, 0.294731
-0.756512, 0.329748
-0.690729, 0.33685
-0.624945, 0.359536
-0.559161, 0.377587
-0.493378, 0.389029
-0.427594, 0.394257
-0.36181, 0.427794
-0.296027, 0.427991
-0.230243, 0.448114
-0.164459, 0.455314
-0.0986756, 0.451369
-0.0328919, 0.461627
0.0328918, 0.467052
0.0986754, 0.44624
0.164459, 0.457287
0.230243, 0.442886
0.296026, 0.44111
0.36181, 0.416549
0.427594, 0.411223
0.493377, 0.398795
0.559161, 0.356479
0.624945, 0.347897
0.690728, 0.327084
0.756512, 0.3115
0.822296, 0.292364
0.88808, 0.267112
0.953863, 0.245116
1.01965, 0.224402
1.08543, 0.19846
1.15121, 0.186426
1.217, 0.1666
1.28278, 0.153974
1.34857, 0.132077
1.41435, 0.120733
1.48013, 0.10574
1.54592, 0.0950873
1.6117, 0.0775297
1.67748, 0.0697372
1.74327, 0.0663835
1.80905, 0.0536592
1.87483, 0.0507001
1.94062, 0.0439927
2.0064, 0.0337343
2.07219, 0.0300847
2.13797, 0.024265
2.20375, 0.0180508
2.26954, 0.0159794
2.33532, 0.0129216
2.4011, 0.00996246
2.46689, 0.00848289
2.53267, 0.00552374
2.59845, 0.00641149
2.66424, 0.00522783
2.73002, 0.00305779
2.79581, 0.00256459
2.86159, 0.00197277
2.92737, 0.00147957
2.99316, 0.000887744
3.05894, 0.000887744
3.12472, 0.00059183
3.19051, 0.000197277
3.25629, 0.000789106
3.32208, 9.86383e-05
3.38786, 0.000197277
3.45364, 0
3.51943, 9.86383e-05
3.58521, 0.000197277
3.65099, 0.000295915

-3.52748, 0
-3.46393, 0
-3.40037, 0
-3.33681, 0
-3.27325, 0.000102092
-3.20969, 0
-3.14614, 0.000102092
-3.08258, 0.00051046
-3.01902, 0.00051046
-2.95546, 0.00132719
-2.8919, 0.0012251
-2.82834, 0.00224602
-2.76479, 0.00275648
-2.70123, 0.00183765
-2.63767, 0.00245021
-2.57411, 0.00520669
-2.51055, 0.00694225
-2.44699, 0.00714643
-2.38344, 0.0109238
-2.31988, 0.0115364
-2.25632, 0.0136803
-2.19276, 0.0161305
-2.1292, 0.0205205
-2.06564, 0.0246042
-2.00209, 0.030015
-1.93853, 0.0372635
-1.87497, 0.0405305
-1.81141, 0.0472686
-1.74785, 0.0559464
-1.68429, 0.058907
-1.62074, 0.0723832
-1.55718, 0.082184
-1.49362, 0.0947413
-1.43006, 0.112914
-1.3665, 0.133945
-1.30294, 0.147319
-1.23939, 0.164368
-1.17583, 0.176211
-1.11227, 0.188666
-1.04871, 0.22695
-0.985153, 0.244
-0.921595, 0.256557
-0.858037, 0.286878
-0.794478, 0.293616
-0.73092, 0.32598
-0.667362, 0.339864
-0.603804, 0.353136
-0.540245, 0.385601
-0.476687, 0.392237
-0.413129, 0.422661
-0.34957, 0.44604
-0.286012, 0.451144
-0.222454, 0.459312
-0.158896, 0.465029
-0.0953373, 0.476463
-0.031779, 0.48902
0.0317793, 0.472686
0.0953375, 0.469214
0.158896, 0.464927
0.222454, 0.447979
0.286012, 0.453288
0.349571, 0.436341
0.413129, 0.416229
0.476687, 0.400609
0.540246, 0.379986
0.603804, 0.360997
0.667362, 0.353749
0.73092, 0.316995
0.794479, 0.300967
0.858037, 0.282795
0.921595, 0.266052
0.985154, 0.23134
1.04871, 0.210207
1.11227, 0.195812
1.17583, 0.175394
1.23939, 0.161918
1.30295, 0.138539
1.3665, 0.128023
1.43006, 0.11761
1.49362, 0.0986208
1.55718, 0.086676
1.62074, 0.0741187
1.68429, 0.0673807
1.74785, 0.0541087
1.81141, 0.0483916
1.87497, 0.0425723
1.93853, 0.0313422
2.00209, 0.0279732
2.06564, 0.0258293
2.1292, 0.0185807
2.19276, 0.0171514
2.25632, 0.0145991
2.31988, 0.0121489
2.38344, 0.00847363
2.44699, 0.00806526
2.51055, 0.00612551
2.57411, 0.00561506
2.63767, 0.00214393
2.70123, 0.00367531
2.76479, 0.00387949
2.82834, 0.00173556
2.8919, 0.00132719
2.95546, 0.00153138
3.01902, 0.0012251
3.08258, 0.00051046
3.14614, 0.000408368
3.20969, 0.00051046
3.27325, 0.000306276
3.33681, 0
3.40037, 0
3.46393, 0
3.52749, 0

0.0176972, 0.0282326
0.0530915, 0.0733313
0.0884859, 0.114764
0.12388, 0.166645
0.159275, 0.221827
0.194669, 0.251527
0.230063, 0.322658
0.265458, 0.337691
0.300852, 0.384256
0.336246, 0.435405
0.371641, 0.461804
0.407035, 0.497736
0.442429, 0.533485
0.477824, 0.556585
0.513218, 0.591784
0.548612, 0.602784
0.584007, 0.61965
0.619401, 0.652832
0.654795, 0.663649
0.69019, 0.675015
0.725584, 0.708197
0.760978, 0.691698
0.796373, 0.684181
0.831767, 0.694998
0.867162, 0.680515
0.902556, 0.713147
0.93795, 0.686015
0.973345, 0.688581
1.00874, 0.691698
1.04413, 0.664932
1.07953, 0.668782
1.11492, 0.633399
1.15032, 0.630283
1.18571, 0.615617
1.22111, 0.61415
1.2565, 0.5949
1.29189, 0.589401
1.32729, 0.568135
1.36268, 0.524686
1.39808, 0.513503
1.43347, 0.493703
1.46887, 0.445488
1.50426, 0.444021
1.53965, 0.435038
1.57505, 0.396173
1.61044, 0.380773
1.64584, 0.362623
1.68123, 0.330358
1.71663, 0.314775
1.75202, 0.305425
1.78741, 0.275176
1.82281, 0.265826
1.8582, 0.238327
1.8936, 0.225861
1.92899, 0.218894
1.96439, 0.189745
1.99978, 0.180028
2.03518, 0.173612
2.07057, 0.150329
2.10596, 0.134746
2.14136, 0.12998
2.17675, 0.116047
2.21215, 0.102664
2.24754, 0.0956974
2.28294, 0.085981
2.31833, 0.0709481
2.35372, 0.0762646
2.38912, 0.0700314
2.42451, 0.0621483
2.45991, 0.0535319
2.4953, 0.0458321
2.5307, 0.0361157
2.56609, 0.0405156
2.60148, 0.0337324
2.63688, 0.0252993
2.67227, 0.0284159
2.70767, 0.0221827
2.74306, 0.0203494
2.77846, 0.0161329
2.81385, 0.0164996
2.84925, 0.013933
2.88464, 0.0142996
2.92003, 0.012833
2.95543, 0.00898309
2.99082, 0.00714981
3.02622, 0.00421655
3.06161, 0.0038499
3.09701, 0.00458321
3.1324, 0.00458321
3.16779, 0.00311658
3.20319, 0.00293325
3.23858, 0.00164996
3.27398, 0.00219994
3.30937, 0.00201661
3.34477, 0.0025666
3.38016, 0.00146663
3.41555, 0.00146663
3.45095, 0.000549985
3.48634, 0.000183328
3.52174, 0.000549985
3.55713, 0.000366657
3.59253, 0.000366657
3.62792, 0.000733313
3.66332, 0.000549985
3.69871, 0.000183328
3.7341, 0
3.7695, 0
3.80489, 0
3.84029, 0
3.87568, 0
3.91108, 0
3.94647, 0

