0.00 0 -148.312 -148.312
0.02 1.69623 -150.009 -148.313
0.04 4.33999 -152.653 -148.313
0.06 5.07255 -153.386 -148.313
0.08 4.06831 -152.381 -148.313
0.1 2.81155 -151.124 -148.313
0.12 2.43774 -150.75 -148.313
0.14 3.16774 -151.48 -148.313
0.16 4.29683 -152.61 -148.313
0.18 4.70147 -153.014 -148.313
0.2 3.90351 -152.216 -148.313
0.22 2.75328 -151.066 -148.313
0.24 2.45521 -150.768 -148.313
0.26 3.14692 -151.46 -148.313
0.28 3.94798 -152.261 -148.313
0.3 4.10611 -152.419 -148.313
0.32 3.6197 -151.933 -148.313
0.34 3.05735 -151.37 -148.313
0.36 2.98545 -151.298 -148.313
0.38 3.52319 -151.836 -148.313
0.4 4.30046 -152.613 -148.313
0.42 4.46953 -152.783 -148.313
0.44 3.61297 -151.926 -148.313
0.46 2.59118 -150.904 -148.313
0.48 2.5582 -150.871 -148.313
0.5 3.4836 -151.796 -148.313
0.52 4.32987 -152.643 -148.313
0.54 4.28693 -152.6 -148.313
0.56 3.41548 -151.728 -148.313
0.58 2.52956 -150.842 -148.313
0.6 2.53506 -150.848 -148.313
0.62 3.41202 -151.725 -148.313
0.64 4.17753 -152.49 -148.313
0.66 3.91768 -152.231 -148.313
0.68 2.59716 -150.91 -148.313
0.7 1.3509 -149.663 -148.313
0.72 1.472 -149.785 -148.313
0.74 2.8026 -151.115 -148.313
0.76 4.05437 -152.367 -148.313
0.78 4.37478 -152.688 -148.313
0.8 3.86952 -152.182 -148.313
0.82 3.18943 -151.502 -148.313
0.84 3.09247 -151.405 -148.313
0.86 3.86458 -152.177 -148.313
0.88 4.75519 -153.068 -148.313
0.9 4.69759 -153.011 -148.313
0.92 3.58067 -151.893 -148.313
0.94 2.4646 -150.777 -148.313
0.96 2.53343 -150.846 -148.313
0.98 3.68353 -151.996 -148.313
1 4.71763 -153.031 -148.313
1.02 4.85005 -153.163 -148.313
1.04 4.26428 -152.588 -148.324
1.06 3.62846 -151.952 -148.324
1.08 3.55432 -151.878 -148.324
1.1 4.26044 -152.584 -148.324
1.12 5.33797 -153.662 -148.324
1.14 5.95135 -154.275 -148.324
1.16 5.74986 -154.074 -148.324
1.18 5.39693 -153.731 -148.335
1.2 5.87146 -154.206 -148.335
1.22 7.25612 -155.618 -148.362
1.24 8.75209 -157.142 -148.39
1.26 9.81634 -158.217 -148.401
1.28 10.5812 -159.014 -148.433
1.3 11.6323 -160.076 -148.444
1.32 13.6733 -162.107 -148.433
1.34 16.6174 -165.051 -148.433
1.36 19.7086 -168.164 -148.455
1.38 22.7118 -171.167 -148.455
1.4 26.1903 -174.667 -148.477
1.42 30.6555 -179.133 -148.477
1.44 35.7661 -184.254 -148.488
1.46 40.5292 -188.996 -148.467
1.48 43.5397 -192.007 -148.467
1.5 44.0667 -192.555 -148.489
1.52 44.6883 -193.187 -148.499
1.54 49.5862 -198.075 -148.489
1.56 54.4245 -202.893 -148.468
1.58 51.4834 -199.934 -148.451
1.6 47.1861 -195.641 -148.454
1.62 51.6531 -200.098 -148.445
1.64 57.3915 -205.816 -148.425
1.66 57.553 -206.025 -148.472
1.68 59.0242 -207.502 -148.478
1.7 62.2662 -210.717 -148.451
1.72 65.574 -214.058 -148.484
1.74 68.848 -217.359 -148.511
1.76 72.2765 -220.816 -148.539
1.78 71.7662 -220.339 -148.572
1.8 66.9303 -215.463 -148.532
1.82 66.7281 -215.282 -148.554
1.84 73.1425 -221.725 -148.583
1.86 77.4715 -226.061 -148.589
1.88 74.4134 -223.024 -148.611
1.9 68.064 -216.684 -148.62
1.92 65.9304 -214.551 -148.62
1.94 69.1391 -217.727 -148.588
1.96 73.0241 -221.618 -148.594
1.98 75.5761 -224.138 -148.562
2 72.508 -221.075 -148.567
2.02 65.3076 -213.852 -148.544
2.04 61.245 -209.766 -148.521
2.06 67.2645 -215.803 -148.538
2.08 77.401 -225.963 -148.562
2.1 79.0535 -227.648 -148.595
2.12 73.335 -221.935 -148.6
2.14 65.4096 -213.974 -148.565
2.16 66.1518 -214.684 -148.532
2.18 73.6562 -222.218 -148.562
2.2 77.6048 -226.167 -148.562
2.22 75.1878 -223.769 -148.582
2.24 78.3975 -226.976 -148.578
2.26 79.006 -227.568 -148.562
2.28 72.7449 -221.316 -148.571
2.3 67.2078 -215.767 -148.56
2.32 66.9866 -215.547 -148.56
2.34 70.7519 -219.29 -148.538
2.36 76.2674 -224.795 -148.528
2.38 81.8249 -230.359 -148.534
2.4 82.8014 -231.363 -148.561
2.42 78.876 -227.436 -148.56
2.44 78.1141 -226.658 -148.544
2.46 80.0952 -228.64 -148.544
2.48 80.6211 -229.176 -148.555
2.5 79.5239 -228.057 -148.533
2.52 78.9817 -227.53 -148.549
2.54 82.5717 -231.121 -148.549
2.56 86.7307 -235.286 -148.556
2.58 86.3083 -234.88 -148.572
2.6 82.6644 -231.235 -148.571
2.62 79.76 -228.348 -148.588
2.64 78.5534 -227.163 -148.609
2.66 80.2444 -228.854 -148.61
2.68 80.9001 -229.511 -148.61
2.7 77.1346 -225.745 -148.61
2.72 71.0322 -219.636 -148.604
2.74 67.3192 -215.906 -148.587
2.76 68.9734 -217.572 -148.599
2.78 72.8775 -221.493 -148.616
2.8 76.1901 -224.838 -148.648
2.82 79.1553 -227.815 -148.66
2.84 78.1251 -226.763 -148.638
2.86 73.757 -222.372 -148.615
2.88 73.0927 -221.681 -148.588
2.9 73.5529 -222.136 -148.583
2.92 74.4763 -223.108 -148.631
2.94 78.3896 -227.038 -148.648
2.96 82.5737 -231.228 -148.654
2.98 82.9723 -231.61 -148.638
3 81.2534 -229.879 -148.625
3.02 84.9928 -233.619 -148.627
3.04 88.0746 -236.712 -148.638
3.06 87.3777 -235.998 -148.621
3.08 85.4162 -234.009 -148.593
3.1 83.3402 -231.933 -148.593
3.12 82.0393 -230.61 -148.571
3.14 83.0746 -231.672 -148.598
3.16 89.5237 -238.106 -148.582
3.18 95.8518 -244.452 -148.6
3.2 94.3192 -242.88 -148.561
3.22 89.1032 -237.674 -148.571
3.24 86.1717 -234.753 -148.582
3.26 87.357 -235.9 -148.543
3.28 90.7797 -239.335 -148.555
3.3 92.5058 -241.094 -148.588
3.32 90.4739 -239.084 -148.61
3.34 86.5098 -235.097 -148.587
3.36 83.2867 -231.885 -148.598
3.38 83.2581 -231.834 -148.576
3.4 85.7447 -234.344 -148.599
3.42 84.6896 -233.322 -148.633
3.44 79.2424 -227.857 -148.615
3.46 78.1869 -226.796 -148.609
3.48 84.0235 -232.628 -148.605
3.5 88.2389 -236.861 -148.622
3.52 87.4446 -236.115 -148.67
3.54 85.0148 -233.663 -148.648
3.56 83.8459 -232.499 -148.653
3.58 84.5767 -233.225 -148.648
3.6 84.5938 -233.22 -148.626
3.62 83.5004 -232.1 -148.599
3.64 80.9495 -229.543 -148.594
3.66 77.4347 -226.028 -148.593
3.68 77.1708 -225.786 -148.615
3.7 80.3652 -228.986 -148.621
3.72 81.9003 -230.532 -148.632
3.74 81.1588 -229.791 -148.632
3.76 79.8785 -228.521 -148.642
3.78 82.5136 -231.161 -148.648
3.8 88.332 -236.974 -148.642
3.82 95.1296 -243.773 -148.643
3.84 97.4189 -246.063 -148.644
3.86 91.7367 -240.396 -148.66
3.88 81.6158 -230.258 -148.642
3.9 74.7717 -223.374 -148.603
3.92 77.6513 -226.228 -148.577
3.94 82.0265 -230.604 -148.577
3.96 83.9857 -232.585 -148.599
3.98 84.2802 -232.901 -148.62
4 84.0562 -232.671 -148.615
4.02 84.2313 -232.857 -148.626
4.04 85.2891 -233.915 -148.626
4.06 85.5717 -234.187 -148.615
4.08 84.5 -233.159 -148.659
4.1 81.71 -230.363 -148.653
4.12 79.2993 -227.892 -148.593
4.14 79.7165 -228.293 -148.576
4.16 83.0821 -231.653 -148.571
4.18 87.1427 -235.698 -148.555
4.2 89.2274 -237.777 -148.55
4.22 87.2385 -235.761 -148.522
4.24 82.1774 -230.732 -148.554
4.26 79.8384 -228.42 -148.581
4.28 81.2718 -229.87 -148.598
4.3 83.8992 -232.547 -148.648
4.32 85.2382 -233.881 -148.643
4.34 84.3416 -232.957 -148.615
4.36 82.2258 -230.824 -148.598
4.38 82.6204 -231.224 -148.604
4.4 85.4757 -234.074 -148.599
4.42 87.9614 -236.566 -148.604
4.44 87.5214 -236.137 -148.615
4.46 84.2127 -232.779 -148.566
4.48 79.94 -228.516 -148.576
4.5 80.0457 -228.638 -148.593
4.52 83.7652 -232.337 -148.571
4.54 86.3489 -234.921 -148.572
4.56 86.5861 -235.102 -148.516
4.58 87.1137 -235.652 -148.538
4.6 88.3932 -236.915 -148.522
4.62 87.472 -236 -148.528
4.64 82.1942 -230.754 -148.56
4.66 78.9376 -227.486 -148.548
4.68 83.2543 -231.782 -148.528
4.7 86.4696 -235.042 -148.572
4.72 85.088 -233.659 -148.571
4.74 83.4325 -232.036 -148.604
4.76 82.7996 -231.409 -148.61
4.78 81.999 -230.598 -148.599
4.8 80.7759 -229.347 -148.571
4.82 80.3843 -228.939 -148.555
4.84 82.5141 -231.058 -148.544
4.86 84.5194 -233.047 -148.528
4.88 84.67 -233.181 -148.511
4.9 85.0448 -233.567 -148.522
4.92 84.5766 -233.126 -148.549
4.94 84.706 -233.294 -148.588
4.96 84.1237 -232.717 -148.593
4.98 82.9695 -231.584 -148.615
5 83.7419 -232.307 -148.565
5.02 87.833 -236.41 -148.577
5.04 89.2965 -237.874 -148.577
5.06 86.7731 -235.355 -148.582
5.08 85.4388 -234.01 -148.571
5.1 85.7463 -234.334 -148.588
5.12 83.8699 -232.453 -148.583
5.14 80.531 -229.113 -148.582
5.16 82.0765 -230.653 -148.577
5.18 85.307 -233.901 -148.594
5.2 86.7038 -235.291 -148.588
5.22 87.839 -236.421 -148.582
5.24 89.6738 -238.278 -148.604
5.26 91.3819 -239.986 -148.604
5.28 91.1849 -239.773 -148.588
5.3 88.9311 -237.53 -148.599
5.32 85.3548 -233.964 -148.61
5.34 80.5782 -229.166 -148.588
5.36 76.0116 -224.588 -148.576
5.38 74.744 -223.332 -148.588
5.4 76.8696 -225.473 -148.604
5.42 81.3254 -229.908 -148.583
5.44 82.9323 -231.543 -148.61
5.46 80.4906 -229.095 -148.604
5.48 77.2122 -225.816 -148.604
5.5 76.8663 -225.448 -148.582
5.52 79.0055 -227.617 -148.611
5.54 76.8042 -225.447 -148.643
5.56 74.1599 -222.791 -148.631
5.58 76.5273 -225.148 -148.621
5.6 80.7931 -229.426 -148.633
5.62 82.381 -230.975 -148.594
5.64 83.7156 -232.288 -148.572
5.66 83.4013 -232.033 -148.632
5.68 81.3409 -229.972 -148.631
5.7 81.4287 -230.044 -148.615
5.72 83.776 -232.358 -148.582
5.74 86.8278 -235.432 -148.604
5.76 88.0463 -236.64 -148.594
5.78 85.68 -234.268 -148.588
5.8 82.4714 -231.031 -148.56
5.82 80.7207 -229.287 -148.566
5.84 78.164 -226.719 -148.555
5.86 76.7695 -225.335 -148.565
5.88 79.6064 -228.177 -148.571
5.9 84.4948 -233.034 -148.539
5.92 85.9168 -234.451 -148.534
5.94 81.874 -230.423 -148.549
5.96 79.3473 -227.857 -148.51
5.98 85.0668 -233.578 -148.511
6 90.7659 -239.305 -148.539
6.02 90.925 -239.47 -148.544
6.04 86.7423 -235.281 -148.539
6.06 80.0242 -228.546 -148.522
6.08 76.3679 -224.862 -148.494
6.1 78.7277 -227.234 -148.506
6.12 80.4511 -229.006 -148.555
6.14 80.9511 -229.5 -148.549
6.16 81.7059 -230.255 -148.549
6.18 83.7194 -232.263 -148.544
6.2 86.9052 -235.482 -148.577
6.22 88.706 -237.273 -148.567
6.24 86.3187 -234.88 -148.561
6.26 79.8917 -228.468 -148.576
6.28 77.6211 -226.203 -148.582
6.3 79.0168 -227.632 -148.616
6.32 80.0796 -228.701 -148.621
6.34 80.7074 -229.328 -148.621
6.36 81.5647 -230.18 -148.615
6.38 84.4628 -233.057 -148.594
6.4 84.2388 -232.85 -148.612
6.42 77.0827 -225.682 -148.599
6.44 72.1901 -220.739 -148.549
6.46 76.8903 -225.457 -148.566
6.48 85.1044 -233.672 -148.567
6.5 90.0805 -238.648 -148.567
6.52 89.8009 -238.411 -148.61
6.54 86.8205 -235.42 -148.599
6.56 82.7214 -231.314 -148.593
6.58 81.1742 -229.773 -148.599
6.6 82.6694 -231.29 -148.621
6.62 84.1256 -232.725 -148.599
6.64 84.4085 -232.985 -148.577
6.66 84.7995 -233.376 -148.577
6.68 85.6342 -234.238 -148.604
6.7 88.1287 -236.733 -148.604
6.72 90.0701 -238.68 -148.61
6.74 88.6384 -237.21 -148.572
6.76 83.5444 -232.143 -148.599
6.78 77.3892 -225.987 -148.598
6.8 76.0715 -224.669 -148.598
6.82 82.3812 -230.98 -148.599
6.84 89.2455 -237.835 -148.589
6.86 89.1141 -237.736 -148.622
6.88 83.1017 -231.75 -148.648
6.9 77.0858 -225.717 -148.631
6.92 75.0394 -223.666 -148.626
6.94 75.0913 -223.734 -148.643
6.96 77.8585 -226.474 -148.615
6.98 82.0825 -230.705 -148.622
7 80.0007 -228.595 -148.594
7.02 78.516 -227.114 -148.598
7.04 82.9452 -231.55 -148.605
7.06 85.056 -233.645 -148.589
7.08 84.1799 -232.74 -148.56
7.1 85.21 -233.788 -148.578
7.12 83.0479 -231.629 -148.581
7.14 85.414 -233.996 -148.582
7.16 90.2906 -238.879 -148.589
7.18 90.7671 -239.372 -148.605
7.2 86.7381 -235.353 -148.615
7.22 81.7494 -230.365 -148.616
7.24 75.8557 -224.465 -148.61
7.26 72.8213 -221.425 -148.603
7.28 76.5151 -225.109 -148.593
7.3 81.7984 -230.397 -148.599
7.32 86.6187 -235.185 -148.566
7.34 90.0021 -238.547 -148.545
7.36 88.1537 -236.676 -148.522
7.38 83.9873 -232.514 -148.527
7.4 81.6456 -230.19 -148.544
7.42 80.4634 -229.029 -148.566
7.44 80.1598 -228.759 -148.599
7.46 79.61 -228.182 -148.572
7.48 78.0593 -226.62 -148.56
7.5 78.8821 -227.448 -148.566
7.52 82.0813 -230.637 -148.556
7.54 81.7206 -230.264 -148.544
7.56 81.7586 -230.324 -148.566
7.58 83.2532 -231.814 -148.56
7.6 84.6126 -233.173 -148.56
7.62 86.3764 -234.947 -148.571
7.64 88.24 -236.844 -148.604
7.66 87.4782 -236.033 -148.555
7.68 85.5081 -234.079 -148.571
7.7 86.7163 -235.293 -148.577
7.72 88.0697 -236.658 -148.588
7.74 87.8658 -236.459 -148.593
7.76 86.5819 -235.164 -148.582
7.78 87.2958 -235.894 -148.598
7.8 89.1803 -237.796 -148.615
7.82 89.2285 -237.833 -148.605
7.84 86.7865 -235.391 -148.604
7.86 83.8729 -232.477 -148.604
7.88 82.0256 -230.592 -148.566
7.9 80.9958 -229.584 -148.588
7.92 81.0315 -229.63 -148.598
7.94 82.654 -231.242 -148.588
7.96 83.1857 -231.774 -148.588
7.98 82.3956 -230.994 -148.598
8 83.9564 -232.566 -148.61
8.02 84.7909 -233.434 -148.643
8.04 81.555 -230.193 -148.638
8.06 75.309 -223.935 -148.626
8.08 71.3939 -220.019 -148.625
8.1 73.8459 -222.488 -148.643
8.12 79.5273 -228.193 -148.665
8.14 81.9494 -230.599 -148.65
8.16 78.0118 -226.66 -148.648
8.18 75.501 -224.126 -148.625
8.2 78.8965 -227.523 -148.627
8.22 82.9982 -231.658 -148.66
8.24 84.0325 -232.693 -148.66
8.26 81.7806 -230.472 -148.691
8.28 83.1316 -231.769 -148.638
8.3 83.9997 -232.637 -148.638
8.32 82.4659 -231.097 -148.631
8.34 82.638 -231.236 -148.598
8.36 84.4975 -233.069 -148.572
8.38 83.7915 -232.347 -148.556
8.4 80.7831 -229.365 -148.582
8.42 79.9493 -228.554 -148.604
8.44 80.716 -229.342 -148.626
8.46 81.0042 -229.62 -148.616
8.48 79.1575 -227.783 -148.626
8.5 79.3885 -227.959 -148.571
8.52 81.9772 -230.571 -148.594
8.54 82.6851 -231.273 -148.588
8.56 83.4684 -232.056 -148.587
8.58 86.6572 -235.234 -148.577
8.6 87.9888 -236.555 -148.566
8.62 85.8642 -234.436 -148.572
8.64 82.9344 -231.478 -148.544
8.66 82.1424 -230.691 -148.549
8.68 84.1572 -232.701 -148.544
8.7 86.5676 -235.112 -148.544
8.72 87.5675 -236.128 -148.561
8.74 86.0749 -234.613 -148.539
8.76 83.0537 -231.603 -148.549
8.78 80.8905 -229.462 -148.571
8.8 80.4533 -229.041 -148.588
8.82 80.225 -228.818 -148.593
8.84 81.1346 -229.75 -148.615
8.86 83.3925 -231.981 -148.588
8.88 84.6114 -233.183 -148.572
8.9 84.1767 -232.753 -148.577
8.92 84.211 -232.766 -148.555
8.94 84.9234 -233.494 -148.571
8.96 87.4677 -236.05 -148.582
8.98 88.5359 -237.13 -148.594
9 85.4324 -234.048 -148.616
9.02 78.3198 -226.963 -148.643
9.04 72.0953 -220.736 -148.641
9.06 76.1372 -224.769 -148.632
9.08 82.918 -231.545 -148.627
9.1 85.4613 -234.082 -148.621
9.12 86.0453 -234.65 -148.604
9.14 86.1101 -234.692 -148.582
9.16 85.6578 -234.213 -148.555
9.18 83.8002 -232.372 -148.571
9.2 82.8395 -231.383 -148.544
9.22 83.8747 -232.43 -148.555
9.24 82.7554 -231.322 -148.566
9.26 79.3722 -227.97 -148.598
9.28 79.1 -227.682 -148.582
9.3 80.2573 -228.835 -148.577
9.32 79.4404 -228.017 -148.577
9.34 78.5464 -227.156 -148.61
9.36 77.5008 -226.089 -148.588
9.38 76.8102 -225.463 -148.653
9.4 79.1347 -227.761 -148.626
9.42 82.277 -230.904 -148.627
9.44 83.0189 -231.64 -148.621
9.46 82.6331 -231.243 -148.61
9.48 82.4704 -231.085 -148.615
9.5 82.7056 -231.365 -148.659
9.52 81.7227 -230.366 -148.643
9.54 79.015 -227.647 -148.632
9.56 77.3143 -225.93 -148.615
9.58 77.4449 -226.055 -148.61
9.6 79.011 -227.621 -148.61
9.62 81.9412 -230.584 -148.642
9.64 85.6316 -234.264 -148.632
9.66 85.7899 -234.4 -148.61
9.68 82.6287 -231.271 -148.642
9.7 79.2674 -227.904 -148.637
9.72 77.5937 -226.225 -148.631
9.74 77.3597 -225.997 -148.637
9.76 77.8256 -226.473 -148.648
9.78 79.0047 -227.62 -148.615
9.8 80.6469 -229.289 -148.642
9.82 82.6653 -231.33 -148.665
9.84 83.8677 -232.499 -148.631
9.86 86.4194 -235.073 -148.653
9.88 88.9148 -237.547 -148.632
9.9 88.8348 -237.461 -148.626
9.92 87.9341 -236.544 -148.61
9.94 85.9846 -234.605 -148.621
9.96 83.2838 -231.899 -148.615
9.98 80.9835 -229.615 -148.632
10 79.6567 -228.288 -148.632
10.02 78.1933 -226.82 -148.627
10.04 73.9988 -222.619 -148.62
10.06 74.6876 -223.303 -148.615
10.08 77.1821 -225.803 -148.621
10.1 77.4474 -226.057 -148.61
10.12 78.3139 -226.935 -148.621
10.14 77.029 -225.678 -148.649
10.16 73.1641 -221.795 -148.631
10.18 73.9064 -222.538 -148.632
10.2 76.2974 -224.957 -148.66
10.22 76.9067 -225.555 -148.649
10.24 75.9387 -224.576 -148.637
10.26 75.6985 -224.352 -148.653
10.28 76.901 -225.505 -148.604
10.3 78.5046 -227.103 -148.599
10.32 80.6517 -229.245 -148.593
10.34 83.366 -231.97 -148.604
10.36 85.118 -233.723 -148.605
10.38 82.2356 -230.857 -148.621
10.4 78.0412 -226.677 -148.636
10.42 82.418 -231.061 -148.643
10.44 88.5046 -237.154 -148.649
10.46 89.0879 -237.742 -148.654
10.48 86.4758 -235.107 -148.631
10.5 84.6028 -233.223 -148.62
10.52 84.3178 -232.9 -148.582
10.54 84.3056 -232.882 -148.577
10.56 84.7672 -233.361 -148.594
10.58 83.9131 -232.501 -148.588
10.6 80.9166 -229.51 -148.593
10.62 78.3438 -226.931 -148.588
10.64 77.7286 -226.333 -148.605
10.66 77.3783 -225.96 -148.582
10.68 79.6484 -228.214 -148.566
10.7 82.8956 -231.468 -148.572
10.72 84.1127 -232.712 -148.599
10.74 84.6963 -233.28 -148.583
10.76 81.155 -229.754 -148.599
10.78 78.139 -226.732 -148.593
10.8 77.6465 -226.201 -148.555
10.82 79.1505 -227.689 -148.538
10.84 82.208 -230.763 -148.555
10.86 84.4514 -232.99 -148.539
10.88 83.8855 -232.43 -148.544
10.9 80.9113 -229.499 -148.588
10.92 79.1095 -227.681 -148.571
10.94 78.2036 -226.802 -148.599
10.96 77.5147 -226.091 -148.577
10.98 78.0001 -226.599 -148.599
11 79.3839 -228.005 -148.621
11.02 79.9177 -228.555 -148.637
11.04 80.3913 -229.034 -148.643
11.06 81.2668 -229.915 -148.648
11.08 82.2749 -230.918 -148.643
11.1 83.9051 -232.564 -148.659
11.12 86.6013 -235.244 -148.643
11.14 86.4223 -235.064 -148.642
11.16 87.3011 -235.932 -148.631
11.18 88.6046 -237.214 -148.61
11.2 89.313 -237.934 -148.621
11.22 88.1895 -236.838 -148.648
11.24 83.8412 -232.479 -148.637
11.26 77.7398 -226.355 -148.615
11.28 74.4453 -223.071 -148.625
11.3 76.6859 -225.312 -148.626
11.32 82.8782 -231.527 -148.649
11.34 87.0051 -235.648 -148.643
11.36 87.0997 -235.726 -148.626
11.38 85.208 -233.829 -148.621
11.4 82.9764 -231.586 -148.61
11.42 81.7533 -230.357 -148.604
11.44 83.1433 -231.758 -148.615
11.46 86.1783 -234.794 -148.616
11.48 86.7002 -235.294 -148.594
11.5 82.6374 -231.226 -148.589
11.52 79.3643 -227.956 -148.592
11.54 84.0858 -232.675 -148.59
11.56 83.1036 -231.659 -148.556
11.58 79.9643 -228.551 -148.587
11.6 81.8921 -230.486 -148.594
11.62 82.4076 -230.996 -148.589
11.64 79.3996 -227.971 -148.571
11.66 78.0814 -226.636 -148.555
11.68 79.9239 -228.485 -148.561
11.7 81.9068 -230.473 -148.566
11.72 81.4108 -229.999 -148.588
11.74 78.9289 -227.522 -148.593
11.76 77.6135 -226.218 -148.604
11.78 77.7279 -226.354 -148.626
11.8 78.5281 -227.094 -148.566
11.82 80.2306 -228.818 -148.588
11.84 82.6359 -231.213 -148.577
11.86 84.6258 -233.241 -148.616
11.88 85.2512 -233.856 -148.605
11.9 84.884 -233.488 -148.604
11.92 83.9611 -232.571 -148.61
11.94 82.2017 -230.773 -148.572
11.96 80.6495 -229.21 -148.56
11.98 80.4522 -229.029 -148.577
12 82.4829 -231.082 -148.599
12.02 85.5339 -234.1 -148.566
12.04 86.8018 -235.39 -148.588
12.06 84.2541 -232.853 -148.599
12.08 78.8709 -227.464 -148.593
12.1 75.6939 -224.275 -148.582
12.12 78.449 -227.065 -148.616
12.14 81.1578 -229.757 -148.6
12.16 80.4063 -229.011 -148.605
12.18 77.3565 -225.95 -148.593
12.2 75.5665 -224.132 -148.566
12.22 77.0179 -225.578 -148.56
12.24 80.6224 -229.21 -148.588
12.26 84.1542 -232.742 -148.588
12.28 87.2473 -235.841 -148.594
12.3 88.0891 -236.694 -148.605
12.32 85.9658 -234.559 -148.593
12.34 84.2347 -232.795 -148.561
12.36 81.3494 -229.917 -148.567
12.38 74.4859 -223.061 -148.575
12.4 79.1647 -227.743 -148.578
12.42 85.0915 -233.686 -148.594
12.44 85.6722 -234.222 -148.549
12.46 85.037 -233.598 -148.561
12.48 82.2426 -230.793 -148.55
12.5 79.4499 -228.015 -148.565
12.52 81.8229 -230.401 -148.578
12.54 81.444 -230.038 -148.594
12.56 79.725 -228.279 -148.554
12.58 82.2217 -230.767 -148.545
12.6 81.3015 -229.857 -148.555
12.62 78.175 -226.735 -148.56
12.64 76.6123 -225.195 -148.583
12.66 74.9377 -223.525 -148.587
12.68 76.6068 -225.211 -148.604
12.7 80.4726 -229.066 -148.594
12.72 82.032 -230.631 -148.599
12.74 81.0631 -229.678 -148.615
12.76 82.407 -230.995 -148.588
12.78 84.8316 -233.392 -148.561
12.8 85.622 -234.188 -148.566
12.82 83.1303 -231.724 -148.594
12.84 78.6313 -227.246 -148.615
12.86 77.7099 -226.314 -148.604
12.88 80.2261 -228.793 -148.567
12.9 79.7485 -228.326 -148.577
12.92 78.2403 -226.822 -148.582
12.94 80.1448 -228.7 -148.555
12.96 82.0894 -230.64 -148.55
12.98 79.6576 -228.208 -148.55
13 74.2562 -222.811 -148.554
13.02 72.2851 -220.834 -148.549
13.04 75.4204 -223.992 -148.571
13.06 80.2847 -228.878 -148.593
13.08 83.9378 -232.548 -148.611
13.1 82.7619 -231.361 -148.599
13.12 78.2809 -226.874 -148.593
13.14 75.6398 -224.2 -148.56
13.16 76.0912 -224.674 -148.582
13.18 76.2922 -224.913 -148.621
13.2 76.9376 -225.547 -148.609
13.22 78.9855 -227.585 -148.599
13.24 79.2476 -227.846 -148.599
13.26 80.3212 -228.947 -148.626
13.28 82.362 -230.999 -148.637
13.3 82.6577 -231.278 -148.621
13.32 81.9042 -230.514 -148.61
13.34 80.1444 -228.749 -148.604
13.36 78.2496 -226.826 -148.576
13.38 79.2264 -227.83 -148.604
13.4 82.3595 -230.932 -148.572
13.42 81.3717 -229.939 -148.567
13.44 74.9045 -223.481 -148.577
13.46 71.0317 -219.581 -148.549
13.48 71.9408 -220.485 -148.544
13.5 73.9674 -222.511 -148.544
13.52 78.4946 -227.033 -148.539
13.54 82.95 -231.489 -148.539
13.56 84.3424 -232.881 -148.539
13.58 82.8272 -231.393 -148.566
13.6 80.9898 -229.572 -148.582
13.62 81.7274 -230.294 -148.567
13.64 79.7004 -228.288 -148.588
13.66 77.9929 -226.608 -148.615
13.68 78.7499 -227.344 -148.594
13.7 79.0387 -227.643 -148.604
13.72 80.9182 -229.555 -148.637
13.74 83.4804 -232.156 -148.676
13.76 84.0032 -232.674 -148.67
13.78 81.7423 -230.413 -148.67
13.8 77.6758 -226.34 -148.664
13.82 75.7705 -224.446 -148.675
13.84 76.8403 -225.521 -148.681
13.86 79.5757 -228.246 -148.67
13.88 81.5754 -230.246 -148.671
13.9 80.2381 -228.881 -148.642
13.92 80.8613 -229.504 -148.643
13.94 82.472 -231.105 -148.633
13.96 80.7451 -229.388 -148.643
13.98 81.0873 -229.686 -148.599
14 84.1419 -232.752 -148.61
14.02 85.8616 -234.466 -148.605
14.04 86.762 -235.356 -148.594
14.06 86.0827 -234.682 -148.599
14.08 83.4167 -231.994 -148.577
14.1 80.5185 -229.106 -148.587
14.12 82.899 -231.498 -148.599
14.14 85.4882 -234.088 -148.6
14.16 84.9922 -233.585 -148.593
14.18 85.2293 -233.801 -148.572
14.2 84.4729 -233.017 -148.544
14.22 82.2492 -230.793 -148.544
14.24 81.309 -229.842 -148.533
14.26 80.7636 -229.302 -148.539
14.28 79.6851 -228.218 -148.533
14.3 79.1782 -227.728 -148.55
14.32 76.4683 -225.013 -148.544
14.34 74.3284 -222.845 -148.516
14.36 76.3455 -224.862 -148.517
14.38 80.9861 -229.477 -148.491
14.4 80.9708 -229.445 -148.474
14.42 77.3676 -225.851 -148.483
14.44 76.1987 -224.666 -148.467
14.46 77.3606 -225.855 -148.495
14.48 79.576 -228.104 -148.528
14.5 81.3986 -229.888 -148.489
14.52 83.0107 -231.494 -148.484
14.54 85.8499 -234.35 -148.501
14.56 87.5638 -236.037 -148.473
14.58 86.6386 -235.09 -148.451
14.6 83.5521 -232.009 -148.457
14.62 81.0534 -229.515 -148.461
14.64 82.0353 -230.508 -148.473
14.66 82.6374 -231.143 -148.506
14.68 81.5133 -230.035 -148.522
14.7 81.0535 -229.598 -148.544
14.72 80.318 -228.868 -148.55
14.74 78.036 -226.586 -148.55
14.76 76.0418 -224.619 -148.577
14.78 75.0266 -223.587 -148.561
14.8 73.6224 -222.128 -148.506
14.82 74.0102 -222.521 -148.51
14.84 80.1722 -228.755 -148.583
14.86 85.5656 -234.111 -148.545
14.88 85.2573 -233.791 -148.534
14.9 82.9897 -231.518 -148.528
14.92 81.364 -229.903 -148.539
14.94 79.0161 -227.566 -148.55
14.96 79.007 -227.556 -148.549
14.98 81.9174 -230.452 -148.534
15 82.6951 -231.223 -148.528
15.02 83.0657 -231.583 -148.517
15.04 84.2962 -232.802 -148.506
15.06 85.8257 -234.316 -148.49
15.08 84.4139 -232.914 -148.501
15.1 82.7017 -231.224 -148.522
15.12 83.3313 -231.832 -148.501
15.14 83.5697 -232.103 -148.534
15.16 82.0893 -230.629 -148.54
15.18 77.5495 -226.132 -148.583
15.2 73.6842 -222.261 -148.576
15.22 75.6945 -224.288 -148.593
15.24 82.1007 -230.673 -148.572
15.26 87.4071 -235.969 -148.562
15.28 87.3497 -235.9 -148.55
15.3 84.3849 -232.951 -148.566
15.32 83.9193 -232.479 -148.56
15.34 90.9941 -239.577 -148.583
15.36 98.9953 -247.569 -148.573
15.38 98.0051 -246.556 -148.551
15.4 89.6269 -238.193 -148.566
15.42 82.2438 -230.809 -148.565
15.44 82.3361 -230.902 -148.566
15.46 87.131 -235.692 -148.561
15.48 90.9835 -239.555 -148.572
15.5 92.6381 -241.194 -148.555
15.52 92.829 -241.378 -148.55
15.54 93.0489 -241.583 -148.534
15.56 90.3698 -238.893 -148.524
15.58 84.2888 -232.788 -148.499
15.6 85.2476 -233.743 -148.496
15.62 86.5202 -235.048 -148.528
15.64 85.5295 -234.041 -148.512
15.66 83.9456 -232.474 -148.528
15.68 82.6107 -231.161 -148.55
15.7 81.7562 -230.323 -148.566
15.72 81.1088 -229.692 -148.583
15.74 80.7693 -229.347 -148.577
15.76 79.8585 -228.474 -148.616
15.78 77.6285 -226.233 -148.605
15.8 74.9706 -223.564 -148.594
15.82 73.3513 -221.945 -148.593
15.84 73.9965 -222.584 -148.588
15.86 76.9244 -225.534 -148.61
15.88 80.1702 -228.791 -148.621
15.9 81.9421 -230.525 -148.583
15.92 80.8229 -229.422 -148.599
15.94 78.2838 -226.85 -148.566
15.96 76.8022 -225.417 -148.615
15.98 76.4523 -225.106 -148.654
16 77.0751 -225.718 -148.643
16.02 79.1517 -227.773 -148.621
16.04 81.6368 -230.252 -148.616
16.06 82.8153 -231.393 -148.578
16.08 80.6455 -229.217 -148.572
16.1 76.3915 -224.968 -148.577
16.12 73.9358 -222.545 -148.609
16.14 74.9374 -223.503 -148.566
16.16 77.5272 -226.115 -148.588
16.18 80.3745 -228.99 -148.616
16.2 82.2691 -230.879 -148.61
16.22 82.2912 -230.89 -148.599
16.24 81.5471 -230.157 -148.61
16.26 79.8705 -228.502 -148.632
16.28 78.4779 -227.087 -148.609
16.3 79.7205 -228.357 -148.637
16.32 82.4632 -231.112 -148.649
16.34 83.1688 -231.839 -148.67
16.36 82.193 -230.841 -148.648
16.38 82.1639 -230.812 -148.648
16.4 82.6271 -231.253 -148.626
16.42 82.8342 -231.488 -148.654
16.44 82.179 -230.828 -148.649
16.46 80.1214 -228.747 -148.626
16.48 79.6856 -228.295 -148.61
16.5 81.1546 -229.759 -148.605
16.52 81.1589 -229.791 -148.632
16.54 78.9217 -227.554 -148.632
16.56 79.5918 -228.207 -148.616
16.58 81.7094 -230.337 -148.628
16.6 78.6466 -227.295 -148.649
16.62 75.3017 -223.939 -148.637
16.64 75.0741 -223.695 -148.621
16.66 78.0861 -226.696 -148.61
16.68 80.9897 -229.561 -148.572
16.7 83.8466 -232.418 -148.572
16.72 86.1041 -234.665 -148.561
16.74 86.9429 -235.504 -148.561
16.76 85.079 -233.651 -148.572
16.78 82.2827 -230.854 -148.571
16.8 80.2116 -228.784 -148.572
16.82 77.4022 -226.001 -148.599
16.84 76.0051 -224.598 -148.593
16.86 78.5354 -227.135 -148.599
16.88 81.203 -229.813 -148.61
16.9 82.144 -230.722 -148.578
16.92 81.2427 -229.831 -148.588
16.94 80.5699 -229.141 -148.571
16.96 83.1501 -231.69 -148.54
16.98 83.0717 -231.589 -148.518
17 80.1302 -228.652 -148.522
17.02 80.5994 -229.122 -148.522
17.04 82.4672 -231.018 -148.55
17.06 82.5878 -231.122 -148.534
17.08 82.1505 -230.716 -148.566
17.1 83.8546 -232.41 -148.556
17.12 84.0201 -232.603 -148.583
17.14 83.8265 -232.426 -148.599
17.16 83.9034 -232.492 -148.589
17.18 82.2413 -230.813 -148.572
17.2 81.1754 -229.752 -148.577
17.22 81.9631 -230.557 -148.594
17.24 82.4498 -231.054 -148.604
17.26 83.703 -232.269 -148.566
17.28 85.1898 -233.745 -148.555
17.3 85.1125 -233.679 -148.566
17.32 83.682 -232.281 -148.599
17.34 84.3005 -232.877 -148.577
17.36 86.777 -235.382 -148.605
17.38 87.7413 -236.352 -148.61
17.4 86.2871 -234.876 -148.588
17.42 83.0359 -231.646 -148.61
17.44 79.861 -228.476 -148.615
17.46 78.2364 -226.841 -148.605
17.48 76.6057 -225.2 -148.594
17.5 74.1924 -222.803 -148.61
17.52 72.9901 -221.6 -148.61
17.54 75.4678 -224.072 -148.605
17.56 78.6574 -227.267 -148.61
17.58 81.8497 -230.482 -148.632
17.6 84.3783 -233.016 -148.638
17.62 85.6195 -234.262 -148.642
17.64 89.0605 -237.692 -148.632
17.66 91.9901 -240.611 -148.621
17.68 90.6404 -239.251 -148.611
17.7 84.0693 -232.668 -148.599
17.72 76.3784 -224.993 -148.614
17.74 74.9815 -223.601 -148.62
17.76 80.2441 -228.87 -148.626
17.78 86.3652 -234.981 -148.615
17.8 90.8735 -239.484 -148.61
17.82 92.4419 -241.019 -148.577
17.84 90.2939 -238.86 -148.566
17.86 86.5247 -235.068 -148.544
17.88 84.1863 -232.708 -148.522
17.9 84.945 -233.478 -148.533
17.92 88.7939 -237.333 -148.539
17.94 91.869 -240.414 -148.545
17.96 90.8071 -239.341 -148.534
17.98 85.5253 -234.059 -148.533
18 80.4296 -228.961 -148.532
18.02 83.4298 -231.99 -148.56
18.04 89.6122 -238.218 -148.605
18.06 90.5195 -239.136 -148.616
18.08 86.6429 -235.236 -148.594
18.1 81.3635 -229.962 -148.599
18.12 77.1801 -225.778 -148.598
18.14 77.0804 -225.695 -148.615
18.16 81.0993 -229.731 -148.632
18.18 84.5201 -233.142 -148.622
18.2 83.6101 -232.21 -148.6
18.22 78.5448 -227.155 -148.61
18.24 74.7211 -223.346 -148.625
18.26 76.9051 -225.531 -148.626
18.28 81.6201 -230.236 -148.616
18.3 85.5233 -234.134 -148.61
18.32 87.1615 -235.777 -148.616
18.34 85.1136 -233.708 -148.594
18.36 79.9075 -228.479 -148.571
18.38 75.5452 -224.122 -148.576
18.4 74.9627 -223.556 -148.593
18.42 76.8861 -225.463 -148.577
18.44 79.1176 -227.695 -148.577
18.46 79.9368 -228.514 -148.577
18.48 78.6158 -227.182 -148.566
18.5 77.0419 -225.569 -148.527
18.52 77.9558 -226.478 -148.522
18.54 80.1307 -228.659 -148.528
18.56 80.9533 -229.498 -148.545
18.58 79.7812 -228.32 -148.539
18.6 78.9698 -227.509 -148.539
18.62 79.127 -227.666 -148.539
18.64 80.5682 -229.09 -148.522
18.66 84.3356 -232.869 -148.534
18.68 87.1895 -235.746 -148.556
18.7 84.6966 -233.258 -148.561
18.72 80.8997 -229.481 -148.582
18.74 82.637 -231.225 -148.588
18.76 86.8485 -235.448 -148.599
18.78 88.0635 -236.669 -148.605
18.8 84.9314 -233.558 -148.627
18.82 79.1061 -227.727 -148.621
18.84 75.9866 -224.646 -148.659
18.86 75.0138 -223.69 -148.676
18.88 74.4249 -223.134 -148.709
18.9 71.6419 -220.351 -148.709
18.92 69.5958 -218.282 -148.686
18.94 72.5371 -221.197 -148.659
18.96 76.2628 -224.901 -148.638
18.98 76.5916 -225.213 -148.621
19 77.7042 -226.325 -148.621
19.02 80.1086 -228.763 -148.654
19.04 79.9352 -228.562 -148.626
19.06 78.8641 -227.501 -148.637
19.08 78.2587 -226.94 -148.681
19.1 78.6324 -227.33 -148.697
19.12 79.6814 -228.347 -148.666
19.14 76.5876 -225.231 -148.643
19.16 71.5529 -220.195 -148.642
19.18 70.8538 -219.48 -148.626
19.2 74.6315 -223.258 -148.627
19.22 77.2022 -225.824 -148.622
19.24 76.6626 -225.267 -148.605
19.26 74.7595 -223.375 -148.616
19.28 71.012 -219.655 -148.643
19.3 68.4684 -217.105 -148.637
19.32 69.8652 -218.464 -148.599
19.34 73.2885 -221.882 -148.593
19.36 78.2013 -226.756 -148.555
19.38 82.7607 -231.305 -148.545
19.4 85.1084 -233.625 -148.517
19.42 86.6539 -235.154 -148.5
19.44 89.1967 -237.692 -148.495
19.46 91.1666 -239.662 -148.495
19.48 90.9515 -239.463 -148.511
19.5 89.8573 -238.363 -148.506
19.52 88.9482 -237.454 -148.506
19.54 86.5514 -235.03 -148.479
19.56 81.6022 -230.108 -148.505
19.58 79.0008 -227.517 -148.516
19.6 81.2173 -229.74 -148.523
19.62 82.7365 -231.264 -148.528
19.64 83.303 -231.83 -148.527
19.66 86.6552 -235.177 -148.522
19.68 90.9932 -239.549 -148.556
19.7 91.8739 -240.457 -148.583
19.72 88.4708 -237.064 -148.594
19.74 82.9016 -231.495 -148.593
19.76 78.1544 -226.737 -148.582
19.78 75.5144 -224.075 -148.561
19.8 74.3874 -222.92 -148.533
19.82 76.3395 -224.884 -148.544
19.84 78.8309 -227.392 -148.561
19.86 81.3493 -229.894 -148.545
19.88 81.9882 -230.549 -148.561
19.9 80.9735 -229.506 -148.533
19.92 82.3733 -230.918 -148.545
19.94 82.9053 -231.445 -148.54
19.96 79.8761 -228.42 -148.544
19.98 78.3134 -226.862 -148.549
20 81.8555 -230.406 -148.55
20.02 83.4162 -231.934 -148.518
20.04 80.3183 -228.829 -148.511
20.06 79.3803 -227.881 -148.5
20.08 80.3538 -228.844 -148.49
20.1 79.7679 -228.263 -148.495
20.12 80.1991 -228.705 -148.506
20.14 82.0707 -230.599 -148.528
20.16 82.5 -231.023 -148.523
20.18 81.3844 -229.901 -148.516
20.2 81.3792 -229.951 -148.572
20.22 80.8094 -229.398 -148.588
20.24 80.5578 -229.134 -148.576
20.26 84.4062 -232.945 -148.539
20.28 86.7757 -235.299 -148.523
20.3 82.6232 -231.146 -148.523
20.32 76.0123 -224.561 -148.548
20.34 77.2558 -225.805 -148.549
20.36 82.1108 -230.683 -148.572
20.38 85.72 -234.281 -148.561
20.4 87.2583 -235.814 -148.555
20.42 86.9547 -235.477 -148.523
20.44 85.6528 -234.197 -148.544
20.46 84.8364 -233.392 -148.556
20.48 82.5189 -231.069 -148.55
20.5 81.8668 -230.416 -148.549
20.52 84.1287 -232.652 -148.523
20.54 85.1217 -233.65 -148.528
20.56 84.0869 -232.638 -148.551
20.58 80.9854 -229.535 -148.549
20.6 82.0328 -230.605 -148.572
20.62 84.8134 -233.396 -148.583
20.64 88.5216 -237.093 -148.572
20.66 91.7576 -240.297 -148.539
20.68 91.523 -240.045 -148.522
20.7 89.7491 -238.266 -148.517
20.72 87.9703 -236.514 -148.544
20.74 86.1477 -234.719 -148.572
20.76 85.5809 -234.158 -148.577
20.78 85.0189 -233.597 -148.578
20.8 82.0911 -230.657 -148.566
20.82 81.5222 -230.082 -148.56
20.84 84.1849 -232.746 -148.561
20.86 86.1297 -234.702 -148.573
20.88 83.7687 -232.374 -148.605
20.9 79.2793 -227.895 -148.615
20.92 77.298 -225.935 -148.637
20.94 79.1109 -227.754 -148.644
20.96 80.2394 -228.845 -148.605
20.98 80.6212 -229.236 -148.615
21 85.542 -234.136 -148.594
21.02 88.1943 -236.778 -148.584
21.04 83.1404 -231.74 -148.599
21.06 78.1225 -226.704 -148.582
21.08 78.9162 -227.504 -148.588
21.1 81.4941 -230.104 -148.61
21.12 85.3358 -233.963 -148.627
21.14 87.4598 -236.103 -148.643
21.16 86.5921 -235.241 -148.649
21.18 82.4091 -231.069 -148.66
21.2 78.1891 -226.843 -148.654
21.22 76.44 -225.078 -148.638
21.24 75.2968 -223.929 -148.633
21.26 73.5008 -222.133 -148.632
21.28 75.4132 -224.028 -148.615
21.3 81.5157 -230.126 -148.611
21.32 85.5448 -234.172 -148.628
21.34 84.658 -233.241 -148.583
21.36 81.8714 -230.459 -148.588
21.38 80.4111 -228.999 -148.588
21.4 79.4986 -228.076 -148.577
21.42 80.1963 -228.741 -148.544
21.44 81.8099 -230.349 -148.539
21.46 82.1665 -230.722 -148.555
21.48 83.1756 -231.725 -148.55
21.5 85.8427 -234.398 -148.555
21.52 87.6248 -236.176 -148.551
21.54 84.1063 -232.661 -148.555
21.56 85.1961 -233.731 -148.535
21.58 83.6408 -232.181 -148.54
21.6 75.6237 -224.168 -148.544
21.62 72.4673 -221.027 -148.56
21.64 77.0872 -225.621 -148.534
21.66 80.791 -229.315 -148.524
21.68 80.5032 -229.026 -148.523
21.7 81.1334 -229.689 -148.556
21.72 82.5515 -231.091 -148.539
21.74 83.7132 -232.247 -148.534
21.76 84.6558 -233.196 -148.54
21.78 84.0439 -232.572 -148.528
21.8 86.7175 -235.219 -148.501
21.82 89.106 -237.613 -148.507
21.84 87.8195 -236.332 -148.512
21.86 83.2525 -231.775 -148.523
21.88 79.6757 -228.165 -148.49
21.9 78.6796 -227.153 -148.474
21.92 77.6218 -226.117 -148.496
21.94 77.088 -225.605 -148.517
21.96 78.8248 -227.381 -148.556
21.98 80.7272 -229.294 -148.567
22 80.9775 -229.572 -148.594
22.02 80.0408 -228.64 -148.6
22.04 79.263 -227.851 -148.588
22.06 81.8594 -230.427 -148.567
22.08 82.243 -230.794 -148.551
22.1 79.7678 -228.279 -148.512
22.12 79.4786 -228.001 -148.523
22.14 80.0177 -228.557 -148.539
22.16 81.3068 -229.862 -148.556
22.18 82.061 -230.6 -148.539
22.2 83.2099 -231.776 -148.566
22.22 83.6084 -232.159 -148.55
22.24 82.4407 -231.002 -148.561
22.26 80.4898 -229.04 -148.55
22.28 77.0118 -225.594 -148.582
22.3 76.2297 -224.79 -148.561
22.32 77.9908 -226.568 -148.578
22.34 79.1918 -227.747 -148.555
22.36 81.8408 -230.363 -148.522
22.38 84.4616 -232.973 -148.512
22.4 84.2318 -232.738 -148.506
22.42 82.1714 -230.639 -148.467
22.44 81.0751 -229.575 -148.5
22.46 80.5162 -228.989 -148.473
22.48 82.2616 -230.734 -148.473
22.5 86.2239 -234.642 -148.418
22.52 90.3565 -238.78 -148.424
22.54 93.6312 -242.099 -148.468
22.56 94.1542 -242.633 -148.479
22.58 91.8943 -240.395 -148.501
22.6 87.0836 -235.617 -148.534
22.62 80.7599 -229.309 -148.549
22.64 78.5339 -227.055 -148.521
22.66 82.4932 -230.994 -148.5
22.68 87.413 -235.914 -148.501
22.7 89.8086 -238.321 -148.512
22.72 87.5961 -236.146 -148.55
22.74 83.1855 -231.746 -148.56
22.76 81.2455 -229.828 -148.582
22.78 81.357 -229.929 -148.572
22.8 80.557 -229.113 -148.556
22.82 80.2238 -228.8 -148.576
22.84 85.9616 -234.529 -148.567
22.86 89.5337 -238.095 -148.561
22.88 89.7245 -238.268 -148.544
22.9 89.9521 -238.485 -148.533
22.92 89.8713 -238.433 -148.561
22.94 86.4603 -235.015 -148.555
22.96 84.2165 -232.761 -148.544
22.98 83.1672 -231.75 -148.583
23 82.0375 -230.63 -148.593
23.02 83.9791 -232.545 -148.566
23.04 86.17 -234.715 -148.545
23.06 86.3221 -234.855 -148.533
23.08 86.7363 -235.297 -148.561
23.1 87.2916 -235.853 -148.561
23.12 85.7272 -234.282 -148.555
23.14 84.0698 -232.652 -148.582
23.16 83.182 -231.782 -148.6
23.18 80.2747 -228.88 -148.605
23.2 75.9773 -224.576 -148.599
23.22 75.3763 -223.992 -148.616
23.24 76.6676 -225.289 -148.622
23.26 76.3305 -224.936 -148.605
23.28 74.2826 -222.925 -148.643
23.3 75.6092 -224.274 -148.665
23.32 80.229 -228.933 -148.704
23.34 82.9816 -231.636 -148.655
23.36 83.0263 -231.68 -148.654
23.38 83.3992 -232.031 -148.632
23.4 84.1501 -232.777 -148.627
23.42 83.472 -232.082 -148.61
23.44 81.7099 -230.321 -148.611
23.46 78.0064 -226.595 -148.588
23.48 75.1803 -223.741 -148.561
23.5 74.5768 -223.137 -148.561
23.52 76.6921 -225.252 -148.56
23.54 81.2837 -229.834 -148.55
23.56 84.0886 -232.645 -148.556
23.58 81.7575 -230.313 -148.555
23.6 79.3768 -227.915 -148.539
23.62 78.7653 -227.304 -148.539
23.64 79.2445 -227.805 -148.56
23.66 82.335 -230.924 -148.589
23.68 83.6643 -232.253 -148.589
23.7 81.6167 -230.188 -148.571
23.72 80.5166 -229.083 -148.566
23.74 80.5681 -229.128 -148.56
23.76 84.0653 -232.637 -148.571
23.78 88.7933 -237.349 -148.556
23.8 90.3553 -238.933 -148.577
23.82 89.0033 -237.531 -148.528
23.84 86.9214 -235.427 -148.506
23.86 85.5123 -234.029 -148.517
23.88 84.3254 -232.87 -148.545
23.9 81.6122 -230.113 -148.5
23.92 78.9886 -227.544 -148.555
23.94 76.3772 -224.955 -148.577
23.96 74.5425 -223.152 -148.61
23.98 75.6709 -224.237 -148.566
24 79.7854 -228.363 -148.577
24.02 84.3923 -232.953 -148.561
24.04 87.3463 -235.913 -148.567
24.06 87.3605 -235.949 -148.588
24.08 84.4529 -233.019 -148.567
24.1 79.5414 -228.129 -148.588
24.12 76.8934 -225.497 -148.604
24.14 78.9978 -227.603 -148.605
24.16 77.9522 -226.579 -148.627
24.18 75.5722 -224.208 -148.636
24.2 79.3667 -228.021 -148.655
24.22 80.6978 -229.319 -148.621
24.24 79.2292 -227.888 -148.659
24.26 78.8424 -227.479 -148.637
24.28 82.7029 -231.324 -148.621
24.3 85.6793 -234.307 -148.628
24.32 83.2801 -231.907 -148.627
24.34 80.6621 -229.282 -148.62
24.36 82.3782 -231.01 -148.632
24.38 85.1908 -233.845 -148.654
24.4 84.9307 -233.585 -148.654
24.42 81.3418 -230.007 -148.665
24.44 77.8563 -226.487 -148.631
24.46 78.7101 -227.358 -148.648
24.48 81.8566 -230.489 -148.632
24.5 84.1138 -232.757 -148.643
24.52 86.0268 -234.665 -148.638
24.54 86.333 -234.949 -148.616
24.56 83.838 -232.432 -148.594
24.58 81.437 -230.069 -148.632
24.6 81.3496 -229.987 -148.637
24.62 82.0534 -230.691 -148.638
24.64 81.4355 -230.084 -148.649
24.66 80.9114 -229.593 -148.681
24.68 81.0166 -229.688 -148.671
24.7 78.8631 -227.49 -148.627
24.72 75.3426 -223.958 -148.616
24.74 74.2618 -222.893 -148.631
24.76 78.0701 -226.692 -148.622
24.78 79.5898 -228.184 -148.594
24.8 78.2022 -226.79 -148.588
24.82 77.1191 -225.735 -148.616
24.84 77.1896 -225.783 -148.593
24.86 79.5104 -228.082 -148.572
24.88 82.5825 -231.198 -148.616
24.9 85.4121 -234.022 -148.61
24.92 85.577 -234.188 -148.611
24.94 82.4119 -231.055 -148.643
24.96 78.7711 -227.403 -148.632
24.98 77.6366 -226.274 -148.637
25 79.3247 -227.984 -148.659
25.02 81.0057 -229.637 -148.632
25.04 82.8272 -231.47 -148.643
25.06 82.9204 -231.558 -148.638
25.08 80.7582 -229.434 -148.676
25.1 78.2881 -226.942 -148.654
25.12 77.0504 -225.71 -148.659
25.14 77.3478 -225.985 -148.637
25.16 79.3938 -228.042 -148.648
25.18 83.0208 -231.669 -148.648
25.2 86.5635 -235.201 -148.638
25.22 87.1667 -235.755 -148.588
25.24 84.3034 -232.892 -148.588
25.26 79.7413 -228.329 -148.588
25.28 78.1251 -226.68 -148.555
25.3 79.9982 -228.537 -148.539
25.32 82.4669 -230.973 -148.506
25.34 85.1591 -233.66 -148.501
25.36 87.4682 -235.99 -148.522
25.38 90.4856 -239.025 -148.539
25.4 90.6321 -239.171 -148.539
25.42 87.5462 -236.074 -148.527
25.44 86.168 -234.702 -148.534
25.46 84.3895 -232.945 -148.555
25.48 84.2692 -232.829 -148.56
25.5 87.0521 -235.559 -148.506
25.52 87.4217 -235.934 -148.512
25.54 84.6691 -233.197 -148.528
25.56 82.155 -230.71 -148.555
25.58 80.8195 -229.385 -148.566
25.6 81.0421 -229.625 -148.583
25.62 81.065 -229.664 -148.599
25.64 80.2466 -228.879 -148.632
25.66 78.3061 -226.949 -148.643
25.68 77.0838 -225.737 -148.653
25.7 80.5712 -229.187 -148.615
25.72 84.7248 -233.33 -148.605
25.74 83.2921 -231.897 -148.605
25.76 79.28 -227.922 -148.642
25.78 79.8567 -228.494 -148.637
25.8 82.9764 -231.609 -148.632
25.82 84.1563 -232.75 -148.594
25.84 84.1798 -232.746 -148.566
25.86 82.1233 -230.679 -148.555
25.88 78.8378 -227.382 -148.544
25.9 77.4236 -225.99 -148.566
25.92 78.2594 -226.848 -148.588
25.94 78.2887 -226.889 -148.6
25.96 74.7542 -223.365 -148.611
25.98 70.0217 -218.658 -148.636
26 73.2229 -221.833 -148.61
26.02 79.4227 -228.039 -148.616
26.04 82.4778 -231.094 -148.616
26.06 82.5889 -231.215 -148.626
26.08 81.6062 -230.238 -148.631
26.1 81.9708 -230.597 -148.626
26.12 83.7236 -232.36 -148.637
26.14 85.8817 -234.503 -148.621
26.16 85.3828 -233.982 -148.599
26.18 82.8059 -231.394 -148.588
26.2 81.3911 -229.968 -148.577
26.22 80.8323 -229.415 -148.583
26.24 81.0409 -229.612 -148.572
26.26 81.3377 -229.887 -148.55
26.28 81.605 -230.176 -148.571
26.3 82.6395 -231.216 -148.577
26.32 84.4014 -232.978 -148.577
26.34 85.9713 -234.598 -148.626
26.36 86.7323 -235.359 -148.626
26.38 86.9942 -235.642 -148.648
26.4 88.0145 -236.641 -148.626
26.42 88.6857 -237.307 -148.621
26.44 87.6874 -236.275 -148.588
26.46 86.2313 -234.808 -148.577
26.48 85.4668 -234.06 -148.593
26.5 84.4489 -233.021 -148.572
26.52 82.2221 -230.804 -148.582
26.54 81.3554 -229.943 -148.588
26.56 82.9185 -231.524 -148.605
26.58 81.6401 -230.202 -148.562
26.6 77.3108 -225.882 -148.571
26.62 76.7433 -225.343 -148.6
26.64 75.9615 -224.566 -148.604
26.66 77.5121 -226.122 -148.61
26.68 81.2088 -229.825 -148.616
26.7 81.5016 -230.117 -148.616
26.72 80.4696 -229.112 -148.643
26.74 79.9904 -228.621 -148.631
26.76 83.8568 -232.461 -148.604
26.78 90.0529 -238.663 -148.61
26.8 91.9697 -240.575 -148.606
26.82 85.935 -234.556 -148.621
26.84 79.8559 -228.476 -148.62
26.86 79.6826 -228.316 -148.633
26.88 77.7704 -226.391 -148.621
26.9 78.4887 -227.093 -148.604
26.92 84.1147 -232.72 -148.605
26.94 88.585 -237.152 -148.567
26.96 87.1729 -235.794 -148.621
26.98 83.5361 -232.14 -148.604
27 80.1259 -228.714 -148.588
27.02 76.9559 -225.511 -148.555
27.04 75.6077 -224.135 -148.528
27.06 75.9276 -224.472 -148.544
27.08 76.7398 -225.323 -148.583
27.1 77.3254 -225.919 -148.593
27.12 79.5799 -228.184 -148.604
27.14 82.6663 -231.282 -148.616
27.16 83.037 -231.669 -148.632
27.18 81.992 -230.602 -148.61
27.2 79.0797 -227.657 -148.577
27.22 76.8 -225.383 -148.583
27.24 76.3784 -224.912 -148.533
27.26 77.2214 -225.771 -148.55
27.28 77.5256 -226.069 -148.544
27.3 79.9958 -228.534 -148.539
27.32 82.8937 -231.46 -148.566
27.34 84.8585 -233.402 -148.544
27.36 86.424 -234.968 -148.544
27.38 86.647 -235.219 -148.572
27.4 84.6531 -233.208 -148.555
27.42 82.9941 -231.537 -148.543
27.44 86.2376 -234.76 -148.522
27.46 89.3676 -237.912 -148.544
27.48 88.838 -237.393 -148.555
27.5 85.511 -234.055 -148.544
27.52 81.1086 -229.669 -148.56
27.54 78.5932 -227.142 -148.548
27.56 81.051 -229.617 -148.566
27.58 83.7397 -232.333 -148.594
27.6 83.2071 -231.795 -148.588
27.62 80.9462 -229.512 -148.566
27.64 79.5822 -228.175 -148.593
27.66 78.9884 -227.587 -148.599
27.68 78.8685 -227.505 -148.637
27.7 79.4699 -228.123 -148.653
27.72 80.3236 -228.95 -148.626
27.74 80.6843 -229.311 -148.626
27.76 79.6852 -228.273 -148.588
27.78 78.5618 -227.149 -148.587
27.8 79.9317 -228.546 -148.615
27.82 82.4581 -231.095 -148.637
27.84 83.4953 -232.099 -148.604
27.86 83.9496 -232.559 -148.609
27.88 84.9512 -233.572 -148.621
27.9 84.0314 -232.669 -148.637
27.92 79.5714 -228.192 -148.621
27.94 74.5858 -223.205 -148.619
27.96 77.0081 -225.622 -148.614
27.98 84.4486 -233.07 -148.621
28 89.1996 -237.826 -148.626
28.02 90.8266 -239.447 -148.621
28.04 90.3366 -238.979 -148.643
28.06 87.2639 -235.934 -148.67
28.08 81.4102 -230.052 -148.642
28.1 77.2376 -225.89 -148.653
28.12 78.1215 -226.819 -148.697
28.14 79.0611 -227.781 -148.72
28.16 77.8228 -226.537 -148.714
28.18 76.5314 -225.201 -148.67
28.2 77.395 -226.048 -148.653
28.22 81.2459 -229.872 -148.626
28.24 82.3889 -231.043 -148.654
28.26 79.2463 -227.911 -148.664
28.28 74.6538 -223.291 -148.637
28.3 71.9909 -220.632 -148.641
28.32 75.5332 -224.16 -148.626
28.34 78.7321 -227.375 -148.643
28.36 77.545 -226.16 -148.615
28.38 75.5608 -224.186 -148.625
28.4 79.6764 -228.292 -148.615
28.42 83.6998 -232.315 -148.616
28.44 83.4385 -232.059 -148.621
28.46 81.4719 -230.081 -148.609
28.48 81.4044 -229.997 -148.593
28.5 82.7303 -231.356 -148.625
28.52 85.6884 -234.33 -148.642
28.54 89.1118 -237.732 -148.621
28.56 89.4604 -238.059 -148.599
28.58 86.6243 -235.217 -148.593
28.6 84.0602 -232.675 -148.615
28.62 82.1128 -230.717 -148.604
28.64 80.9586 -229.551 -148.592
28.66 82.6211 -231.214 -148.593
28.68 85.1516 -233.728 -148.577
28.7 86.2831 -234.865 -148.582
28.72 86.1002 -234.677 -148.576
28.74 85.5122 -234.056 -148.543
28.76 84.6207 -233.175 -148.555
28.78 82.3469 -230.912 -148.566
28.8 80.2844 -228.828 -148.543
28.82 81.0422 -229.603 -148.56
28.84 80.8914 -229.486 -148.594
28.86 75.0223 -223.622 -148.6
28.88 65.8372 -214.435 -148.598
28.9 65.5493 -214.141 -148.592
28.92 74.0952 -222.679 -148.583
28.94 79.1616 -227.777 -148.615
28.96 80.9471 -229.6 -148.653
28.98 81.0681 -229.727 -148.659
29 78.4428 -227.112 -148.67
29.02 75.5892 -224.22 -148.631
29.04 74.5663 -223.186 -148.62
29.06 75.261 -223.87 -148.609
29.08 76.6748 -225.273 -148.598
29.1 79.428 -228.021 -148.593
29.12 83.9824 -232.592 -148.61
29.14 85.9081 -234.49 -148.582
29.16 83.8441 -232.459 -148.615
29.18 80.6228 -229.21 -148.587
29.2 77.7141 -226.346 -148.632
29.22 74.5556 -223.191 -148.636
29.24 77.7396 -226.382 -148.642
29.26 83.3341 -231.961 -148.627
29.28 85.2809 -233.896 -148.615
29.3 83.7465 -232.345 -148.598
29.32 82.0409 -230.628 -148.587
29.34 83.0286 -231.616 -148.587
29.36 85.4633 -234.035 -148.571
29.38 85.6973 -234.279 -148.582
29.4 83.9135 -232.501 -148.588
29.42 79.5551 -228.143 -148.587
29.44 75.8953 -224.471 -148.576
29.46 76.2218 -224.804 -148.582
29.48 76.6432 -225.22 -148.577
29.5 75.7628 -224.345 -148.582
29.52 75.4111 -223.987 -148.576
29.54 75.6793 -224.267 -148.587
29.56 75.7467 -224.35 -148.604
29.58 75.8277 -224.453 -148.625
29.6 76.6137 -225.212 -148.598
29.62 78.1371 -226.746 -148.609
29.64 79.5436 -228.169 -148.626
29.66 80.0826 -228.719 -148.637
29.68 80.1072 -228.788 -148.681
29.7 79.6013 -228.238 -148.637
29.72 79.0335 -227.626 -148.593
29.74 79.0777 -227.654 -148.576
29.76 80.711 -229.326 -148.615
29.78 82.6401 -231.233 -148.593
29.8 84.9936 -233.559 -148.565
29.82 87.6834 -236.26 -148.576
29.84 88.6954 -237.234 -148.539
29.86 86.1657 -234.726 -148.56
29.88 81.9945 -230.543 -148.549
29.9 78.5919 -227.152 -148.56
29.92 77.1102 -225.681 -148.571
29.94 78.5104 -227.086 -148.576
29.96 83.5425 -232.125 -148.582
29.98 86.8918 -235.491 -148.599
30 84.9823 -233.614 -148.631
30.02 82.1282 -230.776 -148.648
30.04 79.8165 -228.459 -148.642
30.06 78.729 -227.354 -148.625
30.08 80.4468 -229.084 -148.637
30.1 80.421 -229.025 -148.604
30.12 80.8652 -229.469 -148.603
30.14 82.8943 -231.509 -148.615
30.16 84.1021 -232.733 -148.631
30.18 83.4378 -232.08 -148.642
30.2 82.5165 -231.191 -148.675
30.22 81.8486 -230.497 -148.648
30.24 80.002 -228.638 -148.636
30.26 79.5821 -228.203 -148.621
30.28 75.6321 -224.263 -148.631
30.3 71.6869 -220.345 -148.658
30.32 71.1012 -219.737 -148.636
30.34 77.1017 -225.722 -148.62
30.36 84.8338 -233.416 -148.583
30.38 87.832 -236.409 -148.577
30.4 87.9888 -236.532 -148.543
30.42 88.8694 -237.435 -148.565
30.44 88.1932 -236.759 -148.566
30.46 85.2341 -233.788 -148.554
30.48 84.2555 -232.787 -148.532
30.5 86.6834 -235.216 -148.533
30.52 88.3476 -236.842 -148.495
30.54 86.6072 -235.112 -148.505
30.56 85.0074 -233.523 -148.516
30.58 85.6611 -234.2 -148.539
30.6 83.0988 -231.654 -148.555
30.62 78.099 -226.637 -148.538
30.64 73.8028 -222.314 -148.511
30.66 70.8918 -219.407 -148.515
30.68 76.0911 -224.586 -148.495
30.7 82.1004 -230.624 -148.524
30.72 80.9312 -229.453 -148.522
30.74 80.6027 -229.13 -148.528
30.76 81.554 -230.071 -148.516
30.78 83.3745 -231.908 -148.534
30.8 83.3137 -231.858 -148.544
30.82 85.187 -233.714 -148.527
30.84 91.1403 -239.691 -148.551
30.86 91.884 -240.418 -148.534
30.88 88.9747 -237.495 -148.521
30.9 91.0421 -239.581 -148.538
30.92 92.4236 -240.924 -148.501
30.94 89.1472 -237.68 -148.533
30.96 85.1671 -233.732 -148.565
30.98 84.8026 -233.368 -148.565
31 88.0767 -236.658 -148.582
31.02 92.5587 -241.125 -148.566
31.04 93.7209 -242.287 -148.566
31.06 92.3543 -240.914 -148.56
31.08 90.3959 -238.939 -148.544
31.1 87.9715 -236.51 -148.538
31.12 84.8623 -233.411 -148.549
31.14 81.8959 -230.467 -148.571
31.16 79.6619 -228.233 -148.571
31.18 79.7539 -228.33 -148.577
31.2 80.3 -228.883 -148.583
31.22 78.2296 -226.801 -148.571
31.24 77.4889 -226.081 -148.592
31.26 81.3799 -229.973 -148.593
31.28 86.1658 -234.721 -148.555
31.3 88.3705 -236.898 -148.528
31.32 86.5488 -235.065 -148.517
31.34 82.4996 -231.015 -148.516
31.36 81.0164 -229.554 -148.538
31.38 83.0804 -231.63 -148.549
31.4 85.2297 -233.779 -148.549
31.42 86.8167 -235.42 -148.604
31.44 89.2574 -237.889 -148.632
31.46 89.7138 -238.362 -148.648
31.48 87.2189 -235.834 -148.615
31.5 84.5422 -233.151 -148.609
31.52 83.6342 -232.265 -148.631
31.54 83.5164 -232.153 -148.637
31.56 84.4865 -233.151 -148.664
31.58 84.7948 -233.465 -148.67
31.6 81.3588 -230.001 -148.643
31.62 76.825 -225.494 -148.669
31.64 76.6077 -225.293 -148.685
31.66 81.5325 -230.219 -148.687
31.68 84.1408 -232.833 -148.692
31.7 83.3637 -232.039 -148.676
31.72 80.0552 -228.703 -148.648
31.74 77.5425 -226.19 -148.647
31.76 78.1644 -226.819 -148.654
31.78 75.707 -224.338 -148.631
31.8 74.4729 -223.082 -148.609
31.82 75.2639 -223.874 -148.61
31.84 76.0934 -224.703 -148.61
31.86 77.1544 -225.726 -148.571
31.88 78.0977 -226.675 -148.577
31.9 77.784 -226.355 -148.571
31.92 77.0937 -225.686 -148.593
31.94 78.9514 -227.534 -148.582
31.96 80.4306 -228.958 -148.527
31.98 81.8688 -230.412 -148.543
32 84.4882 -233.021 -148.533
32.02 85.2023 -233.741 -148.538
32.04 84.1679 -232.706 -148.538
32.06 83.0728 -231.605 -148.533
32.08 81.9854 -230.512 -148.527
32.1 82.0512 -230.584 -148.532
32.12 84.5235 -233.055 -148.532
32.14 90.2823 -238.821 -148.538
32.16 93.905 -242.455 -148.55
32.18 91.118 -239.657 -148.539
32.2 82.8235 -231.355 -148.532
32.22 79.1342 -227.693 -148.559
32.24 82.0845 -230.656 -148.572
32.26 81.1121 -229.695 -148.583
32.28 76.5325 -225.136 -148.603
32.3 76.4226 -225.037 -148.614
32.32 80.7749 -229.357 -148.582
32.34 82.6781 -231.272 -148.594
32.36 79.7855 -228.384 -148.599
32.38 74.6085 -223.19 -148.582
32.4 71.4578 -220.034 -148.576
32.42 72.3601 -220.898 -148.538
32.44 74.1892 -222.744 -148.555
32.46 77.297 -225.895 -148.598
32.48 81.6461 -230.245 -148.599
32.5 84.4626 -233.045 -148.582
32.52 84.8409 -233.428 -148.588
32.54 83.833 -232.415 -148.582
32.56 82.7789 -231.377 -148.598
32.58 82.1387 -230.726 -148.587
32.6 81.076 -229.663 -148.587
32.62 79.6425 -228.241 -148.598
32.64 79.5241 -228.122 -148.598
32.66 82.3418 -230.94 -148.598
32.68 86.6476 -235.224 -148.577
32.7 88.6961 -237.262 -148.566
32.72 88.3121 -236.91 -148.598
32.74 89.5238 -238.133 -148.61
32.76 89.5569 -238.155 -148.598
32.78 88.0179 -236.567 -148.549
32.8 86.2013 -234.783 -148.582
32.82 82.8609 -231.459 -148.598
32.84 80.3308 -228.934 -148.603
32.86 80.2469 -228.857 -148.61
32.88 77.5272 -226.142 -148.615
32.9 76.6051 -225.246 -148.641
32.92 82.9482 -231.586 -148.637
32.94 88.452 -237.084 -148.632
32.96 88.879 -237.528 -148.649
32.98 84.3575 -232.978 -148.621
33 78.5292 -227.121 -148.592
33.02 78.3147 -226.897 -148.582
33.04 80.3922 -228.969 -148.577
33.06 80.1927 -228.743 -148.55
33.08 76.7906 -225.329 -148.538
33.1 75.8729 -224.416 -148.543
33.12 78.7232 -227.278 -148.555
33.14 81.3092 -229.859 -148.55
33.16 80.9 -229.461 -148.561
33.18 78.735 -227.322 -148.587
33.2 80.6719 -229.243 -148.571
33.22 85.4262 -234.036 -148.61
33.24 87.9916 -236.585 -148.594
33.26 85.794 -234.399 -148.605
33.28 78.7195 -227.313 -148.593
33.3 71.8388 -220.393 -148.554
33.32 69.0782 -217.643 -148.565
33.34 72.0349 -220.6 -148.565
33.36 79.1221 -227.677 -148.555
33.38 85.6274 -234.194 -148.566
33.4 88.9629 -237.496 -148.533
33.42 89.2926 -237.82 -148.528
33.44 87.0068 -235.529 -148.522
33.46 84.338 -232.909 -148.571
33.48 83.805 -232.392 -148.587
33.5 84.2144 -232.835 -148.621
33.52 83.7009 -232.278 -148.577
33.54 82.4966 -231.084 -148.588
33.56 81.5471 -230.14 -148.593
33.58 82.2679 -230.877 -148.609
33.6 84.8315 -233.419 -148.588
33.62 87.321 -235.904 -148.583
33.64 86.801 -235.378 -148.577
33.66 83.135 -231.712 -148.577
33.68 79.4157 -227.986 -148.57
33.7 80.5952 -229.161 -148.565
33.72 84.8136 -233.352 -148.539
33.74 87.4437 -236.01 -148.566
33.76 86.2172 -234.789 -148.572
33.78 83.099 -231.654 -148.555
33.8 82.2654 -230.803 -148.538
33.82 85.9337 -234.494 -148.56
33.84 90.7477 -239.303 -148.555
33.86 91.594 -240.149 -148.555
33.88 88.3635 -236.913 -148.549
33.9 84.5682 -233.123 -148.555
33.92 82.1959 -230.756 -148.56
33.94 80.3589 -228.909 -148.55
33.96 78.8092 -227.353 -148.544
33.98 78.6705 -227.22 -148.55
34 78.2096 -226.797 -148.588
34.02 78.7098 -227.298 -148.588
34.04 79.9953 -228.61 -148.615
34.06 82.3515 -230.939 -148.588
34.08 84.5695 -233.179 -148.61
34.1 86.4988 -235.131 -148.632
34.12 86.0626 -234.684 -148.621
34.14 82.5576 -231.189 -148.632
34.16 80.074 -228.705 -148.631
34.18 80.4104 -229.053 -148.642
34.2 82.7801 -231.406 -148.626
34.22 85.2211 -233.848 -148.627
34.24 83.9001 -232.538 -148.638
34.26 79.3767 -228.019 -148.642
34.28 77.5816 -226.185 -148.604
34.3 80.3772 -228.999 -148.621
34.32 83.3361 -231.957 -148.621
34.34 86.862 -235.489 -148.627
34.36 85.9393 -234.571 -148.632
34.38 82.5457 -231.166 -148.62
34.4 82.068 -230.666 -148.598
34.42 84.9686 -233.551 -148.582
34.44 88.7047 -237.298 -148.594
34.46 89.6167 -238.205 -148.588
34.48 87.3879 -235.965 -148.577
34.5 82.5359 -231.119 -148.583
34.52 74.4395 -223.032 -148.593
34.54 70.9678 -219.544 -148.576
34.56 73.7132 -222.318 -148.604
34.58 78.0917 -226.718 -148.626
34.6 81.8757 -230.491 -148.615
34.62 84.768 -233.367 -148.599
34.64 86.9647 -235.537 -148.572
34.66 86.0988 -234.682 -148.583
34.68 81.4265 -230.02 -148.594
34.7 75.3786 -223.972 -148.593
34.72 73.5518 -222.155 -148.603
34.74 77.9574 -226.557 -148.6
34.76 80.1248 -228.741 -148.616
34.78 78.8252 -227.44 -148.615
34.8 78.889 -227.498 -148.609
34.82 81.6739 -230.3 -148.627
34.84 82.3252 -230.947 -148.622
34.86 78.6367 -227.263 -148.626
34.88 76.4322 -225.036 -148.604
34.9 78.1433 -226.759 -148.615
34.92 80.9543 -229.515 -148.56
34.94 83.8225 -232.394 -148.571
34.96 86.7232 -235.289 -148.566
34.98 88.5454 -237.111 -148.566
35 88.1208 -236.698 -148.577
35.02 86.1639 -234.751 -148.588
35.04 83.9587 -232.568 -148.61
35.06 81.8606 -230.464 -148.604
35.08 82.2292 -230.822 -148.593
35.1 84.4407 -233.023 -148.582
35.12 86.1373 -234.703 -148.566
35.14 85.4042 -233.993 -148.588
35.16 80.5111 -229.05 -148.539
35.18 72.8211 -221.392 -148.571
35.2 69.0729 -217.648 -148.576
35.22 74.139 -222.71 -148.571
35.24 81.4401 -229.985 -148.545
35.26 85.0264 -233.56 -148.534
35.28 83.7598 -232.304 -148.544
35.3 80.4174 -228.972 -148.555
35.32 77.9539 -226.519 -148.565
35.34 78.1875 -226.775 -148.588
35.36 79.7258 -228.281 -148.555
35.38 80.6963 -229.235 -148.538
35.4 81.256 -229.767 -148.511
35.42 80.4615 -228.989 -148.527
35.44 80.3455 -228.895 -148.549
35.46 80.3735 -228.923 -148.549
35.48 80.3213 -228.876 -148.555
35.5 79.4206 -228.019 -148.599
35.52 78.1007 -226.699 -148.599
35.54 77.0997 -225.687 -148.587
35.56 78.7562 -227.344 -148.587
35.58 82.1987 -230.825 -148.626
35.6 83.051 -231.672 -148.621
35.62 79.1826 -227.809 -148.626
35.64 76.6882 -225.335 -148.647
35.66 80.4752 -229.102 -148.626
35.68 82.7984 -231.425 -148.627
35.7 80.4275 -229.048 -148.62
35.72 77.757 -226.349 -148.592
35.74 78.5869 -227.179 -148.592
35.76 83.5686 -232.129 -148.56
35.78 86.5063 -235.105 -148.599
35.8 84.6326 -233.247 -148.615
35.82 81.345 -229.96 -148.615
35.84 77.3661 -225.992 -148.626
35.86 74.3289 -222.954 -148.625
35.88 75.6355 -224.267 -148.632
35.9 76.889 -225.526 -148.637
35.92 77.1514 -225.793 -148.642
35.94 78.7415 -227.389 -148.647
35.96 82.5071 -231.154 -148.647
35.98 87.5126 -236.161 -148.648
36 89.3593 -238.019 -148.659
36.02 86.248 -234.94 -148.692
36.04 82.3091 -231.012 -148.703
36.06 78.9244 -227.627 -148.702
36.08 76.8086 -225.462 -148.654
36.1 73.1863 -221.851 -148.664
36.12 70.8797 -219.57 -148.691
36.14 74.634 -223.353 -148.719
36.16 78.5924 -227.307 -148.714
36.18 78.5068 -227.226 -148.719
36.2 78.0086 -226.706 -148.698
36.22 75.9131 -224.61 -148.697
36.24 75.2342 -223.925 -148.691
36.26 78.3023 -226.978 -148.675
36.28 81.5105 -230.197 -148.686
36.3 84.4155 -233.08 -148.665
36.32 84.5105 -233.142 -148.631
36.34 83.5605 -232.187 -148.626
36.36 81.7449 -230.365 -148.621
36.38 79.7359 -228.317 -148.581
36.4 80.4685 -229.051 -148.582
36.42 80.7928 -229.359 -148.566
36.44 79.032 -227.576 -148.544
36.46 76.0834 -224.654 -148.571
36.48 75.8523 -224.395 -148.543
36.5 79.438 -227.993 -148.555
36.52 81.9396 -230.495 -148.555
36.54 82.0776 -230.627 -148.549
36.56 80.7174 -229.272 -148.555
36.58 79.3424 -227.902 -148.56
36.6 80.0605 -228.631 -148.571
36.62 81.4617 -230.039 -148.577
36.64 79.5633 -228.146 -148.583
36.66 75.6358 -224.239 -148.604
36.68 74.3301 -222.929 -148.599
36.7 74.4108 -223.004 -148.593
36.72 74.9416 -223.568 -148.626
36.74 75.0345 -223.633 -148.599
36.76 75.0454 -223.633 -148.587
36.78 75.7816 -224.341 -148.56
36.8 77.7212 -226.308 -148.587
36.82 80.703 -229.307 -148.604
36.84 82.8461 -231.478 -148.632
36.86 82.6563 -231.299 -148.642
36.88 80.5715 -229.214 -148.642
36.9 78.1862 -226.839 -148.653
36.92 77.1977 -225.823 -148.626
36.94 76.7606 -225.392 -148.631
36.96 78.4455 -227.077 -148.631
36.98 81.7651 -230.392 -148.627
37 81.9675 -230.588 -148.621
37.02 80.3036 -228.918 -148.615
37.04 78.83 -227.483 -148.653
37.06 78.0573 -226.677 -148.62
37.08 78.7919 -227.418 -148.626
37.1 80.6557 -229.276 -148.621
37.12 80.9199 -229.53 -148.61
37.14 78.0792 -226.683 -148.604
37.16 75.3981 -223.991 -148.593
37.18 75.3461 -223.955 -148.609
37.2 76.4237 -225.039 -148.615
37.22 77.8707 -226.486 -148.615
37.24 77.9921 -226.596 -148.604
37.26 79.079 -227.677 -148.598
37.28 82.3028 -230.874 -148.571
37.3 85.1973 -233.763 -148.566
37.32 85.3862 -233.963 -148.577
37.34 85.2463 -233.823 -148.577
37.36 85.9778 -234.533 -148.555
37.38 85.9543 -234.509 -148.555
37.4 86.1366 -234.697 -148.56
37.42 86.0329 -234.582 -148.549
37.44 85.4429 -233.96 -148.517
37.46 82.5374 -231.092 -148.554
37.48 80.1069 -228.666 -148.559
37.5 81.256 -229.843 -148.587
37.52 81.9134 -230.468 -148.555
37.54 79.8957 -228.461 -148.565
37.56 79.0685 -227.601 -148.532
37.58 81.2072 -229.74 -148.533
37.6 82.6498 -231.194 -148.544
37.62 80.8297 -229.346 -148.517
37.64 77.1356 -225.646 -148.51
37.66 76.2948 -224.822 -148.527
37.68 78.786 -227.33 -148.544
37.7 80.558 -229.113 -148.555
37.72 79.6643 -228.225 -148.561
37.74 77.3713 -225.936 -148.565
37.76 78.8929 -227.452 -148.559
37.78 85.1988 -233.776 -148.578
37.8 86.8298 -235.369 -148.539
37.82 81.4279 -229.988 -148.56
37.84 75.5007 -224.022 -148.521
37.86 75.2062 -223.722 -148.516
37.88 78.6822 -227.215 -148.532
37.9 84.6784 -233.228 -148.549
37.92 89.5532 -238.147 -148.594
37.94 87.5142 -236.108 -148.594
37.96 80.9513 -229.527 -148.576
37.98 78.6768 -227.236 -148.559
38 80.9226 -229.494 -148.572
38.02 80.2618 -228.883 -148.621
38.04 75.9432 -224.547 -148.604
38.06 72.0162 -220.625 -148.609
38.08 74.8623 -223.444 -148.582
38.1 81.3983 -229.981 -148.583
38.12 82.6229 -231.194 -148.572
38.14 79.7247 -228.312 -148.588
38.16 75.7772 -224.354 -148.577
38.18 72.205 -220.776 -148.571
38.2 71.0445 -219.653 -148.609
38.22 73.9129 -222.545 -148.632
38.24 76.8168 -225.41 -148.593
38.26 78.7493 -227.326 -148.577
38.28 81.0405 -229.601 -148.56
38.3 83.3425 -231.859 -148.517
38.32 84.0495 -232.588 -148.538
38.34 83.9419 -232.475 -148.533
38.36 83.7193 -232.241 -148.522
38.38 82.8486 -231.365 -148.516
38.4 81.0355 -229.541 -148.505
38.42 79.974 -228.446 -148.472
38.44 80.0709 -228.565 -148.494
38.46 81.1981 -229.725 -148.527
38.48 82.2315 -230.742 -148.511
38.5 82.0277 -230.544 -148.516
38.52 80.7256 -229.242 -148.516
38.54 79.3534 -227.864 -148.511
38.56 78.6419 -227.142 -148.5
38.58 79.1893 -227.667 -148.478
38.6 79.6495 -228.161 -148.511
38.62 79.0975 -227.564 -148.467
38.64 79.1726 -227.634 -148.461
38.66 79.6405 -228.091 -148.451
38.68 79.1527 -227.614 -148.462
38.7 77.8676 -226.335 -148.468
38.72 75.1446 -223.617 -148.472
38.74 75.0718 -223.555 -148.483
38.76 79.7471 -228.231 -148.484
38.78 84.6366 -233.159 -148.523
38.8 86.4338 -234.944 -148.511
38.82 89.54 -238.046 -148.506
38.84 90.6854 -239.181 -148.495
38.86 86.7507 -235.246 -148.495
38.88 80.1124 -228.602 -148.489
38.9 73.7658 -222.276 -148.51
38.92 75.7948 -224.317 -148.522
38.94 82.8054 -231.361 -148.556
38.96 87.3761 -235.926 -148.55
38.98 89.4816 -238.042 -148.561
39 88.9306 -237.502 -148.571
39.02 87.4514 -235.99 -148.538
39.04 87.1241 -235.695 -148.571
39.06 86.5739 -235.14 -148.566
39.08 85.8935 -234.432 -148.538
39.1 87.4822 -236.02 -148.538
39.12 89.9167 -238.461 -148.544
39.14 90.5701 -239.153 -148.582
39.16 89.382 -237.948 -148.566
39.18 87.6962 -236.251 -148.555
39.2 83.8337 -232.372 -148.539
39.22 78.8569 -227.4 -148.543
39.24 78.1811 -226.746 -148.565
39.26 81.6934 -230.243 -148.55
39.28 83.1544 -231.704 -148.55
39.3 81.0145 -229.559 -148.544
39.32 76.474 -225.018 -148.544
39.34 72.6215 -221.143 -148.521
39.36 75.479 -223.951 -148.472
39.38 82.9573 -231.437 -148.479
39.4 84.8942 -233.373 -148.479
39.42 83.8696 -232.336 -148.466
39.44 85.191 -233.669 -148.478
39.46 84.5845 -233.09 -148.506
39.48 81.0375 -229.543 -148.505
39.5 78.2625 -226.8 -148.538
39.52 78.7914 -227.357 -148.565
39.54 82.9262 -231.476 -148.55
39.56 84.8636 -233.424 -148.561
39.58 84.0633 -232.624 -148.561
39.6 80.616 -229.198 -148.582
39.62 76.8165 -225.37 -148.554
39.64 77.9283 -226.494 -148.566
39.66 79.8176 -228.395 -148.577
39.68 79.335 -227.895 -148.56
39.7 78.6539 -227.242 -148.588
39.72 76.6059 -225.215 -148.61
39.74 75.2471 -223.829 -148.582
39.76 77.188 -225.754 -148.566
39.78 81.2262 -229.765 -148.538
39.8 84.7199 -233.286 -148.566
39.82 85.8139 -234.358 -148.544
39.84 83.5295 -232.079 -148.55
39.86 78.7753 -227.308 -148.533
39.88 75.4517 -223.989 -148.537
39.9 77.9137 -226.457 -148.544
39.92 81.864 -230.42 -148.556
39.94 81.0549 -229.571 -148.516
39.96 79.786 -228.335 -148.549
39.98 80.5695 -229.119 -148.549
40 81.4354 -229.995 -148.56
40.02 83.1822 -231.737 -148.554
40.04 85.1141 -233.658 -148.544
40.06 86.7972 -235.346 -148.549
40.08 88.1158 -236.649 -148.533
40.1 85.7399 -234.279 -148.539
40.12 80.215 -228.758 -148.543
40.14 76.6813 -225.219 -148.538
40.16 77.3673 -225.911 -148.543
40.18 80.9728 -229.5 -148.527
40.2 84.2885 -232.854 -148.566
40.22 85.6054 -234.16 -148.555
40.24 85.0334 -233.561 -148.528
40.26 81.6378 -230.22 -148.582
40.28 76.2927 -224.891 -148.598
40.3 74.6587 -223.262 -148.603
40.32 79.1488 -227.742 -148.593
40.34 84.8525 -233.462 -148.61
40.36 87.8005 -236.383 -148.583
40.38 87.0328 -235.615 -148.582
40.4 83.5902 -232.217 -148.627
40.42 77.0063 -225.638 -148.632
40.44 71.6425 -220.267 -148.625
40.46 74.7602 -223.408 -148.648
40.48 80.681 -229.307 -148.627
40.5 83.6467 -232.312 -148.665
40.52 83.5392 -232.17 -148.631
40.54 84.3096 -232.93 -148.621
40.56 82.7869 -231.397 -148.61
40.58 78.0639 -226.674 -148.61
40.6 71.5192 -220.134 -148.614
40.62 69.8357 -218.438 -148.603
40.64 75.8201 -224.441 -148.621
40.66 79.0556 -227.682 -148.626
40.68 79.2007 -227.843 -148.643
40.7 78.4627 -227.105 -148.642
40.72 79.0276 -227.675 -148.647
40.74 81.058 -229.701 -148.643
40.76 81.1139 -229.74 -148.626
40.78 80.4698 -229.079 -148.61
40.8 78.625 -227.251 -148.626
40.82 76.5886 -225.22 -148.631
40.84 76.6095 -225.224 -148.614
40.86 79.3604 -227.98 -148.62
40.88 83.1638 -231.729 -148.566
40.9 85.6928 -234.248 -148.555
40.92 86.104 -234.669 -148.565
40.94 85.8021 -234.389 -148.587
40.96 85.9332 -234.532 -148.599
40.98 83.6585 -232.296 -148.638
41 77.3182 -225.932 -148.614
41.02 75.7469 -224.351 -148.604
41.04 77.5767 -226.197 -148.621
41.06 79.3438 -227.981 -148.637
41.08 81.1347 -229.767 -148.632
41.1 80.032 -228.647 -148.615
41.12 76.7422 -225.368 -148.625
41.14 76.6267 -225.268 -148.642
41.16 80.1668 -228.793 -148.626
41.18 81.4658 -230.076 -148.61
41.2 78.876 -227.486 -148.61
41.22 75.2357 -223.844 -148.609
41.24 77.0757 -225.691 -148.615
41.26 79.9197 -228.557 -148.638
41.28 78.7373 -227.412 -148.675
41.3 78.3404 -227.048 -148.708
41.32 79.3493 -228.019 -148.67
41.34 78.3604 -227.025 -148.664
41.36 76.9858 -225.66 -148.675
41.38 78.3667 -227.042 -148.675
41.4 80.6681 -229.344 -148.676
41.42 79.5965 -228.272 -148.675
41.44 76.917 -225.581 -148.664
41.46 74.7517 -223.432 -148.681
41.48 73.4211 -222.096 -148.675
41.5 75.6155 -224.28 -148.664
41.52 78.0983 -226.736 -148.637
41.54 78.4179 -227.027 -148.609
41.56 78.9498 -227.559 -148.61
41.58 78.2994 -226.898 -148.599
41.6 77.903 -226.512 -148.609
41.62 81.5423 -230.152 -148.61
41.64 83.8564 -232.477 -148.621
41.66 83.1821 -231.786 -148.604
41.68 82.9879 -231.608 -148.62
41.7 83.6882 -232.32 -148.632
41.72 82.8219 -231.431 -148.61
41.74 81.6101 -230.198 -148.588
41.76 81.2369 -229.819 -148.583
41.78 78.9984 -227.587 -148.588
41.8 73.3246 -221.901 -148.576
41.82 69.6988 -218.308 -148.609
41.84 69.7487 -218.347 -148.598
41.86 72.6816 -221.308 -148.626
41.88 75.6324 -224.242 -148.61
41.9 76.7518 -225.361 -148.61
41.92 78.3098 -226.908 -148.599
41.94 80.0562 -228.661 -148.605
41.96 78.8474 -227.424 -148.577
41.98 76.9404 -225.505 -148.565
42 77.8938 -226.465 -148.571
42.02 79.0918 -227.684 -148.593
42.04 81.2037 -229.797 -148.593
42.06 81.8656 -230.42 -148.555
42.08 80.9628 -229.522 -148.56
42.1 80.7647 -229.298 -148.533
42.12 79.3235 -227.867 -148.544
42.14 77.2888 -225.871 -148.582
42.16 78.6777 -227.249 -148.571
42.18 81.683 -230.251 -148.568
42.2 76.4665 -225.027 -148.561
42.22 69.8181 -218.362 -148.544
42.24 68.725 -217.307 -148.582
42.26 74.2179 -222.789 -148.571
42.28 81.0608 -229.643 -148.582
42.3 87.0374 -235.609 -148.572
42.32 89.8652 -238.404 -148.539
42.34 89.4247 -237.957 -148.532
42.36 89.1623 -237.678 -148.516
42.38 89.7083 -238.263 -148.555
42.4 88.6422 -237.18 -148.538
42.42 85.8324 -234.376 -148.544
42.44 83.8447 -232.354 -148.509
42.46 88.4321 -236.97 -148.538
42.48 93.3191 -241.858 -148.539
42.5 93.6073 -242.14 -148.533
42.52 89.8093 -238.348 -148.538
42.54 84.415 -232.942 -148.527
42.56 81.4901 -230.039 -148.549
42.58 79.9939 -228.533 -148.539
42.6 77.5612 -226.121 -148.56
42.62 78.8548 -227.414 -148.56
42.64 83.2121 -231.762 -148.55
42.66 85.079 -233.634 -148.555
42.68 83.9222 -232.482 -148.56
42.7 82.4935 -231.054 -148.56
42.72 80.5862 -229.114 -148.527
42.74 78.2822 -226.831 -148.549
42.76 78.9099 -227.453 -148.543
42.78 81.7387 -230.299 -148.56
42.8 82.3132 -230.835 -148.522
42.82 80.41 -228.948 -148.538
42.84 79.6372 -228.153 -148.516
42.86 82.0479 -230.559 -148.511
42.88 85.1724 -233.7 -148.528
42.9 84.6299 -233.201 -148.571
42.92 81.8943 -230.481 -148.587
42.94 81.3104 -229.881 -148.571
42.96 82.0763 -230.653 -148.577
42.98 80.3161 -228.904 -148.588
43 77.161 -225.748 -148.587
43.02 77.3086 -225.94 -148.631
43.04 79.6887 -228.315 -148.626
43.06 80.9883 -229.625 -148.637
43.08 82.5505 -231.165 -148.615
43.1 84.6173 -233.21 -148.593
43.12 85.0003 -233.588 -148.588
43.14 82.7442 -231.342 -148.598
43.16 80.3505 -228.948 -148.598
43.18 81.1694 -229.778 -148.609
43.2 84.9096 -233.552 -148.642
43.22 88.6732 -237.294 -148.62
43.24 90.9763 -239.569 -148.593
43.26 91.8266 -240.441 -148.615
43.28 91.9985 -240.602 -148.604
43.3 90.3271 -238.909 -148.582
43.32 85.8159 -234.387 -148.571
43.34 81.1134 -229.69 -148.576
43.36 77.4337 -226.043 -148.609
43.38 75.0433 -223.647 -148.604
43.4 75.8153 -224.414 -148.598
43.42 78.7845 -227.4 -148.615
43.44 81.4429 -230.091 -148.648
43.46 83.3079 -231.956 -148.648
43.48 85.4271 -234.086 -148.659
43.5 84.8188 -233.445 -148.626
43.52 82.7204 -231.336 -148.615
43.54 79.7676 -228.394 -148.626
43.56 77.1297 -225.755 -148.625
43.58 79.0031 -227.607 -148.604
43.6 81.6321 -230.208 -148.576
43.62 84.1139 -232.696 -148.582
43.64 84.7741 -233.356 -148.582
43.66 83.6415 -232.251 -148.609
43.68 82.0606 -230.642 -148.582
43.7 82.1308 -230.735 -148.604
43.72 82.1748 -230.795 -148.621
43.74 80.2466 -228.889 -148.643
43.76 76.4407 -225.11 -148.669
43.78 73.5019 -222.183 -148.681
43.8 70.7785 -219.475 -148.697
43.82 70.4609 -219.152 -148.691
43.84 73.1961 -221.877 -148.681
43.86 77.4165 -226.102 -148.686
43.88 82.7465 -231.444 -148.697
43.9 86.6236 -235.31 -148.687
43.92 86.9895 -235.643 -148.654
43.94 82.7886 -231.458 -148.67
43.96 79.6167 -228.264 -148.647
43.98 81.7417 -230.362 -148.62
44 84.7578 -233.384 -148.626
44.02 85.9642 -234.563 -148.598
44.04 85.1961 -233.778 -148.582
44.06 81.857 -230.444 -148.587
44.08 81.2413 -229.795 -148.554
44.1 84.5897 -233.139 -148.549
44.12 86.9229 -235.439 -148.517
44.14 86.6797 -235.228 -148.548
44.16 87.8055 -236.349 -148.543
44.18 88.6543 -237.203 -148.549
44.2 87.6563 -236.227 -148.571
44.22 84.7691 -233.34 -148.571
44.24 81.1732 -229.749 -148.576
44.26 79.7055 -228.265 -148.56
44.28 79.5491 -228.104 -148.555
44.3 77.0333 -225.571 -148.538
44.32 76.9952 -225.538 -148.542
44.34 83.7897 -232.35 -148.56
44.36 90.5148 -239.076 -148.561
44.38 89.9996 -238.55 -148.55
44.4 82.9608 -231.537 -148.577
44.42 76.5438 -225.086 -148.542
44.44 77.8626 -226.395 -148.532
44.46 82.6775 -231.2 -148.522
44.48 84.8596 -233.387 -148.527
44.5 84.5769 -233.109 -148.532
44.52 84.2143 -232.757 -148.543
44.54 84.7695 -233.335 -148.565
44.56 84.3276 -232.904 -148.577
44.58 82.1215 -230.698 -148.576
44.6 80.8808 -229.44 -148.56
44.62 81.0454 -229.611 -148.566
44.64 79.5504 -228.094 -148.544
44.66 78.5303 -227.095 -148.565
44.68 81.1306 -229.713 -148.582
44.7 83.5975 -232.147 -148.549
44.72 84.2573 -232.823 -148.565
44.74 84.1589 -232.719 -148.56
44.76 83.0967 -231.635 -148.538
44.78 82.1142 -230.646 -148.532
44.8 84.7278 -233.244 -148.516
44.82 87.8274 -236.333 -148.506
44.84 85.9722 -234.505 -148.533
44.86 81.9829 -230.543 -148.56
44.88 80.0846 -228.71 -148.626
44.9 80.0701 -228.685 -148.615
44.92 82.5729 -231.188 -148.615
44.94 85.1067 -233.711 -148.605
44.96 84.7876 -233.37 -148.582
44.98 84.0097 -232.586 -148.577
45 83.3523 -231.918 -148.566
45.02 82.6239 -231.195 -148.571
45.04 81.6285 -230.183 -148.555
45.06 80.4639 -229.002 -148.538
45.08 80.7541 -229.281 -148.527
45.1 83.2562 -231.838 -148.582
45.12 85.9931 -234.581 -148.588
45.14 85.7858 -234.357 -148.571
45.16 82.6219 -231.226 -148.604
45.18 77.707 -226.294 -148.587
45.2 74.7037 -223.313 -148.609
45.22 75.259 -223.868 -148.609
45.24 78.8981 -227.491 -148.593
45.26 81.9759 -230.558 -148.582
45.28 83.4906 -232.051 -148.56
45.3 83.6408 -232.19 -148.55
45.32 80.3706 -228.871 -148.501
45.34 73.8772 -222.36 -148.483
45.36 70.7472 -219.235 -148.488
45.38 74.4477 -222.931 -148.484
45.4 79.0754 -227.57 -148.495
45.42 81.5261 -230.048 -148.522
45.44 82.2851 -230.84 -148.555
45.46 81.1199 -229.675 -148.555
45.48 79.6757 -228.203 -148.527
45.5 78.6045 -227.115 -148.511
45.52 78.5223 -227.055 -148.532
45.54 81.0588 -229.591 -148.532
45.56 84.8646 -233.403 -148.538
45.58 87.3904 -235.945 -148.555
45.6 88.3545 -236.926 -148.571
45.62 88.2132 -236.828 -148.615
45.64 87.5921 -236.212 -148.62
45.66 87.3911 -236.028 -148.637
45.68 86.4186 -235.083 -148.664
45.7 83.8941 -232.531 -148.637
45.72 79.4104 -228.047 -148.637
45.74 74.2037 -222.84 -148.636
45.76 72.6424 -221.273 -148.631
45.78 76.0527 -224.668 -148.615
45.8 79.3201 -227.963 -148.642
45.82 81.3787 -230.01 -148.631
45.84 83.0785 -231.732 -148.653
45.86 83.4629 -232.127 -148.664
45.88 82.2174 -230.871 -148.653
45.9 80.4732 -229.109 -148.636
45.92 80.5361 -229.178 -148.642
45.94 81.4984 -230.119 -148.62
45.96 80.7623 -229.367 -148.604
45.98 77.2637 -225.84 -148.576
46 75.8935 -224.469 -148.576
46.02 79.5153 -228.097 -148.582
46.04 84.2197 -232.824 -148.604
46.06 87.2828 -235.876 -148.594
46.08 85.5323 -234.099 -148.566
46.1 80.014 -228.584 -148.57
46.12 78.031 -226.59 -148.559
46.14 80.5431 -229.076 -148.533
46.16 81.9256 -230.448 -148.522
46.18 81.8927 -230.409 -148.516
46.2 82.0159 -230.504 -148.488
46.22 84.1278 -232.627 -148.499
46.24 87.6519 -236.19 -148.538
46.26 88.6624 -237.223 -148.561
46.28 84.9134 -233.485 -148.572
46.3 76.97 -225.59 -148.62
46.32 73.7788 -222.37 -148.592
46.34 79.2685 -227.851 -148.582
46.36 83.6867 -232.292 -148.605
46.38 82.5045 -231.114 -148.609
46.4 80.4578 -229.138 -148.68
46.42 80.3182 -229.015 -148.697
46.44 79.9043 -228.596 -148.692
46.46 78.4025 -227.083 -148.68
46.48 77.7108 -226.38 -148.669
46.5 77.6242 -226.289 -148.665
46.52 75.431 -224.084 -148.653
46.54 73.2217 -221.858 -148.637
46.56 72.1469 -220.74 -148.593
46.58 71.7279 -220.283 -148.555
46.6 72.0308 -220.601 -148.571
46.62 75.4944 -224.076 -148.582
46.64 81.4541 -230.042 -148.588
46.66 86.1361 -234.729 -148.593
46.68 86.4228 -234.983 -148.56
46.7 83.5735 -232.112 -148.538
46.72 79.6634 -228.196 -148.532
46.74 77.4293 -225.972 -148.542
46.76 81.3609 -229.904 -148.543
46.78 86.545 -235.073 -148.528
46.8 88.0467 -236.574 -148.527
46.82 88.3879 -236.904 -148.516
46.84 87.8269 -236.344 -148.517
46.86 84.3535 -232.886 -148.532
46.88 82.7925 -231.292 -148.499
46.9 83.7235 -232.213 -148.49
46.92 79.8813 -228.387 -148.506
46.94 74.4402 -222.961 -148.521
46.96 76.8789 -225.378 -148.499
46.98 83.134 -231.629 -148.495
47 84.4535 -232.981 -148.528
47.02 82.4038 -230.975 -148.571
47.04 80.0087 -228.525 -148.516
47.06 79.3888 -227.926 -148.538
47.08 81.7427 -230.292 -148.549
47.1 83.7574 -232.328 -148.571
47.12 84.606 -233.166 -148.56
47.14 85.6167 -234.209 -148.593
47.16 86.7796 -235.378 -148.599
47.18 85.3846 -234.016 -148.632
47.2 81.2867 -229.928 -148.642
47.22 81.2981 -229.918 -148.62
47.24 85.2421 -233.846 -148.604
47.26 87.6946 -236.282 -148.588
47.28 88.277 -236.859 -148.582
47.3 86.1191 -234.707 -148.588
47.32 82.1415 -230.744 -148.603
47.34 83.0314 -231.603 -148.571
47.36 83.255 -231.876 -148.621
47.38 81.1082 -229.75 -148.642
47.4 79.4638 -228.084 -148.62
47.42 80.2635 -228.911 -148.647
47.44 83.7793 -232.394 -148.615
47.46 87.4145 -236.052 -148.637
47.48 87.4031 -236.04 -148.637
47.5 83.5378 -232.175 -148.637
47.52 79.6753 -228.317 -148.642
47.54 78.3009 -226.922 -148.621
47.56 76.4203 -225.024 -148.604
47.58 74.05 -222.687 -148.637
47.6 72.449 -221.063 -148.614
47.62 73.9161 -222.52 -148.604
47.64 75.7705 -224.336 -148.565
47.66 79.1801 -227.74 -148.56
47.68 82.0147 -230.592 -148.577
47.7 80.9869 -229.591 -148.604
47.72 77.8561 -226.459 -148.603
47.74 80.0629 -228.655 -148.593
47.76 84.9228 -233.532 -148.609
47.78 88.2769 -236.887 -148.61
47.8 85.5939 -234.204 -148.61
47.82 79.069 -227.689 -148.62
47.84 75.6549 -224.269 -148.614
47.86 78.2497 -226.881 -148.632
47.88 80.2006 -228.821 -148.621
47.9 79.1615 -227.776 -148.614
47.92 80.3293 -228.932 -148.603
47.94 85.7223 -234.299 -148.577
47.96 89.591 -238.173 -148.582
47.98 89.457 -238.055 -148.598
48 88.4977 -237.096 -148.598
48.02 87.7582 -236.34 -148.582
48.04 86.5781 -235.16 -148.581
48.06 85.8899 -234.444 -148.554
48.08 84.6702 -233.23 -148.56
48.1 83.5131 -232.072 -148.559
48.12 84.9749 -233.546 -148.571
48.14 85.5484 -234.125 -148.577
48.16 83.3087 -231.868 -148.559
48.18 83.9442 -232.498 -148.554
48.2 87.2258 -235.775 -148.549
48.22 88.6627 -237.195 -148.533
48.24 88.2409 -236.778 -148.537
48.26 88.544 -237.109 -148.565
48.28 88.1931 -236.764 -148.571
48.3 86.0661 -234.62 -148.554
48.32 84.1824 -232.747 -148.565
48.34 83.5599 -232.125 -148.565
48.36 84.1183 -232.656 -148.538
48.38 85.44 -233.945 -148.505
48.4 85.9093 -234.469 -148.56
48.42 84.5657 -233.126 -148.56
48.44 81.1312 -229.707 -148.576
48.46 78.213 -226.75 -148.537
48.48 79.576 -228.087 -148.511
48.5 81.5866 -230.114 -148.527
48.52 81.5562 -230.111 -148.555
48.54 79.6645 -228.186 -148.522
48.56 76.6765 -225.175 -148.499
48.58 77.5512 -226.056 -148.505
48.6 81.2564 -229.773 -148.516
48.62 83.8542 -232.403 -148.549
48.64 84.1746 -232.746 -148.571
48.66 82.74 -231.333 -148.593
48.68 81.6845 -230.288 -148.603
48.7 81.4819 -230.113 -148.631
48.72 81.6916 -230.328 -148.637
48.74 81.1302 -229.745 -148.615
48.76 78.6045 -227.257 -148.653
48.78 78.7919 -227.438 -148.647
48.8 84.804 -233.464 -148.66
48.82 86.787 -235.424 -148.637
48.84 87.9009 -236.532 -148.631
48.86 88.3304 -236.974 -148.644
48.88 82.3637 -230.978 -148.614
48.9 79.9173 -228.537 -148.62
48.92 82.1572 -230.778 -148.621
48.94 83.1003 -231.72 -148.62
48.96 83.9601 -232.558 -148.598
48.98 84.1617 -232.755 -148.593
49 81.939 -230.548 -148.609
49.02 79.8627 -228.482 -148.62
49.04 79.7498 -228.348 -148.599
49.06 78.1437 -226.77 -148.626
49.08 75.2548 -223.902 -148.647
49.1 73.5201 -222.113 -148.593
49.12 72.6698 -221.273 -148.603
49.14 74.9553 -223.531 -148.576
49.16 80.5303 -229.118 -148.587
49.18 85.7347 -234.29 -148.555
49.2 87.2555 -235.811 -148.555
49.22 83.0251 -231.574 -148.549
49.24 78.3055 -226.831 -148.526
49.26 80.1168 -228.643 -148.527
49.28 84.3312 -232.881 -148.549
49.3 85.8282 -234.36 -148.532
49.32 88.3676 -236.9 -148.532
49.34 91.3072 -239.807 -148.5
49.36 90.9827 -239.482 -148.5
49.38 87.4773 -235.993 -148.516
49.4 84.3518 -232.905 -148.553
49.42 84.7131 -233.289 -148.576
49.44 85.4632 -234.051 -148.588
49.46 82.0135 -230.623 -148.609
49.48 75.9231 -224.548 -148.625
49.5 73.1706 -221.828 -148.657
49.52 76.5909 -225.276 -148.686
49.54 82.1529 -230.861 -148.708
49.56 85.5199 -234.223 -148.703
49.58 84.3998 -233.075 -148.675
49.6 80.3615 -229.036 -148.674
49.62 80.0633 -228.71 -148.647
49.64 83.2867 -231.924 -148.637
49.66 84.2846 -232.927 -148.642
49.68 83.0654 -231.691 -148.625
49.7 80.6046 -229.252 -148.647
49.72 77.2449 -225.897 -148.652
49.74 75.824 -224.46 -148.636
49.76 77.8603 -226.48 -148.62
49.78 81.6356 -230.25 -148.614
49.8 85.2282 -233.843 -148.615
49.82 86.9825 -235.591 -148.609
49.84 87.1083 -235.711 -148.603
49.86 86.739 -235.359 -148.62
49.88 85.5698 -234.157 -148.587
49.9 84.3446 -232.942 -148.597
49.92 85.3009 -233.899 -148.598
49.94 86.2465 -234.888 -148.642
49.96 85.9328 -234.563 -148.631
49.98 84.1255 -232.718 -148.593
50 79.4613 -228.059 -148.597
