0.897458 0 0 0
0 0.518148 0 0
0 1.55444 0 0
0.897458 2.07259 0 0
0.897458 3.10889 0 0
0 3.62703 0 0
0 4.66333 0 0
0.897458 5.18148 0 0
0.897458 6.21777 0 0
0 6.73592 0 0
0 7.77221 0 0
0.897458 8.29036 0 0
0.897458 9.32666 0 0
0 9.8448 0 0
0 10.8811 0 0
0.897458 11.3992 0 0
2.69237 0 0 0
1.79492 0.518148 0 0
1.79492 1.55444 0 0
2.69237 2.07259 0 0
2.69237 3.10889 0 0
1.79492 3.62703 0 0
1.79492 4.66333 0 0
2.69237 5.18148 0 0
2.69237 6.21777 0 0
1.79492 6.73592 0 0
1.79492 7.77221 0 0
2.69237 8.29036 0 0
2.69237 9.32666 0 0
1.79492 9.8448 0 0
1.79492 10.8811 0 0
2.69237 11.3992 0 0
4.48729 0 0 0
3.58983 0.518148 0 0
3.58983 1.55444 0 0
4.48729 2.07259 0 0
4.48729 3.10889 0 0
3.58983 3.62703 0 0
3.58983 4.66333 0 0
4.48729 5.18148 0 0
4.48729 6.21777 0 0
3.58983 6.73592 0 0
3.58983 7.77221 0 0
4.48729 8.29036 0 0
4.48729 9.32666 0 0
3.58983 9.8448 0 0
3.58983 10.8811 0 0
4.48729 11.3992 0 0
6.28221 0 0 0
5.38475 0.518148 0 0
5.38475 1.55444 0 0
6.28221 2.07259 0 0
6.28221 3.10889 0 0
5.38475 3.62703 0 0
5.38475 4.66333 0 0
6.28221 5.18148 0 0
6.28221 6.21777 0 0
5.38475 6.73592 0 0
5.38475 7.77221 0 0
6.28221 8.29036 0 0
6.28221 9.32666 0 0
5.38475 9.8448 0 0
5.38475 10.8811 0 0
6.28221 11.3992 0 0
8.07712 0 0 0
7.17966 0.518148 0 0
7.17966 1.55444 0 0
8.07712 2.07259 0 0
8.07712 3.10889 0 0
7.17966 3.62703 0 0
7.17966 4.66333 0 0
8.07712 5.18148 0 0
8.07712 6.21777 0 0
7.17966 6.73592 0 0
7.17966 7.77221 0 0
8.07712 8.29036 0 0
8.07712 9.32666 0 0
7.17966 9.8448 0 0
7.17966 10.8811 0 0
8.07712 11.3992 0 0
9.87204 0 0 0
8.97458 0.518148 0 0
8.97458 1.55444 0 0
9.87204 2.07259 0 0
9.87204 3.10889 0 0
8.97458 3.62703 0 0
8.97458 4.66333 0 0
9.87204 5.18148 0 0
9.87204 6.21777 0 0
8.97458 6.73592 0 0
8.97458 7.77221 0 0
9.87204 8.29036 0 0
9.87204 9.32666 0 0
8.97458 9.8448 0 0
8.97458 10.8811 0 0
9.87204 11.3992 0 0
11.667 0 0 0
10.7695 0.518148 0 0
10.7695 1.55444 0 0
11.667 2.07259 0 0
11.667 3.10889 0 0
10.7695 3.62703 0 0
10.7695 4.66333 0 0
11.667 5.18148 0 0
11.667 6.21777 0 0
10.7695 6.73592 0 0
10.7695 7.77221 0 0
11.667 8.29036 0 0
11.667 9.32666 0 0
10.7695 9.8448 0 0
10.7695 10.8811 0 0
11.667 11.3992 0 0
