0.00 90 -6.44788 83.5521
0.02 90.2229 -6.67629 83.5466
0.04 90.3792 -6.83257 83.5466
0.06 90.3302 -6.77264 83.5576
0.08 88.5404 -4.98827 83.5521
0.1 83.1998 0.357812 83.5576
0.12 85.5762 -2.00765 83.5686
0.14 89.0619 -5.48783 83.574
0.16 89.6934 -6.1139 83.5795
0.18 89.8133 -6.23377 83.5795
0.2 88.3284 -4.73243 83.596
0.22 86.25 -2.67049 83.5795
0.24 82.5146 1.05945 83.574
0.26 78.0618 5.51227 83.5741
0.28 88.2963 -4.71681 83.5795
0.3 92.2424 -8.66286 83.5795
0.32 89.8817 -6.30768 83.574
0.34 83.7229 -0.148854 83.5741
0.36 88.4129 -4.83342 83.5795
0.38 84.228 -0.643024 83.585
0.4 80.563 3.01108 83.574
0.42 86.7186 -3.13913 83.5795
0.44 85.6294 -2.04986 83.5795
0.46 86.9924 -3.41284 83.5795
0.48 91.5252 -7.95113 83.574
0.5 92.1688 -8.58932 83.5795
0.52 90.7766 -7.18611 83.5905
0.54 85.7006 -2.11013 83.5905
0.56 81.2407 2.33885 83.5795
0.58 86.0927 -2.50769 83.585
0.6 89.8661 -6.28107 83.585
0.62 90.8284 -7.24344 83.585
0.64 91.0211 -7.43609 83.585
0.66 91.1313 -7.5463 83.585
0.68 90.822 -7.23696 83.585
0.7 88.6561 -5.07107 83.585
0.72 86.3988 -2.81383 83.585
0.74 89.7223 -6.13732 83.585
0.76 89.9976 -6.41263 83.585
0.78 80.2688 3.33267 83.6015
0.8 85.1451 -1.54921 83.5959
0.82 78.7338 4.86212 83.596
0.84 82.5709 1.01957 83.5904
0.86 91.4886 -7.90359 83.585
0.88 92.3711 -8.78614 83.585
0.9 91.8348 -8.23882 83.596
0.92 91.0055 -7.41506 83.5905
0.94 88.7395 -5.15453 83.585
0.96 88.796 -5.21101 83.585
0.98 92.9134 -9.32294 83.5905
1 93.4166 -9.83164 83.585
1.02 85.3695 -1.78456 83.585
1.04 81.7987 1.78631 83.585
1.06 92.3401 -8.76607 83.574
1.08 92.3769 -8.79742 83.5795
1.1 89.475 -5.89002 83.585
1.12 88.7444 -5.1649 83.5795
1.14 91.3174 -7.73235 83.585
1.16 93.2256 -9.64061 83.585
1.18 93.7334 -10.1484 83.585
1.2 93.0552 -9.49217 83.5631
1.22 90.5293 -6.97171 83.5576
1.24 86.5449 -2.98733 83.5576
1.26 87.3254 -3.77874 83.5466
1.28 91.4018 -7.86067 83.5412
1.3 93.4651 -9.91842 83.5466
1.32 92.7575 -9.21634 83.5412
1.34 88.9254 -5.38421 83.5412
1.36 90.1762 -6.63507 83.5412
1.38 91.2919 -7.74525 83.5466
1.4 83.8739 -0.321726 83.5521
1.42 83.4231 0.123585 83.5466
1.44 89.7924 -6.26219 83.5302
1.46 87.0197 -3.50048 83.5193
1.48 89.4755 -5.95624 83.5192
1.5 92.635 -9.11025 83.5247
1.52 92.1854 -8.65523 83.5302
1.54 89.083 -5.54734 83.5357
1.56 86.0893 -2.55363 83.5357
1.58 88.2465 -4.7163 83.5302
1.6 88.3345 -4.81529 83.5192
1.62 85.4797 -1.9659 83.5138
1.64 88.8213 -5.30204 83.5192
1.66 91.3988 -7.86307 83.5357
1.68 91.7373 -8.20156 83.5357
1.7 91.1883 -7.65258 83.5357
1.72 89.8011 -6.25992 83.5411
1.74 80.8589 2.67678 83.5357
1.76 86.1572 -2.60507 83.5521
1.78 88.564 -5.00087 83.5631
1.8 87.1461 -3.583 83.5631
1.82 87.5935 -4.03041 83.5631
1.84 90.5943 -7.02571 83.5686
1.86 91.9946 -8.41507 83.5795
1.88 91.9858 -8.4118 83.574
1.9 91.6015 -8.01104 83.5905
1.92 90.9732 -7.38823 83.585
1.94 89.8107 -6.2257 83.585
1.96 88.1702 -4.5852 83.585
1.98 87.283 -3.687 83.596
2 88.2828 -4.68136 83.6014
2.02 90.1526 -6.56758 83.585
2.04 91.3308 -7.74027 83.5905
2.06 91.5153 -7.91938 83.596
2.08 90.8164 -7.21499 83.6014
2.1 89.9613 -6.35981 83.6014
2.12 89.8669 -6.26548 83.6014
2.14 88.6604 -5.05895 83.6014
2.16 86.2683 -2.66138 83.6069
2.18 87.9136 -4.30663 83.6069
2.2 91.1714 -7.55905 83.6124
2.22 92.185 -8.5781 83.6069
2.24 92.1062 -8.50477 83.6014
2.26 92.025 -8.41262 83.6124
2.28 91.8502 -8.24876 83.6014
2.3 92.2894 -8.69345 83.596
2.32 93.5661 -9.96468 83.6014
2.34 94.2794 -10.689 83.5905
2.36 92.4694 -8.87341 83.5959
2.38 85.6669 -2.07639 83.5905
2.4 84.8969 -1.30647 83.5905
2.42 88.8388 -5.24282 83.5959
2.44 90.4055 -6.81498 83.5905
2.46 90.9522 -7.36168 83.5905
2.48 90.284 -6.69357 83.5905
2.5 89.4936 -5.89769 83.596
2.52 89.7816 -6.18569 83.596
2.54 88.3371 -4.74666 83.5905
2.56 85.7874 -2.2024 83.585
2.58 85.8725 -2.29846 83.574
2.6 89.9775 -6.41446 83.5631
2.62 91.1055 -7.54243 83.5631
2.64 90.3486 -6.79103 83.5576
2.66 89.3565 -5.79887 83.5576
2.68 88.9062 -5.34307 83.5631
2.7 88.9988 -5.4412 83.5576
2.72 89.2137 -5.65063 83.5631
2.74 89.3741 -5.79454 83.5795
2.76 89.5417 -5.9512 83.5905
2.78 89.8215 -6.22557 83.596
2.8 90.3124 -6.71098 83.6014
2.82 91.1069 -7.52193 83.585
2.84 92.105 -8.52551 83.5795
2.86 91.2703 -7.66888 83.6014
2.88 82.065 1.53642 83.6015
2.9 87.2999 -3.70942 83.5904
2.92 90.1726 -6.5767 83.5959
2.94 85.4515 -1.85552 83.596
2.96 89.3836 -5.79866 83.585
2.98 86.4455 -2.85501 83.5905
3 81.8511 1.73933 83.5905
3.02 85.7841 -2.20455 83.5795
3.04 89.4104 -5.83093 83.5795
3.06 81.0182 2.55579 83.574
3.08 85.3099 -1.73587 83.574
3.1 93.8411 -10.2726 83.5686
3.12 94.764 -11.1955 83.5686
3.14 94.1065 -10.5379 83.5686
3.16 85.1145 -1.54051 83.574
3.18 72.754 10.8146 83.5686
3.2 91.471 -7.90243 83.5685
3.22 94.8614 -11.3038 83.5576
3.24 94.2391 -10.7034 83.5357
3.26 91.9685 -8.43832 83.5302
3.28 86.6961 -3.16043 83.5357
3.3 87.246 -3.71031 83.5357
3.32 92.6704 -9.12379 83.5466
3.34 93.4358 -9.8782 83.5576
3.36 92.1324 -8.56932 83.5631
3.38 88.7061 -5.13754 83.5685
3.4 69.1639 14.4048 83.5687
3.42 86.8305 -3.25104 83.5795
3.44 92.7172 -9.13771 83.5795
3.46 93.8323 -10.2418 83.5905
3.48 92.5759 -9.00734 83.5686
3.5 88.7745 -5.20592 83.5686
3.52 88.8864 -5.31237 83.574
3.54 92.2162 -8.65858 83.5576
3.56 93.2591 -9.68501 83.574
3.58 92.6074 -9.03338 83.574
3.6 88.4807 -4.91211 83.5686
3.62 85.8219 -2.2479 83.5741
3.64 91.1762 -7.6022 83.574
3.66 92.8591 -9.2905 83.5686
3.68 92.0699 -8.52327 83.5466
3.7 89.9141 -6.37298 83.5412
3.72 88.3052 -4.75858 83.5466
3.74 84.6261 -1.07397 83.5521
3.76 83.6737 -0.12709 83.5467
3.78 89.9891 -6.44798 83.5411
3.8 86.9949 -3.45925 83.5356
3.82 73.918 9.61762 83.5356
3.84 72.7312 10.8045 83.5357
3.86 90.4347 -6.90451 83.5302
3.88 92.6727 -9.13153 83.5412
3.9 92.1114 -8.54828 83.5631
3.92 91.5359 -7.97827 83.5576
3.94 91.2622 -7.70462 83.5576
3.96 91.2393 -7.68165 83.5576
3.98 91.2707 -7.70757 83.5631
4 90.7251 -7.17299 83.5521
4.02 87.853 -4.29541 83.5576
4.04 84.8759 -1.31278 83.5631
4.06 88.6957 -5.13816 83.5576
4.08 90.0937 -6.54161 83.5521
4.1 87.0663 -3.51965 83.5466
4.12 87.4016 -3.83306 83.5686
4.14 90.6744 -7.10039 83.574
4.16 91.2195 -7.6619 83.5576
4.18 90.8422 -7.27917 83.5631
4.2 90.088 -6.51947 83.5686
4.22 88.7556 -5.18155 83.574
4.24 87.9606 -4.3975 83.5631
4.26 89.2294 -5.66084 83.5686
4.28 91.6486 -8.08555 83.5631
4.3 92.7166 -9.14808 83.5686
4.32 91.7194 -8.15082 83.5686
4.34 90.2291 -6.666 83.5631
4.36 90.8819 -7.32434 83.5576
4.38 91.8891 -8.33149 83.5576
4.4 91.4909 -7.93334 83.5576
4.42 89.7909 -6.24978 83.5412
4.44 88.6774 -5.12529 83.5521
4.46 89.4631 -5.91649 83.5466
4.48 90.235 -6.69931 83.5357
4.5 90.6538 -7.10712 83.5466
4.52 91.0867 -7.54549 83.5412
4.54 91.3088 -7.77856 83.5302
4.56 90.19 -6.65434 83.5357
4.58 84.1093 -0.573646 83.5357
4.6 75.5099 8.03134 83.5412
4.62 84.3637 -0.817094 83.5466
4.64 86.7374 -3.19081 83.5466
4.66 85.5651 -2.01848 83.5466
4.68 87.1017 -3.56058 83.5412
4.7 89.9542 -6.4185 83.5357
4.72 90.5147 -6.98448 83.5302
4.74 91.7591 -8.22338 83.5357
4.76 90.9843 -7.44861 83.5357
4.78 83.1736 0.378522 83.5521
4.8 80.6587 2.88794 83.5467
4.82 88.9693 -5.41715 83.5521
4.84 91.2544 -7.69129 83.5631
4.86 90.7854 -7.21681 83.5686
4.88 90.2232 -6.65465 83.5686
4.9 90.0243 -6.45021 83.574
4.92 89.5318 -5.95778 83.574
4.94 88.5972 -5.00671 83.5905
4.96 88.3545 -4.77495 83.5795
4.98 83.7357 -0.145259 83.5905
5 84.4163 -0.825845 83.5905
5.02 87.3655 -3.78049 83.585
5.04 90.8703 -7.29629 83.574
5.06 91.8577 -8.28371 83.574
5.08 92.1091 -8.52413 83.585
5.1 93.2141 -9.6236 83.5905
5.12 93.5902 -9.99969 83.5905
5.14 91.4328 -7.8478 83.585
5.16 85.8399 -2.25496 83.585
5.18 83.0128 0.56125 83.574
5.2 86.6018 -3.04425 83.5576
5.22 87.8509 -4.30428 83.5466
5.24 91.3247 -7.77806 83.5466
5.26 92.3399 -8.80969 83.5302
5.28 87.3692 -3.84453 83.5247
5.3 83.1052 0.430476 83.5357
5.32 89.2926 -5.75142 83.5411
5.34 90.8049 -7.2528 83.5521
5.36 90.5887 -7.03656 83.5521
5.38 90.3374 -6.78531 83.5521
5.4 90.2694 -6.71182 83.5576
5.42 90.3744 -6.82228 83.5521
5.44 90.6161 -7.06394 83.5521
5.46 90.8845 -7.33238 83.5521
5.48 90.8655 -7.31881 83.5466
5.5 89.8753 -6.32867 83.5466
5.52 87.6328 -4.07515 83.5576
5.54 87.1953 -3.63765 83.5576
5.56 89.7618 -6.2042 83.5576
5.58 91.5409 -7.98332 83.5576
5.6 92.17 -8.63429 83.5357
5.62 92.6207 -9.08502 83.5357
5.64 92.9905 -9.4439 83.5466
5.66 91.6051 -8.05843 83.5466
5.68 86.7033 -3.16765 83.5357
5.7 88.0529 -4.50628 83.5467
5.72 93.0897 -9.53762 83.5521
5.74 93.1903 -9.64362 83.5466
5.76 90.313 -6.76639 83.5466
5.78 87.6385 -4.08086 83.5576
5.8 86.8095 -3.25735 83.5521
5.82 88.6723 -5.13119 83.5412
5.84 88.3364 -4.79524 83.5412
5.86 92.4682 -8.93254 83.5357
5.88 95.093 -11.5573 83.5357
5.9 90.6859 -7.15029 83.5357
5.92 84.3645 -0.828759 83.5357
5.94 89.591 -6.05535 83.5357
5.96 84.2899 -0.754177 83.5357
5.98 88.804 -5.27377 83.5302
6 92.2922 -8.76748 83.5247
6.02 91.5318 -7.99064 83.5412
6.04 90.8465 -7.29984 83.5467
6.06 92.0086 -8.46744 83.5412
6.08 93.4491 -9.90243 83.5467
6.1 93.9817 -10.4296 83.5521
6.12 94.0593 -10.5072 83.5521
6.14 93.8242 -10.2721 83.5521
6.16 90.8808 -7.33416 83.5466
6.18 84.9846 -1.45985 83.5248
6.2 90.4666 -6.93645 83.5302
6.22 90.9306 -7.4004 83.5302
6.24 90.6362 -7.10049 83.5357
6.26 92.5727 -9.04246 83.5302
6.28 92.2868 -8.75657 83.5302
6.3 91.2201 -7.68987 83.5302
6.32 91.9682 -8.43801 83.5302
6.34 92.5488 -9.00219 83.5466
6.36 89.6765 -6.12435 83.5521
6.38 89.2252 -5.66758 83.5576
6.4 92.5528 -9.00068 83.5521
6.42 87.3376 -3.78 83.5576
6.44 78.555 4.99164 83.5467
6.46 88.7031 -5.15651 83.5466
6.48 93.4868 -9.92918 83.5576
6.5 93.3861 -9.82853 83.5576
6.52 92.7543 -9.20215 83.5521
6.54 92.263 -8.71083 83.5521
6.56 91.7173 -8.1652 83.5521
6.58 90.5784 -7.03723 83.5412
6.6 88.9577 -5.40552 83.5521
6.62 88.7495 -5.19736 83.5521
6.64 88.3526 -4.80596 83.5466
6.66 86.8308 -3.28957 83.5412
6.68 89.1423 -5.59565 83.5467
6.7 91.4742 -7.9221 83.5521
6.72 92.354 -8.80182 83.5521
6.74 92.8722 -9.32011 83.5521
6.76 92.8041 -9.26294 83.5412
6.78 89.7408 -6.1887 83.5521
6.8 84.1032 -0.561978 83.5412
6.82 87.8118 -4.2816 83.5302
6.84 91.3353 -7.81605 83.5193
6.86 89.1719 -5.65809 83.5138
6.88 84.2953 -0.770571 83.5247
6.9 85.3614 -1.84212 83.5193
6.92 91.4391 -7.91989 83.5192
6.94 91.1475 -7.62277 83.5247
6.96 88.9343 -5.40959 83.5248
6.98 92.2829 -8.7527 83.5302
7 93.6678 -10.1431 83.5247
7.02 89.5465 -6.02177 83.5247
7.04 88.8415 -5.31131 83.5302
7.06 93.5113 -9.98655 83.5247
7.08 94.5334 -11.0141 83.5192
7.1 81.8589 1.66576 83.5246
7.12 65.1938 18.331 83.5248
7.14 89.9178 -6.39858 83.5192
7.16 92.6361 -9.11681 83.5193
7.18 90.9072 -7.37152 83.5357
7.2 87.0262 -3.50143 83.5248
7.22 91.4524 -7.92764 83.5247
7.24 94.8181 -11.2933 83.5247
7.26 94.7955 -11.2653 83.5302
7.28 93.2963 -9.7716 83.5247
7.3 92.9347 -9.40992 83.5247
7.32 94.1521 -10.6328 83.5193
7.34 93.7656 -10.2409 83.5247
7.36 91.0493 -7.53006 83.5193
7.38 89.0879 -5.54673 83.5412
7.4 90.4515 -6.9049 83.5466
7.42 91.2892 -7.7371 83.5521
7.44 88.7607 -5.20856 83.5521
7.46 88.4464 -4.88879 83.5576
7.48 91.7062 -8.14861 83.5576
7.5 94.046 -10.4775 83.5686
7.52 94.4384 -10.8589 83.5795
7.54 94.1285 -10.5435 83.585
7.56 93.7644 -10.1849 83.5795
7.58 93.3397 -9.7711 83.5686
7.6 92.024 -8.45543 83.5686
7.62 88.3593 -4.78522 83.574
7.64 87.4702 -3.89617 83.5741
7.66 90.7633 -7.18382 83.5795
7.68 91.4467 -7.85078 83.596
7.7 90.5151 -6.91364 83.6014
7.72 89.9266 -6.31967 83.6069
7.74 90.3868 -6.77991 83.6069
7.76 90.9278 -7.31535 83.6124
7.78 91.116 -7.49814 83.6179
7.8 91.1533 -7.54093 83.6124
7.82 91.2202 -7.61878 83.6014
7.84 91.325 -7.73997 83.585
7.86 91.2227 -7.64315 83.5795
7.88 90.2855 -6.71144 83.574
7.9 88.5396 -4.97651 83.5631
7.92 88.6307 -5.07307 83.5576
7.94 90.0521 -6.4945 83.5576
7.96 90.7247 -7.17255 83.5521
7.98 91.2913 -7.73912 83.5521
8 92.193 -8.63535 83.5576
8.02 92.3628 -8.81067 83.5521
8.04 88.9189 -5.36674 83.5521
8.06 82.1125 1.43962 83.5522
8.08 83.6936 -0.141481 83.5521
8.1 80.2825 3.26421 83.5467
8.12 88.4149 -4.87377 83.5411
8.14 84.7385 -1.19734 83.5412
8.16 89.1272 -5.58604 83.5412
8.18 93.504 -9.96286 83.5412
8.2 91.321 -7.77988 83.5412
8.22 82.3329 1.20828 83.5412
8.24 83.6009 -0.0597083 83.5412
8.26 87.8674 -4.33719 83.5302
8.28 90.6711 -7.1354 83.5357
8.3 87.843 -4.30185 83.5412
8.32 84.1906 -0.643976 83.5467
8.34 87.5274 -3.9643 83.5631
8.36 90.8103 -7.24178 83.5686
8.38 90.5256 -6.95156 83.574
8.4 88.0727 -4.50414 83.5686
8.42 87.0342 -3.48207 83.5521
8.44 88.9394 -5.39277 83.5467
8.46 90.0916 -6.52299 83.5686
8.48 90.3125 -6.7494 83.5631
8.5 90.3203 -6.75723 83.5631
8.52 90.3751 -6.82299 83.5521
8.54 90.5005 -6.93739 83.5631
8.56 90.619 -7.06137 83.5576
8.58 90.4805 -6.91193 83.5686
8.6 89.2938 -5.73623 83.5576
8.62 87.0449 -3.50918 83.5357
8.64 88.2349 -4.69371 83.5412
8.66 89.953 -6.39541 83.5576
8.68 90.703 -7.15082 83.5522
8.7 93.4156 -9.85794 83.5576
8.72 90.5318 -6.96878 83.5631
8.74 82.5957 0.967423 83.5631
8.76 90.0125 -6.46587 83.5466
8.78 80.0728 3.47936 83.5521
8.8 82.8509 0.701196 83.5521
8.82 95.1098 -11.5686 83.5412
8.84 95.2569 -11.7213 83.5357
8.86 88.3324 -4.79125 83.5412
8.88 83.7705 -0.234782 83.5357
8.9 88.1426 -4.61787 83.5247
8.92 89.9783 -6.44261 83.5357
8.94 94.4003 -10.8701 83.5302
8.96 94.027 -10.4694 83.5576
8.98 88.2 -4.64236 83.5576
9 85.1664 -1.60877 83.5576
9.02 89.5682 -6.00511 83.5631
9.04 91.1147 -7.55159 83.5631
9.06 91.0854 -7.53326 83.5522
9.08 91.185 -7.63286 83.5522
9.1 91.299 -7.74686 83.5522
9.12 90.2696 -6.72293 83.5467
9.14 88.3474 -4.79523 83.5522
9.16 89.3256 -5.77347 83.5521
9.18 90.4121 -6.87095 83.5412
9.2 88.4493 -4.8971 83.5521
9.22 87.2626 -3.69404 83.5686
9.24 89.0891 -5.52052 83.5686
9.26 88.444 -4.86443 83.5795
9.28 85.7036 -2.12954 83.5741
9.3 84.5979 -1.02931 83.5686
9.32 85.6655 -2.09139 83.5741
9.34 88.0774 -4.51429 83.5631
9.36 89.6009 -6.03776 83.5631
9.38 88.7816 -5.21304 83.5686
9.4 79.2199 4.34318 83.5631
9.42 81.9469 1.61614 83.5631
9.44 89.0102 -5.44159 83.5686
9.46 89.6014 -6.03827 83.5631
9.48 89.5183 -5.95519 83.5631
9.5 87.4608 -3.88674 83.574
9.52 77.2374 6.33119 83.5686
9.54 82.7558 0.807309 83.5631
9.56 86.262 -2.69345 83.5686
9.58 86.8114 -3.23187 83.5796
9.6 88.1734 -4.59386 83.5795
9.62 88.9391 -5.34863 83.5905
9.64 89.2045 -5.61404 83.5905
9.66 89.205 -5.60899 83.596
9.68 88.7219 -5.13142 83.5905
9.7 87.6455 -4.06047 83.585
9.72 87.3004 -3.73183 83.5686
9.74 87.5157 -3.95256 83.5631
9.76 85.7459 -2.18828 83.5576
9.78 84.6139 -1.06169 83.5522
9.8 88.6516 -5.0994 83.5521
9.82 91.7313 -8.17371 83.5576
9.84 89.6304 -6.07278 83.5576
9.86 84.0216 -0.4585 83.5631
9.88 84.6384 -1.08084 83.5576
9.9 85.4218 -1.8697 83.5521
9.92 89.491 -5.93336 83.5576
9.94 84.3198 -0.762226 83.5576
9.96 78.141 5.41661 83.5577
9.98 83.626 -0.0684126 83.5576
10 81.652 1.90568 83.5576
10.02 87.8066 -4.23804 83.5686
10.04 92.6108 -9.03676 83.5741
10.06 93.3723 -9.79823 83.5741
10.08 92.0537 -8.47968 83.5741
10.1 86.502 -2.92796 83.5741
10.12 80.8334 2.74064 83.5741
10.14 86.3888 -2.80924 83.5795
10.16 90.9293 -7.35528 83.5741
10.18 89.0406 -5.483 83.5576
10.2 86.2124 -2.64933 83.5631
10.22 85.7703 -2.19624 83.5741
10.24 85.6052 -2.04209 83.5631
10.26 89.7445 -6.18137 83.5631
10.28 91.8035 -8.23491 83.5686
10.3 91.668 -8.10491 83.5631
10.32 90.4637 -6.88962 83.5741
10.34 88.3128 -4.73872 83.5741
10.36 87.3642 -3.79561 83.5686
10.38 88.9243 -5.35566 83.5686
10.4 88.8662 -5.31401 83.5522
10.42 84.8165 -1.26985 83.5467
10.44 85.9001 -2.35343 83.5467
10.46 89.3272 -5.78052 83.5467
10.48 84.1072 -0.555004 83.5522
10.5 82.2348 1.31186 83.5467
10.52 90.0257 -6.4845 83.5412
10.54 91.1027 -7.56152 83.5412
10.56 89.3315 -5.78486 83.5467
10.58 86.7969 -3.23373 83.5631
10.6 87.2083 -3.62869 83.5796
10.62 86.6996 -3.11457 83.5851
10.64 89.5023 -5.94468 83.5576
10.66 90.7247 -7.16711 83.5576
10.68 84.2097 -0.657554 83.5522
10.7 73.359 10.1986 83.5576
10.72 74.8369 8.71523 83.5522
10.74 88.4509 -4.8933 83.5576
10.76 91.739 -8.17592 83.5631
10.78 91.5745 -8.02232 83.5522
10.8 91.1781 -7.62598 83.5522
10.82 91.1962 -7.63306 83.5631
10.84 91.6442 -8.09754 83.5467
10.86 91.7644 -8.21771 83.5467
10.88 87.9654 -4.42423 83.5412
10.9 78.2041 5.33159 83.5357
10.92 83.5572 -0.0270099 83.5302
10.94 90.1363 -6.61707 83.5193
10.96 91.2664 -7.74713 83.5193
10.98 90.5632 -7.03295 83.5302
11 89.3442 -5.79207 83.5522
11.02 88.839 -5.27586 83.5631
11.04 86.8186 -3.2555 83.5631
11.06 72.9579 10.5998 83.5577
11.08 88.7311 -5.16808 83.5631
11.1 92.8774 -9.30885 83.5686
11.12 92.6074 -9.03875 83.5686
11.14 90.9567 -7.39911 83.5576
11.16 85.7681 -2.22138 83.5467
11.18 86.9602 -3.40799 83.5522
11.2 90.5772 -7.01405 83.5631
11.22 86.3653 -2.80218 83.5631
11.24 76.4885 7.07469 83.5632
11.26 86.8098 -3.24674 83.5631
11.28 90.9224 -7.36472 83.5576
11.3 89.7001 -6.14249 83.5576
11.32 89.4115 -5.85387 83.5576
11.34 90.4499 -6.89772 83.5522
11.36 91.1379 -7.59121 83.5467
11.38 91.4362 -7.88951 83.5467
11.4 91.6868 -8.12917 83.5576
11.42 91.8799 -8.31679 83.5631
11.44 91.2384 -7.67528 83.5631
11.46 88.0836 -4.52045 83.5631
11.48 87.0052 -3.43662 83.5686
11.5 88.4656 -4.90797 83.5576
11.52 83.6392 -0.0870462 83.5522
11.54 89.5967 -6.03912 83.5576
11.56 91.0055 -7.45336 83.5521
11.58 86.0921 -2.52901 83.5631
11.6 84.6962 -1.13856 83.5576
11.62 83.8419 -0.284296 83.5576
11.64 84.4229 -0.859858 83.5631
11.66 81.5606 2.01348 83.5741
11.68 85.4853 -1.90578 83.5795
11.7 91.5097 -7.93566 83.5741
11.72 91.5502 -7.98164 83.5686
11.74 90.8181 -7.25502 83.5631
11.76 90.3113 -6.7427 83.5686
11.78 90.1113 -6.54266 83.5686
11.8 90.1746 -6.60598 83.5686
11.82 90.1206 -6.56844 83.5521
11.84 87.3448 -3.78722 83.5576
11.86 76.3757 7.19287 83.5686
11.88 82.4206 1.14794 83.5686
11.9 91.3431 -7.77455 83.5686
11.92 91.51 -7.94144 83.5686
11.94 87.0497 -3.4701 83.5796
11.96 87.5216 -3.95849 83.5631
11.98 89.9191 -6.35598 83.5631
12 89.9013 -6.33266 83.5686
12.02 90.6067 -7.0545 83.5521
12.04 91.5374 -7.97976 83.5576
12.06 92.1727 -8.61503 83.5576
12.08 92.5 -8.94235 83.5576
12.1 92.4463 -8.89415 83.5521
12.12 92.2725 -8.72583 83.5467
12.14 92.1109 -8.55327 83.5576
12.16 91.7546 -8.20248 83.5521
12.18 91.3106 -7.76393 83.5467
12.2 91.4589 -7.91227 83.5467
12.22 91.8508 -8.30963 83.5412
12.24 90.961 -7.42528 83.5357
12.26 87.4716 -3.94684 83.5247
12.28 83.3918 0.138455 83.5302
12.3 83.5888 -0.0640574 83.5248
12.32 90.7224 -7.18671 83.5357
12.34 95.1791 -11.6653 83.5138
12.36 95.9792 -12.4435 83.5357
12.38 94.7871 -11.2623 83.5247
12.4 93.2734 -9.73773 83.5357
12.42 92.3953 -8.84316 83.5521
12.44 87.3377 -3.78553 83.5521
12.46 85.0109 -1.46419 83.5467
12.48 93.7873 -10.2462 83.5412
12.5 91.7193 -8.18359 83.5357
12.52 85.7369 -2.20121 83.5357
12.54 91.5951 -8.06494 83.5302
12.56 95.0477 -11.5229 83.5247
12.58 94.1159 -10.5967 83.5193
12.6 88.7993 -5.28555 83.5138
12.62 85.67 -2.16164 83.5083
12.64 90.1348 -6.62103 83.5138
12.66 92.5827 -9.06888 83.5138
12.68 88.4621 -4.93737 83.5247
12.7 82.4261 1.09866 83.5248
12.72 89.1029 -5.57265 83.5302
12.74 91.214 -7.67828 83.5357
12.76 93.5492 -10.0135 83.5357
12.78 93.8376 -10.3019 83.5357
12.8 93.0944 -9.56415 83.5302
12.82 91.8959 -8.36016 83.5357
12.84 91.9751 -8.44488 83.5302
12.86 93.585 -10.0548 83.5302
12.88 92.9453 -9.42055 83.5247
12.9 87.0486 -3.51285 83.5357
12.92 82.1568 1.38993 83.5467
12.94 85.6225 -2.07586 83.5467
12.96 91.3667 -7.82552 83.5412
12.98 93.6077 -10.0501 83.5576
13 93.6193 -10.0671 83.5522
13.02 93.91 -10.3688 83.5412
13.04 93.8558 -10.3091 83.5467
13.06 91.1809 -7.62872 83.5521
13.08 87.1523 -3.60557 83.5467
13.1 90.8033 -7.26212 83.5412
13.12 92.9015 -9.36582 83.5357
13.14 93.0884 -9.55271 83.5357
13.16 93.1053 -9.5805 83.5248
13.18 93.1036 -9.56237 83.5412
13.2 92.2302 -8.68349 83.5467
13.22 88.4294 -4.89368 83.5357
13.24 87.0326 -3.49686 83.5357
13.26 90.1144 -6.57322 83.5412
13.28 89.6535 -6.12331 83.5302
13.3 90.1621 -6.63183 83.5302
13.32 90.9956 -7.45994 83.5357
13.34 89.9322 -6.39102 83.5412
13.36 90.3596 -6.81845 83.5412
13.38 91.3278 -7.79206 83.5357
13.4 90.7546 -7.21889 83.5357
13.42 88.7818 -5.24057 83.5412
13.44 87.1942 -3.642 83.5522
13.46 89.7891 -6.237 83.5521
13.48 89.5001 -5.95346 83.5467
13.5 89.4123 -5.86558 83.5467
13.52 89.8156 -6.25797 83.5576
13.54 76.6232 6.92341 83.5466
13.56 78.9836 4.57394 83.5576
13.58 91.159 -7.60688 83.5521
13.6 91.6157 -8.05803 83.5576
13.62 90.7839 -7.22622 83.5576
13.64 90.0678 -6.51019 83.5576
13.66 89.6092 -6.05704 83.5522
13.68 89.3686 -5.79999 83.5686
13.7 89.2093 -5.64075 83.5686
13.72 88.7421 -5.17348 83.5686
13.74 87.2381 -3.65858 83.5796
13.76 85.8629 -2.27787 83.585
13.78 87.9159 -4.33089 83.585
13.8 90.168 -6.5885 83.5796
13.82 89.6562 -6.08215 83.5741
13.84 84.4586 -0.895494 83.5631
13.86 83.0485 0.514633 83.5631
13.88 87.415 -3.85187 83.5631
13.9 90.1195 -6.5454 83.5741
13.92 89.8791 -6.31049 83.5686
13.94 86.1815 -2.60745 83.5741
13.96 86.5249 -2.95082 83.5741
13.98 90.1954 -6.61583 83.5795
14 90.7304 -7.15632 83.5741
14.02 89.4407 -5.86666 83.5741
14.04 87.0785 -3.51544 83.5631
14.06 83.6296 -0.0609679 83.5686
14.08 88.0467 -4.4836 83.5631
14.1 89.7867 -6.21814 83.5686
14.12 89.4733 -5.89922 83.5741
14.14 90.3352 -6.75563 83.5795
14.16 88.8394 -5.26538 83.5741
14.18 84.4233 -0.854739 83.5686
14.2 85.4872 -1.91314 83.5741
14.22 87.8474 -4.29522 83.5522
14.24 86.5827 -3.0251 83.5576
14.26 88.0176 -4.47091 83.5467
14.28 90.4658 -6.91909 83.5467
14.3 91.5484 -8.00715 83.5412
14.32 91.7564 -8.2097 83.5467
14.34 86.9312 -3.37906 83.5521
14.36 73.3558 10.1964 83.5522
14.38 88.5912 -5.03358 83.5576
14.4 89.1011 -5.54892 83.5522
14.42 88.8938 -5.3416 83.5522
14.44 90.5731 -7.01541 83.5576
14.46 91.7994 -8.24721 83.5522
14.48 91.9874 -8.44072 83.5467
14.5 90.5196 -6.96745 83.5522
14.52 86.344 -2.78638 83.5576
14.54 83.8495 -0.291811 83.5577
14.56 87.6767 -4.11905 83.5576
14.58 90.2811 -6.72895 83.5522
14.6 91.4176 -7.8709 83.5467
14.62 91.8603 -8.30262 83.5576
14.64 91.4963 -7.92768 83.5686
14.66 90.3771 -6.81402 83.5631
14.68 88.9391 -5.37597 83.5631
14.7 86.8329 -3.27522 83.5576
14.72 88.0285 -4.47087 83.5576
14.74 91.5918 -8.02869 83.5631
14.76 90.6243 -7.06116 83.5631
14.78 80.3092 3.24835 83.5576
14.8 72.3382 11.2304 83.5686
14.82 88.3929 -4.82434 83.5686
14.84 92.3406 -8.76656 83.5741
14.86 90.7479 -7.17934 83.5686
14.88 87.7896 -4.21549 83.5741
14.9 86.102 -2.52791 83.5741
14.92 83.8022 -0.244523 83.5576
14.94 87.6148 -4.05716 83.5576
14.96 91.5307 -7.96213 83.5686
14.98 92.3156 -8.74151 83.5741
15 91.61 -8.04143 83.5686
15.02 90.0005 -6.43185 83.5686
15.04 90.0205 -6.45187 83.5686
15.06 91.1127 -7.54408 83.5686
15.08 91.5401 -7.96603 83.5741
15.1 91.4809 -7.90683 83.5741
15.12 90.1817 -6.60218 83.5796
15.14 88.2683 -4.69418 83.5741
15.16 89.1906 -5.62201 83.5686
15.18 90.9223 -7.35374 83.5686
15.2 91.4258 -7.85722 83.5686
15.22 91.9189 -8.35026 83.5686
15.24 91.4716 -7.89203 83.5795
15.26 84.5409 -0.966835 83.5741
15.28 85.6563 -2.08219 83.5741
15.3 91.346 -7.76647 83.5795
15.32 90.2155 -6.62496 83.5905
15.34 88.6499 -5.0594 83.5905
15.36 89.4748 -5.88978 83.585
15.38 89.7805 -6.20092 83.5796
15.4 88.4576 -4.87811 83.5795
15.42 85.1583 -1.5787 83.5796
15.44 87.8892 -4.32059 83.5686
15.46 89.3855 -5.81698 83.5686
15.48 72.045 11.5236 83.5686
15.5 83.3466 0.216375 83.563
15.52 92.5769 -9.01377 83.5631
15.54 92.5597 -9.00752 83.5522
15.56 89.9328 -6.36973 83.5631
15.58 82.5799 0.99419 83.5741
15.6 89.2401 -5.66062 83.5795
15.62 92.9551 -9.38647 83.5686
15.64 92.0596 -8.48557 83.5741
15.66 85.6118 -2.03771 83.5741
15.68 84.5326 -0.958554 83.5741
15.7 90.8878 -7.30822 83.5795
15.72 92.7768 -9.20273 83.5741
15.74 92.8269 -9.25285 83.5741
15.76 84.0154 -0.435906 83.5795
15.78 84.7966 -1.22803 83.5686
15.8 92.7053 -9.13125 83.5741
15.82 93.4737 -9.90509 83.5686
15.84 93.1963 -9.63323 83.5631
15.86 90.9724 -7.40928 83.5631
15.88 85.1032 -1.5401 83.5631
15.9 83.3558 0.196378 83.5522
15.92 88.9879 -5.44125 83.5467
15.94 92.3973 -8.84511 83.5521
15.96 92.5733 -9.02113 83.5522
15.98 92.4588 -8.89573 83.5631
16 92.6127 -9.04959 83.5631
16.02 92.9123 -9.3492 83.5631
16.04 93.2388 -9.68121 83.5576
16.06 93.5716 -10.003 83.5686
16.08 93.6993 -10.1252 83.5741
16.1 92.5195 -8.94546 83.5741
16.12 89.2321 -5.66355 83.5686
16.14 89.6133 -6.03927 83.5741
16.16 90.1728 -6.60423 83.5686
16.18 89.645 -6.07093 83.5741
16.2 92.1457 -8.56072 83.585
16.22 93.8459 -10.2664 83.5795
16.24 89.5294 -5.9444 83.585
16.26 82.4647 1.12039 83.585
16.28 89.3498 -5.77025 83.5795
16.3 93.4735 -9.88846 83.585
16.32 93.6662 -10.0812 83.585
16.34 92.7817 -9.19667 83.585
16.36 91.8185 -8.23352 83.585
16.38 91.4766 -7.89706 83.5796
16.4 91.6553 -8.07574 83.5796
16.42 91.8277 -8.24817 83.5795
16.44 91.8112 -8.23711 83.5741
16.46 91.7415 -8.16745 83.5741
16.48 91.6986 -8.12456 83.5741
16.5 91.73 -8.16688 83.5631
16.52 91.9885 -8.40342 83.585
16.54 89.7318 -6.14684 83.585
16.56 57.53 26.0498 83.5798
16.58 90.233 -6.65353 83.5795
16.6 89.4297 -5.84469 83.585
16.62 77.2938 6.28582 83.5796
16.64 82.5536 1.02045 83.574
16.66 91.1385 -7.5699 83.5686
16.68 92.4643 -8.8957 83.5686
16.7 92.5494 -8.96985 83.5796
16.72 92.5619 -8.97685 83.585
16.74 92.1669 -8.58192 83.585
16.76 87.5593 -3.97976 83.5795
16.78 75.7606 7.81901 83.5796
16.8 85.9735 -2.39399 83.5795
16.82 91.8989 -8.32484 83.5741
16.84 92.3792 -8.8051 83.5741
16.86 87.1957 -3.62163 83.5741
16.88 86.1812 -2.61803 83.5631
16.9 91.9503 -8.38172 83.5686
16.92 93.4402 -9.87163 83.5686
16.94 93.7784 -10.2208 83.5576
16.96 93.7318 -10.1797 83.5522
16.98 90.9093 -7.3517 83.5576
17 82.1371 1.41511 83.5522
17.02 86.4557 -2.90353 83.5521
17.04 93.3647 -9.81799 83.5467
17.06 94.4203 -10.8627 83.5576
17.08 90.827 -7.2639 83.5631
17.1 89.5739 -6.01075 83.5631
17.12 91.9333 -8.38115 83.5521
17.14 91.245 -7.68734 83.5576
17.16 92.6451 -9.09297 83.5521
17.18 93.9944 -10.4478 83.5467
17.2 89.8588 -6.31213 83.5466
17.22 79.5564 3.99032 83.5467
17.24 82.2031 1.3435 83.5467
17.26 86.2937 -2.75803 83.5357
17.28 90.1514 -6.62119 83.5302
17.3 87.6366 -4.11187 83.5247
17.32 88.7338 -5.21449 83.5193
17.34 92.5938 -9.06909 83.5247
17.36 91.1005 -7.58665 83.5138
17.38 89.9131 -6.39933 83.5138
17.4 91.9232 -8.4149 83.5083
17.42 92.7517 -9.24888 83.5028
17.44 92.5311 -9.0283 83.5028
17.46 92.2838 -8.78647 83.4974
17.48 92.3166 -8.8138 83.5028
17.5 92.0769 -8.56314 83.5138
17.52 89.0345 -5.50979 83.5247
17.54 82.1652 1.35957 83.5248
17.56 86.3238 -2.79363 83.5302
17.58 91.7641 -8.22843 83.5357
17.6 92.7791 -9.23241 83.5467
17.62 88.5668 -5.00376 83.5631
17.64 84.0823 -0.524693 83.5576
17.66 90.3941 -6.83648 83.5576
17.68 91.7198 -8.17319 83.5467
17.7 91.6995 -8.16925 83.5302
17.72 91.1367 -7.59005 83.5467
17.74 89.4231 -5.88187 83.5412
17.76 87.7663 -4.22513 83.5412
17.78 88.3108 -4.77508 83.5357
17.8 90.394 -6.85826 83.5357
17.82 90.9014 -7.3657 83.5357
17.84 89.4227 -5.87608 83.5467
17.86 90.3322 -6.78556 83.5467
17.88 92.3294 -8.7663 83.5631
17.9 92.7359 -9.17277 83.5631
17.92 92.3077 -8.73914 83.5686
17.94 91.9208 -8.3522 83.5686
17.96 91.5754 -8.00678 83.5686
17.98 89.3701 -5.79059 83.5795
18 86.0229 -2.45431 83.5686
18.02 81.8766 1.68103 83.5576
18.04 83.1103 0.441802 83.5521
18.06 88.6964 -5.1388 83.5576
18.08 94.2752 -10.7176 83.5576
18.1 93.2773 -9.71969 83.5576
18.12 90.6282 -7.07063 83.5576
18.14 89.464 -5.90639 83.5576
18.16 89.8776 -6.31996 83.5576
18.18 91.7214 -8.15829 83.5631
18.2 93.1346 -9.57155 83.5631
18.22 93.4614 -9.89834 83.5631
18.24 93.325 -9.76742 83.5576
18.26 92.5379 -8.98577 83.5521
18.28 88.6281 -5.07053 83.5576
18.3 86.0009 -2.44322 83.5576
18.32 91.8736 -8.32146 83.5521
18.34 94.3563 -10.7987 83.5576
18.36 94.9314 -11.3683 83.5631
18.38 94.7868 -11.2292 83.5576
18.4 93.8323 -10.2747 83.5576
18.42 92.4748 -8.92267 83.5522
18.44 93.0266 -9.46899 83.5576
18.46 95.2773 -11.7251 83.5521
18.48 95.644 -12.0918 83.5521
18.5 91.2257 -7.66262 83.5631
18.52 81.7734 1.79521 83.5686
18.54 76.0407 7.52794 83.5686
18.56 88.1367 -4.57363 83.5631
18.58 94.1975 -10.6399 83.5576
18.6 96.0609 -12.5087 83.5521
18.62 96.6652 -13.1185 83.5467
18.64 96.5305 -12.9838 83.5467
18.66 95.8453 -12.3041 83.5412
18.68 93.639 -10.1033 83.5357
18.7 88.4173 -4.88161 83.5357
18.72 88.6209 -5.09062 83.5302
18.74 92.928 -9.39777 83.5302
18.76 94.2596 -10.7294 83.5302
18.78 87.697 -4.17784 83.5192
18.8 79.3241 4.19515 83.5193
18.82 93.2742 -9.75493 83.5192
18.84 90.8492 -7.33547 83.5138
18.86 83.8061 -0.303232 83.5029
18.88 88.6133 -5.11044 83.5028
18.9 93.1034 -9.60605 83.4973
18.92 94.2268 -10.7185 83.5083
18.94 93.5944 -10.0751 83.5193
18.96 92.0152 -8.49045 83.5247
18.98 92.0367 -8.51745 83.5193
19 93.3827 -9.86342 83.5193
19.02 93.9022 -10.3829 83.5193
19.04 93.1684 -9.64916 83.5193
19.06 90.793 -7.27922 83.5138
19.08 88.5246 -5.01077 83.5138
19.1 88.5957 -5.0764 83.5193
19.12 89.8596 -6.34578 83.5138
19.14 91.6904 -8.16562 83.5247
19.16 92.4718 -8.94154 83.5302
19.18 91.63 -8.0888 83.5412
19.2 88.2001 -4.66436 83.5357
19.22 86.8648 -3.31809 83.5467
19.24 88.4578 -4.91114 83.5467
19.26 87.0619 -3.51524 83.5467
19.28 89.2403 -5.69361 83.5467
19.3 91.5964 -8.05525 83.5412
19.32 92.1539 -8.6182 83.5357
19.34 92.2118 -8.67614 83.5357
19.36 92.2293 -8.68812 83.5412
19.38 92.125 -8.60023 83.5247
19.4 91.6534 -8.13411 83.5193
19.42 91.1077 -7.58296 83.5247
19.44 91.5792 -8.04901 83.5302
19.46 92.8088 -9.27858 83.5302
19.48 93.7511 -10.2209 83.5302
19.5 94.236 -10.7003 83.5357
19.52 93.985 -10.4548 83.5302
19.54 90.5573 -7.03255 83.5247
19.56 82.7374 0.781931 83.5193
19.58 87.7315 -4.19583 83.5357
19.6 86.9465 -3.42176 83.5247
19.62 88.9029 -5.38367 83.5193
19.64 92.0934 -8.57419 83.5193
19.66 93.2479 -9.72869 83.5193
19.68 93.6883 -10.1636 83.5247
19.7 93.4764 -9.95164 83.5247
19.72 92.9784 -9.44815 83.5302
19.74 92.5087 -8.9894 83.5193
19.76 92.2175 -8.69281 83.5247
19.78 92.1708 -8.64606 83.5247
19.8 92.3863 -8.8561 83.5302
19.82 92.7693 -9.2336 83.5357
19.84 92.8415 -9.30583 83.5357
19.86 91.6995 -8.18021 83.5192
19.88 91.1626 -7.64333 83.5193
19.9 93.5516 -10.0543 83.4973
19.92 94.0837 -10.6028 83.4809
19.94 91.3085 -7.82211 83.4864
19.96 91.2577 -7.7713 83.4864
19.98 92.4067 -8.90391 83.5028
20 92.0178 -8.51498 83.5028
20.02 92.8337 -9.33085 83.5028
20.04 95.9546 -12.4463 83.5083
20.06 95.6937 -12.1909 83.5028
20.08 85.6757 -2.17838 83.4973
20.1 79.5732 3.91313 83.4864
20.12 80.5547 2.93166 83.4864
20.14 81.0202 2.47707 83.4973
20.16 78.8186 4.66776 83.4864
20.18 83.8384 -0.346511 83.4918
20.2 93.1047 -9.60195 83.5028
20.22 96.5655 -13.0682 83.4973
20.24 96.3304 -12.8331 83.4973
20.26 95.2957 -11.7983 83.4973
20.28 94.9557 -11.4639 83.4918
20.3 92.8776 -9.3803 83.4973
20.32 92.5149 -9.02301 83.4919
20.34 95.0742 -11.5824 83.4918
20.36 91.475 -7.97214 83.5028
20.38 92.3486 -8.83487 83.5137
20.4 92.49 -8.97627 83.5138
20.42 88.9106 -5.39131 83.5192
20.44 88.2268 -4.70758 83.5192
20.46 91.3328 -7.80813 83.5247
20.48 91.8501 -8.31995 83.5302
20.5 87.4995 -3.9693 83.5302
20.52 86.0892 -2.5645 83.5247
20.54 87.9654 -4.44614 83.5192
20.56 90.5698 -7.04505 83.5247
20.58 91.9519 -8.42172 83.5302
20.6 93.0081 -9.47237 83.5357
20.62 93.5255 -9.98435 83.5412
20.64 93.8682 -10.338 83.5302
20.66 94.2484 -10.7182 83.5302
20.68 94.4719 -10.9472 83.5247
20.7 94.0464 -10.5162 83.5302
20.72 88.8957 -5.35455 83.5411
20.74 82.0609 1.47485 83.5357
20.76 91.1792 -7.62712 83.5521
20.78 92.754 -9.20189 83.5521
20.8 92.3795 -8.81643 83.5631
20.82 92.2333 -8.66472 83.5686
20.84 92.1699 -8.59587 83.574
20.86 91.4002 -7.82621 83.574
20.88 86.6096 -3.03009 83.5795
20.9 84.4433 -0.863742 83.5795
20.92 93.4205 -9.84651 83.574
20.94 95.247 -11.6784 83.5686
20.96 89.7194 -6.16727 83.5521
20.98 80.1013 3.45085 83.5521
21 75.1225 8.44056 83.5631
21.02 82.0132 1.54441 83.5576
21.04 92.7916 -9.23953 83.5521
21.06 94.0418 -10.4896 83.5521
21.08 93.349 -9.80238 83.5467
21.1 92.9433 -9.38564 83.5576
21.12 92.5102 -8.95255 83.5576
21.14 89.0026 -5.4505 83.5521
21.16 80.0966 3.45003 83.5467
21.18 82.4728 1.07384 83.5466
21.2 90.4023 -6.85568 83.5466
21.22 90.0921 -6.54545 83.5467
21.24 88.1172 -4.56503 83.5521
21.26 88.839 -5.29233 83.5467
21.28 88.9803 -5.43365 83.5467
21.3 88.7959 -5.25468 83.5412
21.32 89.9228 -6.38167 83.5412
21.34 91.1576 -7.61638 83.5412
21.36 91.8233 -8.2821 83.5412
21.38 91.6111 -8.06988 83.5412
21.4 89.5041 -5.96292 83.5412
21.42 88.5157 -4.98003 83.5357
21.44 91.4487 -7.91301 83.5357
21.46 91.2303 -7.70552 83.5247
21.48 89.262 -5.73725 83.5247
21.5 88.4156 -4.8799 83.5357
21.52 87.4368 -3.9011 83.5357
21.54 90.3057 -6.75902 83.5466
21.56 92.2996 -8.74196 83.5576
21.58 92.6382 -9.08063 83.5576
21.6 93.2319 -9.67425 83.5576
21.62 93.7069 -10.1658 83.5412
21.64 90.6558 -7.11464 83.5411
21.66 83.2788 0.262392 83.5412
21.68 86.2042 -2.66304 83.5411
21.7 85.2873 -1.74065 83.5466
21.72 82.9743 0.566897 83.5412
21.74 87.8676 -4.3319 83.5357
21.76 91.5192 -7.98355 83.5357
21.78 90.9186 -7.372 83.5466
21.8 91.2231 -7.67644 83.5466
21.82 89.3513 -5.80464 83.5466
21.84 84.021 -0.479806 83.5412
21.86 84.3859 -0.850197 83.5357
21.88 88.386 -4.85028 83.5357
21.9 90.86 -7.32436 83.5357
21.92 91.9678 -8.4266 83.5412
21.94 91.5534 -8.01775 83.5357
21.96 88.8744 -5.33325 83.5412
21.98 88.262 -4.72079 83.5412
22 87.653 -4.11185 83.5411
22.02 78.6679 4.88427 83.5522
22.04 88.1394 -4.59829 83.5411
22.06 87.3643 -3.82313 83.5412
22.08 87.2894 -3.74277 83.5466
22.1 90.6275 -7.08088 83.5466
22.12 91.8834 -8.32582 83.5576
22.14 90.8908 -7.32773 83.5631
22.16 85.6724 -2.09285 83.5795
22.18 87.0271 -3.4366 83.5905
22.2 91.0583 -7.46787 83.5905
22.22 87.9301 -4.35056 83.5795
22.24 87.2827 -3.70865 83.574
22.26 88.949 -5.36948 83.5795
22.28 87.9214 -4.34732 83.574
22.3 89.1622 -5.57718 83.585
22.32 89.7801 -6.1951 83.585
22.34 90.1803 -6.59534 83.585
22.36 89.8608 -6.28124 83.5795
22.38 89.2274 -5.64784 83.5795
22.4 89.3258 -5.73536 83.5905
22.42 89.6315 -6.0465 83.585
22.44 89.6499 -6.07033 83.5795
22.46 89.4955 -5.92141 83.574
22.48 89.3369 -5.75736 83.5795
22.5 89.2288 -5.64929 83.5795
22.52 89.123 -5.54899 83.574
22.54 88.8773 -5.30877 83.5686
22.56 88.3664 -4.80884 83.5576
22.58 87.8873 -4.32426 83.5631
22.6 88.0507 -4.48216 83.5686
22.62 88.3691 -4.80055 83.5686
22.64 87.9883 -4.42525 83.5631
22.66 87.9175 -4.34347 83.574
22.68 89.1925 -5.61843 83.574
22.7 90.4627 -6.88866 83.574
22.72 91.0175 -7.43801 83.5795
22.74 90.98 -7.38949 83.5905
22.76 90.304 -6.70801 83.596
22.78 88.1481 -4.54663 83.6014
22.8 85.1975 -1.60698 83.5905
22.82 88.0393 -4.45974 83.5795
22.84 90.8942 -7.31471 83.5795
22.86 91.5894 -8.01535 83.574
22.88 91.5763 -8.00776 83.5686
22.9 90.8726 -7.28209 83.5905
22.92 89.7316 -6.14656 83.585
22.94 90.2056 -6.61512 83.5905
22.96 91.6506 -8.0656 83.585
22.98 92.3386 -8.75361 83.585
23 92.5241 -8.92812 83.596
23.02 92.6996 -9.09817 83.6014
23.04 93.1024 -9.49549 83.6069
23.06 93.6867 -10.0798 83.6069
23.08 93.4413 -9.83986 83.6014
23.1 88.7076 -5.11163 83.5959
23.12 82.4259 1.17012 83.596
23.14 90.8117 -7.21575 83.5959
23.16 93.5122 -9.92176 83.5905
23.18 88.5742 -4.98916 83.585
23.2 90.9349 -7.34438 83.5905
23.22 94.1259 -10.541 83.585
23.24 94.1289 -10.5439 83.585
23.26 93.6114 -10.0264 83.585
23.28 93.6948 -10.1153 83.5795
23.3 93.9766 -10.3971 83.5795
23.32 93.3775 -9.7816 83.596
23.34 90.6772 -7.08125 83.596
23.36 88.6461 -5.05009 83.596
23.38 91.5057 -7.90975 83.5959
23.4 91.3566 -7.76617 83.5905
23.42 83.7509 -0.176801 83.5741
23.44 87.8973 -4.32326 83.574
23.46 92.5909 -9.01684 83.574
23.48 92.7158 -9.15275 83.5631
23.5 91.5546 -8.00252 83.5521
23.52 89.9909 -6.44426 83.5466
23.54 90.3492 -6.80251 83.5466
23.56 92.3044 -8.75774 83.5466
23.58 93.4884 -9.92536 83.5631
23.6 91.5775 -8.00892 83.5685
23.62 81.2793 2.27827 83.5576
23.64 80.5792 2.97839 83.5576
23.66 85.9838 -2.4207 83.5631
23.68 89.7324 -6.16932 83.5631
23.7 93.2792 -9.72163 83.5576
23.72 93.9014 -10.3383 83.5631
23.74 94.0124 -10.4493 83.5631
23.76 94.1015 -10.5275 83.574
23.78 92.6621 -9.09351 83.5686
23.8 86.6322 -3.06365 83.5686
23.82 78.5183 5.0393 83.5576
23.84 81.6499 1.91319 83.5631
23.86 81.2863 2.27129 83.5576
23.88 80.383 3.18007 83.5631
23.9 91.2488 -7.69125 83.5576
23.92 95.9004 -12.3428 83.5576
23.94 97.6441 -14.081 83.5631
23.96 97.4419 -13.8788 83.5631
23.98 94.3251 -10.7784 83.5466
24 88.611 -5.0643 83.5467
24.02 91.0554 -7.4978 83.5576
24.04 90.8333 -7.28662 83.5466
24.06 89.1017 -5.55509 83.5467
24.08 90.2533 -6.69574 83.5576
24.1 91.6832 -8.11466 83.5686
24.12 92.1649 -8.61274 83.5521
24.14 91.6959 -8.13281 83.5631
24.16 90.9224 -7.36474 83.5576
24.18 90.31 -6.75234 83.5576
24.2 90.0439 -6.4972 83.5467
24.22 90.0652 -6.51858 83.5467
24.24 90.1217 -6.58057 83.5412
24.26 89.2595 -5.70741 83.5521
24.28 84.9308 -1.37871 83.5521
24.3 83.8947 -0.342576 83.5521
24.32 88.9037 -5.35157 83.5521
24.34 89.9779 -6.43122 83.5466
24.36 82.5824 0.964243 83.5466
24.38 77.6975 5.8546 83.5521
24.4 89.5207 -5.96862 83.5521
24.42 90.7636 -7.21143 83.5521
24.44 90.976 -7.41841 83.5576
24.46 90.8654 -7.31325 83.5521
24.48 87.0749 -3.52278 83.5521
24.5 79.7001 3.84657 83.5467
24.52 82.783 0.769121 83.5521
24.54 87.7337 -4.17607 83.5576
24.56 91.0884 -7.53082 83.5576
24.58 91.6215 -8.07482 83.5467
24.6 91.4797 -7.92207 83.5576
24.62 91.1078 -7.53919 83.5686
24.64 90.0836 -6.52051 83.5631
24.66 88.4406 -4.87752 83.5631
24.68 88.5056 -4.95343 83.5521
24.7 90.0457 -6.48808 83.5576
24.72 90.8683 -7.29429 83.574
24.74 91.1012 -7.52713 83.5741
24.76 91.2515 -7.67742 83.5741
24.78 91.5432 -7.95818 83.585
24.8 92.0128 -8.42236 83.5905
24.82 91.8976 -8.30169 83.596
24.84 85.9675 -2.37706 83.5905
24.86 81.3046 2.28588 83.5905
24.88 81.4811 2.10389 83.585
24.9 83.8155 -0.24692 83.5686
24.92 89.8305 -6.2674 83.5631
24.94 90.3889 -6.83678 83.5521
24.96 91.2327 -7.68054 83.5521
24.98 92.3687 -8.80564 83.5631
25 93.1368 -9.57376 83.5631
25.02 93.8171 -10.2705 83.5467
25.04 94.6056 -11.048 83.5576
25.06 94.6087 -11.0511 83.5576
25.08 88.7925 -5.2459 83.5466
25.1 74.9239 8.60638 83.5303
25.12 82.0718 1.44747 83.5192
25.14 92.392 -8.8728 83.5192
25.16 91.0706 -7.55686 83.5137
25.18 84.2926 -0.778796 83.5138
25.2 93.0512 -9.53742 83.5138
25.22 94.7376 -11.2074 83.5302
25.24 93.6274 -10.0917 83.5357
25.26 92.185 -8.64929 83.5357
25.28 91.4628 -7.9216 83.5412
25.3 91.6943 -8.1641 83.5302
25.32 90.7878 -7.25757 83.5302
25.34 88.498 -4.96776 83.5302
25.36 91.8418 -8.29513 83.5467
25.38 94.4164 -10.8752 83.5412
25.4 93.954 -10.4183 83.5357
25.42 90.5145 -6.96783 83.5466
25.44 81.292 2.25472 83.5467
25.46 83.8116 -0.26494 83.5466
25.48 90.4277 -6.8756 83.5521
25.5 90.7637 -7.22252 83.5411
25.52 81.1195 2.4162 83.5357
25.54 85.4909 -1.9442 83.5466
25.56 93.1677 -9.62656 83.5412
25.58 94.6428 -11.0907 83.5521
25.6 91.4707 -7.90757 83.5631
25.62 84.8159 -1.24734 83.5686
25.64 90.3521 -6.7835 83.5686
25.66 91.1132 -7.54464 83.5686
25.68 90.1482 -6.57965 83.5686
25.7 91.902 -8.33338 83.5686
25.72 92.5627 -8.9996 83.5631
25.74 90.7854 -7.22776 83.5576
25.76 86.8614 -3.29825 83.5631
25.78 88.9282 -5.36508 83.5631
25.8 92.2441 -8.68104 83.5631
25.82 93.3584 -9.81171 83.5467
25.84 93.2923 -9.73469 83.5576
25.86 91.7419 -8.18432 83.5576
25.88 86.4471 -2.88953 83.5576
25.9 82.883 0.669141 83.5522
25.92 88.9495 -5.39738 83.5521
25.94 91.9071 -8.34944 83.5576
25.96 92.5852 -9.02213 83.5631
25.98 92.8398 -9.2767 83.5631
26 91.9697 -8.39565 83.574
26.02 84.5397 -0.971178 83.5685
26.04 69.5672 14.0069 83.5741
26.06 85.5322 -1.95275 83.5795
26.08 86.4378 -2.85822 83.5795
26.1 88.0804 -4.49542 83.585
26.12 92.2158 -8.6308 83.585
26.14 92.9051 -9.32008 83.585
26.16 91.4652 -7.88023 83.585
26.18 84.3013 -0.716281 83.585
26.2 79.9179 3.6671 83.585
26.22 89.5643 -5.97927 83.585
26.24 92.8314 -9.25731 83.5741
26.26 93.1349 -9.56635 83.5686
26.28 92.9581 -9.395 83.5631
26.3 91.8555 -8.30884 83.5467
26.32 83.4225 0.118619 83.5412
26.34 81.7932 1.74245 83.5357
26.36 91.7545 -8.22429 83.5302
26.38 92.9623 -9.43203 83.5302
26.4 91.0298 -7.49962 83.5302
26.42 88.7141 -5.18385 83.5302
26.44 91.278 -7.74778 83.5302
26.46 93.3978 -9.87309 83.5247
26.48 93.8602 -10.3355 83.5247
26.5 93.4711 -9.94633 83.5247
26.52 90.1087 -6.57853 83.5302
26.54 79.2558 4.26351 83.5193
26.56 84.4432 -0.929451 83.5138
26.58 85.8637 -2.34447 83.5193
26.6 87.5536 -4.03435 83.5193
26.62 90.3855 -6.87178 83.5138
26.64 81.9286 1.57969 83.5083
26.66 88.3618 -4.85358 83.5083
26.68 93.2321 -9.71282 83.5193
26.7 92.998 -9.47327 83.5247
26.72 92.1892 -8.65897 83.5302
26.74 90.6162 -7.08601 83.5302
26.76 82.3036 1.23205 83.5357
26.78 83.6506 -0.114939 83.5357
26.8 92.4384 -8.90275 83.5357
26.82 94.3127 -10.7715 83.5412
26.84 93.5047 -9.95808 83.5467
26.86 90.6723 -7.1476 83.5247
26.88 89.5941 -6.06385 83.5302
26.9 91.6397 -8.10946 83.5302
26.92 90.9593 -7.42908 83.5302
26.94 87.9455 -4.41527 83.5302
26.96 87.2494 -3.70823 83.5412
26.98 88.3705 -4.84029 83.5302
27 87.7225 -4.19772 83.5247
27.02 88.4349 -4.90467 83.5302
27.04 91.1484 -7.62371 83.5247
27.06 92.3613 -8.83112 83.5302
27.08 92.5484 -9.01271 83.5357
27.1 91.9444 -8.40874 83.5357
27.12 90.2933 -6.75211 83.5412
27.14 87.9424 -4.40674 83.5357
27.16 86.2148 -2.68459 83.5302
27.18 87.2009 -3.67065 83.5302
27.2 91.7574 -8.22171 83.5357
27.22 92.9512 -9.41004 83.5412
27.24 92.6074 -9.0717 83.5357
27.26 92.0549 -8.50274 83.5521
27.28 91.4032 -7.84554 83.5576
27.3 90.4856 -6.92248 83.5631
27.32 89.7631 -6.21097 83.5521
27.34 90.2897 -6.73758 83.5521
27.36 91.4949 -7.94278 83.5521
27.38 92.264 -8.71731 83.5467
27.4 92.4379 -8.89128 83.5467
27.42 92.3519 -8.79979 83.5521
27.44 92.6035 -9.06231 83.5412
27.46 92.8642 -9.30661 83.5576
27.48 89.4246 -5.86701 83.5576
27.5 82.7268 0.825408 83.5522
27.52 90.3083 -6.74521 83.5631
27.54 92.1255 -8.55698 83.5686
27.56 89.9245 -6.36143 83.5631
27.58 90.6618 -7.09324 83.5686
27.6 93.1678 -9.59928 83.5686
27.62 90.7225 -7.15399 83.5685
27.64 82.2957 1.27286 83.5686
27.66 87.8677 -4.29918 83.5685
27.68 84.5775 -1.00886 83.5686
27.7 91.5402 -7.96614 83.574
27.72 94.1949 -10.6263 83.5686
27.74 94.0439 -10.4699 83.5741
27.76 93.1116 -9.53758 83.574
27.78 90.9414 -7.35088 83.5905
27.8 89.5731 -5.9826 83.5905
27.82 91.966 -8.38096 83.585
27.84 93.8631 -10.2836 83.5795
27.86 94.3 -10.7259 83.574
27.88 94.016 -10.4419 83.574
27.9 93.3194 -9.72887 83.5905
27.92 92.5704 -8.9854 83.585
27.94 92.2081 -8.61756 83.5905
27.96 91.9596 -8.36913 83.5905
27.98 91.1039 -7.50789 83.596
28 89.2952 -5.70472 83.5905
28.02 85.5017 -1.91116 83.5905
28.04 88.0899 -4.5159 83.574
28.06 91.524 -7.95 83.574
28.08 92.1951 -8.62648 83.5686
28.1 92.6573 -9.08325 83.5741
28.12 93.7254 -10.1513 83.5741
28.14 94.6548 -11.0862 83.5686
28.16 94.437 -10.8739 83.5631
28.18 90.1718 -6.61423 83.5576
28.2 81.9625 1.59511 83.5576
28.22 86.4363 -2.87872 83.5576
28.24 87.9544 -4.39681 83.5576
28.26 90.8445 -7.29784 83.5467
28.28 93.8959 -10.3547 83.5412
28.3 91.1542 -7.61302 83.5412
28.32 85.7272 -2.18055 83.5467
28.34 86.8425 -3.28493 83.5576
28.36 89.8879 -6.3468 83.5411
28.38 82.0656 1.48101 83.5466
28.4 77.3599 6.18678 83.5467
28.42 89.1437 -5.59707 83.5466
28.44 88.9739 -5.4273 83.5467
28.46 86.5258 -2.97915 83.5466
28.48 86.1686 -2.62196 83.5466
28.5 87.2241 -3.68838 83.5357
28.52 88.6971 -5.15594 83.5412
28.54 92.9461 -9.41046 83.5357
28.56 92.0161 -8.47489 83.5412
28.58 90.2961 -6.76042 83.5357
28.6 91.4501 -7.9089 83.5412
28.62 93.8019 -10.2662 83.5357
28.64 94.9487 -11.4184 83.5302
28.66 92.6803 -9.14467 83.5357
28.68 82.1264 1.41473 83.5412
28.7 76.4759 7.07629 83.5522
28.72 89.4362 -5.8841 83.5521
28.74 89.1754 -5.62326 83.5521
28.76 86.0138 -2.46171 83.5521
28.78 90.5922 -7.02912 83.5631
28.8 91.5925 -8.02393 83.5686
28.82 91.9711 -8.40797 83.5631
28.84 90.6055 -7.04788 83.5576
28.86 86.171 -2.61338 83.5576
28.88 88.8414 -5.27835 83.5631
28.9 89.0082 -5.44509 83.5631
28.92 85.0335 -1.46487 83.5686
28.94 87.1632 -3.60012 83.5631
28.96 90.4587 -6.89558 83.5631
28.98 91.5034 -7.94029 83.5631
29 90.9219 -7.35329 83.5686
29.02 82.7068 0.86168 83.5685
29.04 78.3128 5.2448 83.5576
29.06 89.4013 -5.83277 83.5686
29.08 90.4285 -6.86545 83.5631
29.1 90.2901 -6.73246 83.5576
29.12 89.8048 -6.24722 83.5576
29.14 88.0267 -4.47453 83.5521
29.16 86.6703 -3.11815 83.5521
29.18 88.3601 -4.80797 83.5521
29.2 87.2062 -3.64857 83.5576
29.22 85.6058 -2.0537 83.5521
29.24 87.8176 -4.26001 83.5576
29.26 84.3671 -0.814915 83.5521
29.28 85.2138 -1.65616 83.5576
29.3 89.099 -5.54141 83.5576
29.32 87.087 -3.52942 83.5576
29.34 78.4937 5.05848 83.5522
29.36 86.8939 -3.34176 83.5521
29.38 89.3518 -5.80509 83.5467
29.4 90.07 -6.52331 83.5467
29.42 91.6458 -8.09912 83.5467
29.44 92.1163 -8.57517 83.5412
29.46 89.8409 -6.29429 83.5466
29.48 77.0248 6.51642 83.5412
29.5 76.3841 7.17353 83.5576
29.52 88.6491 -5.09702 83.5521
29.54 89.3809 -5.82881 83.5521
29.56 90.1083 -6.55611 83.5521
29.58 92.264 -8.70092 83.5631
29.6 93.708 -10.1613 83.5467
29.62 93.3952 -9.83214 83.5631
29.64 89.0677 -5.4991 83.5686
29.66 76.7946 6.77401 83.5686
29.68 72.3569 11.2007 83.5576
29.7 83.487 0.0706118 83.5576
29.72 87.5169 -3.95924 83.5576
29.74 89.3886 -5.831 83.5576
29.76 90.5711 -7.01895 83.5521
29.78 90.8129 -7.25529 83.5576
29.8 90.5535 -6.99036 83.5631
29.82 90.2903 -6.73813 83.5521
29.84 90.2285 -6.68178 83.5467
29.86 90.4114 -6.86469 83.5467
29.88 90.8043 -7.25766 83.5467
29.9 91.2564 -7.70974 83.5467
29.92 91.3241 -7.78289 83.5412
29.94 89.9791 -6.44338 83.5357
29.96 86.2058 -2.66459 83.5412
29.98 83.7359 -0.189266 83.5467
30 87.2935 -3.74682 83.5467
30.02 91.5404 -7.98275 83.5576
30.04 93.162 -9.60433 83.5576
30.06 91.1457 -7.5826 83.5631
30.08 83.9066 -0.338011 83.5686
30.1 80.7249 2.85468 83.5796
30.12 89.5759 -6.00735 83.5686
30.14 91.4052 -7.82565 83.5795
30.16 90.6428 -7.06871 83.5741
30.18 90.3795 -6.81095 83.5686
30.2 88.9588 -5.38473 83.5741
30.22 89.9348 -6.36076 83.5741
30.24 91.9288 -8.35469 83.5741
30.26 92.0392 -8.46514 83.5741
30.28 90.7499 -7.17585 83.5741
30.3 89.7683 -6.19426 83.5741
30.32 87.6657 -4.0862 83.5795
30.34 87.54 -3.96588 83.5741
30.36 89.9152 -6.34663 83.5686
30.38 90.6376 -7.07445 83.5631
30.4 90.9848 -7.41074 83.5741
30.42 91.6943 -8.12572 83.5686
30.44 92.035 -8.46638 83.5686
30.46 91.4374 -7.86338 83.5741
30.48 90.2347 -6.64419 83.5905
30.5 89.6774 -6.09232 83.585
30.52 90.1379 -6.55831 83.5796
30.54 90.543 -6.96343 83.5796
30.56 90.4846 -6.91051 83.5741
30.58 90.2231 -6.64902 83.5741
30.6 90.1646 -6.60145 83.5631
30.62 89.6634 -6.10032 83.5631
30.64 82.4641 1.09902 83.5631
30.66 80.5272 3.02498 83.5522
30.68 90.4805 -6.92289 83.5576
30.7 92.0438 -8.48074 83.5631
30.72 89.8703 -6.30715 83.5631
30.74 83.8038 -0.246167 83.5576
30.76 82.2411 1.3165 83.5576
30.78 89.6704 -6.11278 83.5576
30.8 93.1338 -9.58164 83.5521
30.82 89.8993 -6.3471 83.5521
30.84 84.1697 -0.612056 83.5577
30.86 87.7953 -4.23767 83.5576
30.88 92.3975 -8.8344 83.5631
30.9 92.634 -9.06543 83.5686
30.92 91.3531 -7.78448 83.5686
30.94 91.191 -7.62236 83.5686
30.96 92.0485 -8.48542 83.5631
30.98 92.054 -8.48536 83.5686
31 89.8331 -6.25906 83.5741
31.02 86.3283 -2.75418 83.5741
31.04 87.586 -4.01194 83.5741
31.06 89.4766 -5.897 83.5796
31.08 89.5368 -5.97368 83.5631
31.1 90.2095 -6.65737 83.5522
31.12 90.7652 -7.22398 83.5412
31.14 91.023 -7.48725 83.5357
31.16 91.8226 -8.28688 83.5357
31.18 92.7204 -9.1737 83.5467
31.2 93.4102 -9.85806 83.5522
31.22 93.622 -10.0479 83.5741
31.24 91.9462 -8.36669 83.5795
31.26 86.6652 -3.0802 83.585
31.28 77.94 5.6505 83.5905
31.3 71.0577 12.5218 83.5796
31.32 78.063 5.52204 83.585
31.34 89.5567 -5.97174 83.585
31.36 92.8792 -9.28865 83.5905
31.38 92.7038 -9.11327 83.5905
31.4 92.1042 -8.51366 83.5905
31.42 91.584 -7.99349 83.5905
31.44 90.811 -7.21501 83.596
31.46 89.153 -5.56798 83.585
31.48 86.9374 -3.34687 83.5905
31.5 87.0822 -3.49172 83.5905
31.52 89.3338 -5.75428 83.5796
31.54 90.4215 -6.84738 83.5741
31.56 89.9265 -6.36343 83.5631
31.58 88.6269 -5.05834 83.5686
31.6 87.9057 -4.33715 83.5686
31.62 89.0176 -5.44904 83.5686
31.64 90.4527 -6.8841 83.5686
31.66 87.0585 -3.48993 83.5686
31.68 78.8856 4.68305 83.5686
31.7 86.1481 -2.57955 83.5686
31.72 89.9367 -6.36264 83.5741
31.74 91.1947 -7.62611 83.5686
31.76 91.2359 -7.67283 83.5631
31.78 90.9777 -7.42009 83.5576
31.8 90.9898 -7.43768 83.5521
31.82 91.2192 -7.66156 83.5576
31.84 91.2653 -7.70764 83.5576
31.86 90.7817 -7.21857 83.5631
31.88 89.6456 -6.0825 83.5631
31.9 88.6926 -5.12946 83.5631
31.92 89.1502 -5.59802 83.5521
31.94 90.4097 -6.86305 83.5467
31.96 91.6878 -8.14664 83.5412
31.98 92.8852 -9.33852 83.5467
32 93.9536 -10.4124 83.5412
32.02 94.3286 -10.7929 83.5357
32.04 90.0535 -6.51787 83.5357
32.06 76.0059 7.52988 83.5357
32.08 76.852 6.68365 83.5357
32.1 75.1077 8.42797 83.5357
32.12 82.4556 1.07463 83.5302
32.14 90.4691 -6.93344 83.5357
32.16 93.955 -10.4194 83.5357
32.18 91.4742 -7.93308 83.5412
32.2 84.362 -0.798858 83.5631
32.22 90.665 -7.10189 83.5631
32.24 93.8678 -10.3102 83.5576
32.26 93.9437 -10.3916 83.5521
32.28 93.173 -9.60994 83.5631
32.3 89.659 -6.0904 83.5686
32.32 85.6539 -2.09627 83.5576
32.34 90.4591 -6.89601 83.5631
32.36 92.2789 -8.71032 83.5686
32.38 91.4741 -7.91098 83.5631
32.4 90.0249 -6.46182 83.5631
32.42 88.5182 -4.96059 83.5576
32.44 87.1954 -3.64328 83.5521
32.46 85.4893 -1.9317 83.5576
32.48 87.0967 -3.52807 83.5686
32.5 91.2545 -7.6859 83.5686
32.52 92.6825 -9.11939 83.5631
32.54 92.1447 -8.58709 83.5576
32.56 91.1852 -7.62207 83.5631
32.58 90.9222 -7.35906 83.5631
32.6 91.5691 -8.02243 83.5467
32.62 92.5168 -8.96462 83.5521
32.64 93.2815 -9.72933 83.5521
32.66 92.8724 -9.3148 83.5576
32.68 88.6811 -5.11251 83.5686
32.7 79.0769 4.49168 83.5686
32.72 85.504 -1.93549 83.5685
32.74 90.7795 -7.21642 83.5631
32.76 82.794 0.763645 83.5576
32.78 87.1031 -3.53457 83.5686
32.8 91.565 -7.99641 83.5686
32.82 91.0994 -7.5363 83.5631
32.84 90.2324 -6.66928 83.5631
32.86 90.36 -6.80788 83.5521
32.88 91.1399 -7.58227 83.5576
32.9 91.6826 -8.12499 83.5576
32.92 91.4487 -7.90205 83.5467
32.94 89.4661 -5.91944 83.5467
32.96 86.9007 -3.34856 83.5522
32.98 89.0671 -5.50402 83.5631
33 91.4452 -7.87657 83.5686
33.02 91.9185 -8.35541 83.5631
33.04 90.9645 -7.39592 83.5686
33.06 88.1563 -4.58776 83.5686
33.08 84.231 -0.662378 83.5686
33.1 82.1459 1.42265 83.5686
33.12 89.0088 -5.43476 83.574
33.14 91.5037 -7.93514 83.5686
33.16 91.5198 -7.95668 83.5631
33.18 91.2298 -7.65571 83.5741
33.2 91.0217 -7.44766 83.5741
33.22 90.9165 -7.35888 83.5576
33.24 90.8843 -7.3267 83.5576
33.26 90.9059 -7.3483 83.5576
33.28 90.9807 -7.41208 83.5686
33.3 91.1249 -7.55633 83.5686
33.32 91.353 -7.77892 83.5741
33.34 91.5926 -8.01851 83.5741
33.36 91.4352 -7.86666 83.5686
33.38 89.9343 -6.3602 83.5741
33.4 88.3943 -4.82025 83.5741
33.42 90.3307 -6.75661 83.5741
33.44 91.501 -7.9215 83.5795
33.46 92.1951 -8.62108 83.5741
33.48 91.5806 -8.00106 83.5795
33.5 77.1222 6.46835 83.5905
33.52 78.1827 5.40232 83.585
33.54 92.085 -8.50004 83.585
33.56 95.5653 -11.9748 83.5905
33.58 95.8414 -12.2509 83.5905
33.6 95.5316 -11.9466 83.585
33.62 92.6882 -9.09774 83.5905
33.64 80.3931 3.20295 83.596
33.66 84.5901 -0.999615 83.5905
33.68 89.8377 -6.24723 83.5905
33.7 89.6503 -6.05437 83.596
33.72 82.2093 1.38664 83.596
33.74 81.7367 1.85931 83.596
33.76 91.5018 -7.92227 83.5795
33.78 92.2898 -8.71573 83.5741
33.8 91.6002 -8.02616 83.5741
33.82 90.7911 -7.21155 83.5796
33.84 90.2377 -6.6636 83.5741
33.86 90.2368 -6.66273 83.5741
33.88 90.5986 -7.02448 83.5741
33.9 90.8509 -7.28226 83.5686
33.92 90.7151 -7.14647 83.5686
33.94 90.0594 -6.48528 83.5741
33.96 87.7437 -4.16412 83.5795
33.98 81.8543 1.72531 83.5796
34 83.8915 -0.317434 83.574
34.02 77.6436 5.92506 83.5686
34.04 87.4863 -3.91227 83.574
34.06 84.2488 -0.669268 83.5796
34.08 85.5556 -1.97602 83.5795
34.1 91.2643 -7.70123 83.5631
34.12 92.0063 -8.44319 83.5631
34.14 91.8816 -8.31845 83.5631
34.16 91.4203 -7.84628 83.5741
34.18 89.2592 -5.69612 83.5631
34.2 85.8195 -2.26732 83.5522
34.22 87.7984 -4.25178 83.5467
34.24 86.1778 -2.63668 83.5412
34.26 76.2648 7.27647 83.5413
34.28 89.4251 -5.88944 83.5357
34.3 92.1121 -8.57639 83.5357
34.32 90.5243 -6.98853 83.5357
34.34 91.2948 -7.75358 83.5412
34.36 92.4854 -8.93868 83.5467
34.38 92.2406 -8.69388 83.5467
34.4 87.7852 -4.24399 83.5412
34.42 76.3235 7.21769 83.5412
34.44 83.3331 0.213568 83.5467
34.46 90.5295 -6.9773 83.5522
34.48 92.8103 -9.26914 83.5412
34.5 93.5554 -10.0142 83.5412
34.52 93.5142 -9.96748 83.5467
34.54 92.6771 -9.13038 83.5467
34.56 90.7908 -7.25506 83.5357
34.58 88.4669 -4.93667 83.5302
34.6 87.4719 -3.96353 83.5083
34.62 89.4398 -5.92051 83.5193
34.64 92.3127 -8.80982 83.5028
34.66 93.9487 -10.4404 83.5083
34.68 94.5268 -11.0185 83.5083
34.7 94.5453 -11.0425 83.5028
34.72 93.9784 -10.4756 83.5028
34.74 92.1909 -8.68805 83.5028
34.76 89.3302 -5.81643 83.5138
34.78 88.9785 -5.45926 83.5193
34.8 91.6549 -8.13561 83.5193
34.82 93.3963 -9.86055 83.5357
34.84 93.874 -10.3437 83.5302
34.86 93.9997 -10.4749 83.5248
34.88 94.1921 -10.6673 83.5248
34.9 94.422 -10.8972 83.5248
34.92 94.0328 -10.497 83.5357
34.94 90.9086 -7.3674 83.5412
34.96 82.1907 1.34506 83.5357
34.98 77.69 5.82381 83.5138
35 87.1848 -3.68198 83.5028
35.02 92.5087 -8.99495 83.5138
35.04 93.2092 -9.70088 83.5083
35.06 92.8647 -9.35636 83.5083
35.08 92.4588 -8.9614 83.4974
35.1 92.2117 -8.73077 83.4809
35.12 92.1251 -8.6332 83.4919
35.14 91.8475 -8.36113 83.4864
35.16 90.2322 -6.75125 83.4809
35.18 86.559 -3.07804 83.4809
35.2 86.1526 -2.66068 83.4919
35.22 90.1427 -6.63985 83.5028
35.24 92.5011 -8.99281 83.5083
35.26 91.8686 -8.36025 83.5083
35.28 87.5921 -4.08924 83.5028
35.3 85.2383 -1.72996 83.5083
35.32 90.2771 -6.75232 83.5247
35.34 93.2619 -9.72621 83.5357
35.36 91.4222 -7.89195 83.5302
35.38 88.4067 -4.871 83.5357
35.4 92.2636 -8.72238 83.5412
35.42 94.1357 -10.5835 83.5522
35.44 93.0945 -9.54232 83.5522
35.46 91.0769 -7.51926 83.5576
35.48 90.2372 -6.69049 83.5467
35.5 86.5967 -3.05002 83.5467
35.52 82.0956 1.45654 83.5522
35.54 85.0221 -1.459 83.5631
35.56 91.9879 -8.43579 83.5521
35.58 93.8888 -10.3312 83.5576
35.6 90.2054 -6.63686 83.5686
35.62 89.4045 -5.8469 83.5576
35.64 92.8293 -9.26622 83.5631
35.66 92.6336 -9.0705 83.5631
35.68 90.9293 -7.36073 83.5686
35.7 91.615 -8.05192 83.5631
35.72 93.1866 -9.61254 83.5741
35.74 93.6554 -10.0758 83.5795
35.76 93.7397 -10.1602 83.5795
35.78 93.9411 -10.356 83.585
35.8 94.0765 -10.4914 83.585
35.82 92.9628 -9.37227 83.5905
35.84 87.0729 -3.47698 83.596
35.86 76.8646 6.72594 83.5905
35.88 82.5345 1.06699 83.6014
35.9 86.5562 -2.94923 83.6069
35.92 88.5096 -4.90814 83.6015
35.94 92.0873 -8.48585 83.6015
35.96 94.4151 -10.8137 83.6015
35.98 95.0137 -11.4177 83.596
36 94.9916 -11.4011 83.5905
36.02 94.9737 -11.3832 83.5905
36.04 95.041 -11.445 83.596
36.06 94.6692 -11.0623 83.6069
36.08 92.4246 -8.81764 83.6069
36.1 88.0878 -4.47541 83.6124
36.12 86.9237 -3.31128 83.6124
36.14 88.8815 -5.28554 83.596
36.16 91.7445 -8.14851 83.596
36.18 92.9593 -9.36339 83.596
36.2 83.6962 -0.094748 83.6014
36.22 80.4989 3.09156 83.5905
36.24 88.0708 -4.49131 83.5795
36.26 91.0864 -7.50682 83.5795
36.28 91.9897 -8.42115 83.5686
36.3 91.7258 -8.15725 83.5686
36.32 91.1682 -7.5887 83.5795
36.34 90.4833 -6.90379 83.5795
36.36 90.0389 -6.45391 83.585
36.38 90.3222 -6.74816 83.5741
36.4 90.0645 -6.49041 83.574
36.42 86.6819 -3.10785 83.574
36.44 77.5513 6.02273 83.574
36.46 80.8234 2.75061 83.574
36.48 84.5003 -0.93173 83.5686
36.5 86.4348 -2.87174 83.5631
36.52 84.8947 -1.32064 83.574
36.54 83.373 0.195574 83.5686
36.56 90.8511 -7.28807 83.5631
36.58 91.7908 -8.22775 83.5631
36.6 91.5086 -7.93456 83.5741
36.62 91.3209 -7.7414 83.5795
36.64 91.2712 -7.68616 83.585
36.66 91.0583 -7.46781 83.5905
36.68 89.8728 -6.28778 83.585
36.7 87.8996 -4.31463 83.585
36.72 89.209 -5.63492 83.5741
36.74 91.9332 -8.35369 83.5795
36.76 90.8322 -7.25268 83.5795
36.78 75.9268 7.65278 83.5796
36.8 86.612 -3.04347 83.5685
36.82 89.7848 -6.22169 83.5631
36.84 90.0705 -6.50744 83.5631
36.86 90.7444 -7.17587 83.5686
36.88 90.8951 -7.33748 83.5576
36.9 90.5734 -6.99931 83.5741
36.92 90.0472 -6.45671 83.5905
36.94 89.511 -5.92054 83.5905
36.96 89.0764 -5.49691 83.5795
36.98 88.7949 -5.22631 83.5686
37 88.6916 -5.12302 83.5686
37.02 88.784 -5.21547 83.5686
37.04 88.999 -5.42498 83.5741
37.06 88.6323 -5.05276 83.5795
37.08 85.0882 -1.50865 83.5795
37.1 83.146 0.422597 83.5686
37.12 88.2823 -4.7137 83.5686
37.14 90.0002 -6.44257 83.5576
37.16 89.9527 -6.40053 83.5521
37.18 88.1681 -4.61045 83.5576
37.2 83.356 0.207143 83.5631
37.22 82.7801 0.772022 83.5521
37.24 81.0017 2.55589 83.5576
37.26 80.3836 3.18502 83.5686
37.28 89.2646 -5.70149 83.5631
37.3 90.9024 -7.35576 83.5466
37.32 90.8029 -7.25624 83.5466
37.34 90.2052 -6.65861 83.5466
37.36 87.9313 -4.39014 83.5412
37.38 85.3437 -1.80253 83.5412
37.4 88.3633 -4.81665 83.5466
37.42 91.1418 -7.60606 83.5357
37.44 92.1024 -8.56667 83.5357
37.46 90.3144 -6.77324 83.5412
37.48 81.4666 2.07462 83.5412
37.5 87.1207 -3.56864 83.5521
37.52 88.4481 -4.89046 83.5576
37.54 84.3348 -0.777184 83.5576
37.56 84.4802 -0.928057 83.5521
37.58 88.9671 -5.42047 83.5466
37.6 91.2191 -7.66701 83.5521
37.62 84.5404 -0.988247 83.5521
37.64 84.6207 -1.06854 83.5521
37.66 89.8647 -6.30705 83.5576
37.68 90.0297 -6.4721 83.5576
37.7 91.0485 -7.49087 83.5576
37.72 91.5161 -7.95301 83.5631
37.74 91.4509 -7.8933 83.5576
37.76 91.19 -7.63241 83.5576
37.78 90.4 -6.84236 83.5576
37.8 88.5601 -5.00246 83.5576
37.82 88.0102 -4.46356 83.5467
37.84 90.2167 -6.66457 83.5521
37.86 91.6855 -8.12244 83.5631
37.88 90.7533 -7.19023 83.5631
37.9 83.3731 0.189942 83.5631
37.92 79.452 4.10011 83.5521
37.94 87.6489 -4.09679 83.5521
37.96 89.7137 -6.15058 83.5631
37.98 88.5302 -4.96707 83.5631
38 89.3034 -5.74031 83.5631
38.02 91.1372 -7.56311 83.5741
38.04 92.1917 -8.61762 83.5741
38.06 92.3347 -8.76061 83.574
38.08 90.0872 -6.51321 83.574
38.1 82.1854 1.39963 83.585
38.12 80.8943 2.69065 83.585
38.14 83.8316 -0.241181 83.5905
38.16 79.1028 4.48775 83.5905
38.18 88.128 -4.54304 83.585
38.2 90.7985 -7.22447 83.574
38.22 89.4944 -5.92582 83.5686
38.24 81.6185 1.95 83.5685
38.26 81.1838 2.39018 83.574
38.28 88.9466 -5.38353 83.5631
38.3 90.0111 -6.43708 83.5741
38.32 90.7077 -7.12815 83.5795
38.34 90.9163 -7.34768 83.5686
38.36 90.7565 -7.19887 83.5576
38.38 90.5087 -6.94007 83.5686
38.4 90.2684 -6.6943 83.5741
38.42 89.7979 -6.22928 83.5686
38.44 88.3158 -4.74177 83.5741
38.46 84.898 -1.31304 83.585
38.48 81.1742 2.39983 83.5741
38.5 85.6384 -2.0589 83.5795
38.52 89.4946 -5.9206 83.574
38.54 90.1299 -6.55035 83.5795
38.56 90.1681 -6.60498 83.5631
38.58 90.3542 -6.78566 83.5686
38.6 90.7191 -7.13952 83.5795
38.62 90.9256 -7.35155 83.574
38.64 90.1466 -6.56703 83.5795
38.66 87.9311 -4.35708 83.574
38.68 85.0496 -1.46459 83.585
38.7 83.422 0.157511 83.5795
38.72 86.3423 -2.76825 83.574
38.74 87.5154 -3.93583 83.5795
38.76 91.9991 -8.41963 83.5795
38.78 92.592 -9.01249 83.5795
38.8 86.5766 -2.99708 83.5795
38.82 88.3062 -4.73766 83.5686
38.84 93.1747 -9.60617 83.5686
38.86 93.3881 -9.8195 83.5686
38.88 92.7955 -9.2324 83.5631
38.9 92.297 -8.72843 83.5686
38.92 91.8428 -8.27425 83.5686
38.94 92.3563 -8.78222 83.5741
38.96 93.3113 -9.75372 83.5576
38.98 93.9533 -10.3902 83.5631
39 94.8773 -11.3142 83.5631
39.02 94.5719 -11.0088 83.5631
39.04 90.9331 -7.38099 83.5521
39.06 91.0815 -7.54032 83.5412
39.08 93.904 -10.3574 83.5466
39.1 89.2185 -5.67184 83.5466
39.12 85.0827 -1.54154 83.5412
39.14 90.5555 -7.01433 83.5412
39.16 88.589 -5.04232 83.5467
39.18 92.6129 -9.07171 83.5412
39.2 93.5725 -10.0204 83.5521
39.22 93.0848 -9.52717 83.5576
39.24 92.5679 -9.01028 83.5576
39.26 92.1941 -8.63651 83.5576
39.28 91.9435 -8.38588 83.5576
39.3 91.8404 -8.29379 83.5466
39.32 91.9178 -8.38207 83.5357
39.34 92.1215 -8.59125 83.5302
39.36 92.3138 -8.77265 83.5412
39.38 92.3136 -8.76693 83.5466
39.4 91.8815 -8.34031 83.5412
39.42 90.8216 -7.27493 83.5466
39.44 89.566 -6.02482 83.5412
39.46 89.7148 -6.15714 83.5576
39.48 90.8666 -7.309 83.5576
39.5 90.7129 -7.16081 83.5521
39.52 89.8507 -6.29309 83.5576
39.54 90.1151 -6.55205 83.5631
39.56 90.8598 -7.29128 83.5686
39.58 89.2198 -5.64575 83.574
39.6 82.4679 1.10615 83.5741
39.62 88.1529 -4.58434 83.5685
39.64 91.6968 -8.11731 83.5795
39.66 91.6859 -8.10642 83.5795
39.68 91.2308 -7.65123 83.5795
39.7 90.528 -6.94847 83.5795
39.72 89.0286 -5.44362 83.585
39.74 87.5446 -3.95407 83.5905
39.76 88.7522 -5.16719 83.585
39.78 90.645 -7.06004 83.585
39.8 90.9718 -7.38678 83.585
39.82 89.9715 -6.381 83.5905
39.84 90.1013 -6.52729 83.574
39.86 91.3979 -7.83485 83.5631
39.88 91.5796 -8.03294 83.5466
39.9 90.4906 -6.94396 83.5466
39.92 89.2312 -5.66815 83.5631
39.94 89.7231 -6.171 83.5521
39.96 90.8502 -7.3036 83.5466
39.98 91.0273 -7.47517 83.5521
40 90.6388 -7.10314 83.5357
40.02 90.4428 -6.9181 83.5247
40.04 89.7964 -6.27717 83.5192
40.06 87.8483 -4.31264 83.5357
40.08 88.4099 -4.87423 83.5357
40.1 91.0172 -7.48157 83.5357
40.12 92.2889 -8.74773 83.5412
40.14 92.9268 -9.38567 83.5412
40.16 93.1901 -9.63251 83.5576
40.18 88.624 -5.0664 83.5576
40.2 79.6271 3.93055 83.5576
40.22 79.1358 4.43272 83.5685
40.24 63.7185 19.8556 83.5741
40.26 79.4092 4.17024 83.5795
40.28 84.6986 -1.10819 83.5905
40.3 82.4632 1.12726 83.5905
40.32 89.6524 -6.05647 83.5959
40.34 92.9511 -9.36614 83.585
40.36 92.8257 -9.24069 83.585
40.38 91.7199 -8.14587 83.574
40.4 90.3072 -6.7332 83.574
40.42 88.0725 -4.49299 83.5795
40.44 82.2165 1.34654 83.5631
40.46 78.2744 5.29964 83.5741
40.48 83.4626 0.100476 83.5631
40.5 85.8665 -2.30343 83.5631
40.52 88.0524 -4.48384 83.5685
40.54 82.7316 0.83692 83.5686
40.56 82.9069 0.667165 83.574
40.58 90.0926 -6.51861 83.574
40.6 90.6341 -7.06003 83.574
40.62 90.1458 -6.57179 83.574
40.64 89.821 -6.25248 83.5686
40.66 89.7799 -6.20589 83.574
40.68 90.0148 -6.44624 83.5686
40.7 90.1586 -6.59553 83.5631
40.72 86.5889 -3.0259 83.563
40.74 76.5906 6.98344 83.5741
40.76 87.2621 -3.69358 83.5685
40.78 89.4158 -5.85817 83.5576
40.8 88.5329 -4.98074 83.5521
40.82 88.4242 -4.87759 83.5466
40.84 89.4395 -5.89288 83.5466
40.86 90.3622 -6.81005 83.5521
40.88 90.4237 -6.87707 83.5466
40.9 89.663 -6.11637 83.5466
40.92 89.099 -5.55239 83.5466
40.94 89.1805 -5.63388 83.5466
40.96 88.1282 -4.5816 83.5466
40.98 88.2307 -4.68408 83.5466
41 91.0774 -7.51977 83.5576
41.02 89.2667 -5.70368 83.5631
41.04 81.9773 1.6077 83.585
41.06 88.7147 -5.12427 83.5905
41.08 93.5025 -9.9285 83.574
41.1 93.5884 -10.0089 83.5795
41.12 89.8927 -6.31869 83.574
41.14 85.898 -2.32949 83.5685
41.16 79.8639 3.69367 83.5576
41.18 83.6392 -0.0816543 83.5576
41.2 90.4684 -6.91085 83.5576
41.22 93.4665 -9.91437 83.5521
41.24 92.7075 -9.16636 83.5412
41.26 89.4024 -5.85026 83.5521
41.28 91.1046 -7.54698 83.5576
41.3 93.4567 -9.8991 83.5576
41.32 88.7868 -5.24012 83.5466
41.34 84.8874 -1.34069 83.5467
41.36 91.1114 -7.55933 83.5521
41.38 88.2343 -4.68766 83.5466
41.4 87.2035 -3.66779 83.5357
41.42 87.9034 -4.36218 83.5412
41.44 90.9618 -7.41514 83.5466
41.46 92.897 -9.33942 83.5576
41.48 93.1701 -9.60153 83.5686
41.5 93.2808 -9.72322 83.5576
41.52 93.547 -9.98942 83.5576
41.54 93.7981 -10.2405 83.5576
41.56 93.4458 -9.87726 83.5686
41.58 90.3459 -6.78279 83.5631
41.6 83.0398 0.512357 83.5521
41.62 87.8716 -4.33042 83.5411
41.64 92.0147 -8.46805 83.5466
41.66 92.8697 -9.32306 83.5467
41.68 93.3026 -9.75045 83.5521
41.7 90.0117 -6.46505 83.5466
41.72 83.5773 -0.0415475 83.5357
41.74 91.142 -7.60632 83.5357
41.76 93.7123 -10.1767 83.5357
41.78 94.2038 -10.6736 83.5302
41.8 93.6196 -10.0894 83.5302
41.82 90.5688 -7.04407 83.5247
41.84 85.7044 -2.1687 83.5357
41.86 85.7067 -2.17647 83.5302
41.88 91.8878 -8.37406 83.5138
41.9 93.9836 -10.4753 83.5083
41.92 89.8774 -6.36911 83.5083
41.94 87.6802 -4.17737 83.5028
41.96 84.4116 -0.903332 83.5083
41.98 83.7173 -0.219939 83.4973
42 91.0752 -7.58337 83.4918
42.02 96.1939 -12.6966 83.4973
42.04 96.6756 -13.1673 83.5083
42.06 94.0627 -10.5435 83.5192
42.08 88.0228 -4.50903 83.5138
42.1 87.1446 -3.63633 83.5083
42.12 88.4431 -4.92934 83.5138
42.14 90.3058 -6.78106 83.5247
42.16 93.8699 -10.3452 83.5247
42.18 95.3002 -11.781 83.5193
42.2 95.6199 -12.1061 83.5138
42.22 95.1438 -11.63 83.5138
42.24 93.5491 -10.0353 83.5138
42.26 92.3638 -8.83911 83.5247
42.28 93.8326 -10.3079 83.5247
42.3 95.0253 -11.5006 83.5247
42.32 94.5324 -11.0077 83.5247
42.34 93.0354 -9.51067 83.5247
42.36 91.4274 -7.91366 83.5138
42.38 91.4693 -7.94454 83.5247
42.4 92.9516 -9.41593 83.5357
42.42 93.5466 -10.0109 83.5357
42.44 92.7416 -9.20044 83.5412
42.46 92.7351 -9.19395 83.5412
42.48 94.0877 -10.5465 83.5412
42.5 94.7101 -11.169 83.5412
42.52 92.9144 -9.38419 83.5302
42.54 84.3024 -0.766747 83.5357
42.56 87.6225 -4.08136 83.5411
42.58 92.4647 -8.91254 83.5521
42.6 92.7773 -9.23617 83.5412
42.62 92.7024 -9.15024 83.5521
42.64 92.6827 -9.13609 83.5466
42.66 92.7071 -9.16044 83.5466
42.68 92.6639 -9.11179 83.5521
42.7 91.8206 -8.26851 83.5521
42.72 90.3964 -6.84426 83.5521
42.74 91.5775 -8.02541 83.5521
42.76 92.2971 -8.74502 83.5521
42.78 87.5487 -3.99661 83.5521
42.8 87.2646 -3.71797 83.5466
42.82 89.4738 -5.92164 83.5521
42.84 90.3017 -6.76058 83.5412
42.86 90.8464 -7.30527 83.5412
42.88 87.8903 -4.34918 83.5412
42.9 87.7914 -4.23928 83.5521
42.92 91.0387 -7.48107 83.5576
42.94 92.0002 -8.43715 83.5631
42.96 91.9224 -8.35388 83.5686
42.98 91.7369 -8.16831 83.5686
43 91.6568 -8.08273 83.574
43.02 91.7008 -8.13221 83.5686
43.04 91.8451 -8.28752 83.5576
43.06 92.0599 -8.50776 83.5521
43.08 92.3155 -8.75787 83.5576
43.1 92.5631 -9.01649 83.5466
43.12 92.7028 -9.15069 83.5521
43.14 92.5906 -9.03845 83.5521
43.16 92.2157 -8.66906 83.5466
43.18 91.9064 -8.36523 83.5412
43.2 91.7824 -8.23574 83.5466
43.22 91.6656 -8.11344 83.5521
43.24 92.0375 -8.48534 83.5521
43.26 92.4936 -8.92503 83.5686
43.28 91.5199 -7.95133 83.5685
43.3 86.5917 -3.02864 83.563
43.32 80.0423 3.50982 83.5522
43.34 91.4976 -7.93454 83.5631
43.36 93.6004 -10.0264 83.574
43.38 93.1299 -9.55586 83.574
43.4 92.6526 -9.08407 83.5686
43.42 92.4 -8.81499 83.585
43.44 92.1345 -8.54406 83.5905
43.46 91.2315 -7.64106 83.5905
43.48 89.114 -5.51254 83.6014
43.5 87.1276 -3.52612 83.6014
43.52 88.4899 -4.89398 83.596
43.54 91.7358 -8.14534 83.5905
43.56 93.1085 -9.51801 83.5905
43.58 92.5343 -8.94385 83.5905
43.6 89.3043 -5.71932 83.585
43.62 83.3702 0.209344 83.5795
43.64 85.6187 -2.04465 83.574
43.66 91.3788 -7.82124 83.5576
43.68 93.5408 -9.98866 83.5521
43.7 93.5664 -10.0197 83.5466
43.72 93.4814 -9.93472 83.5466
43.74 93.9878 -10.4466 83.5412
43.76 94.5779 -11.0203 83.5576
43.78 94.6663 -11.1087 83.5576
43.8 93.9999 -10.4477 83.5521
43.82 92.7554 -9.19233 83.5631
43.84 91.7793 -8.2272 83.5521
43.86 91.3732 -7.82108 83.5521
43.88 91.3289 -7.77128 83.5576
43.9 92.6522 -9.10557 83.5466
43.92 92.0949 -8.54275 83.5521
43.94 89.5674 -6.00979 83.5576
43.96 90.7791 -7.216 83.5631
43.98 93.6729 -10.1153 83.5576
44 94.5959 -11.0438 83.5521
44.02 93.8059 -10.2374 83.5686
44.04 91.4397 -7.87118 83.5686
44.06 90.1272 -6.55869 83.5686
44.08 91.8703 -8.3017 83.5686
44.1 92.6851 -9.11102 83.574
44.12 91.7927 -8.21871 83.574
44.14 91.3174 -7.73792 83.5795
44.16 92.9515 -9.37197 83.5795
44.18 94.7112 -11.1263 83.585
44.2 95.0564 -11.4824 83.574
44.22 91.9412 -8.37264 83.5685
44.24 85.8817 -2.30216 83.5795
44.26 87.3323 -3.75284 83.5795
44.28 89.4978 -5.92381 83.574
44.3 89.4431 -5.87459 83.5686
44.32 91.6783 -8.1152 83.5631
44.34 93.1176 -9.56551 83.5521
44.36 92.9701 -9.42346 83.5466
44.38 92.2152 -8.66308 83.5521
44.4 91.2872 -7.73504 83.5521
44.42 90.0239 -6.47178 83.5521
44.44 87.9944 -4.43677 83.5576
44.46 86.3856 -2.83895 83.5466
44.48 87.381 -3.84532 83.5357
44.5 88.8804 -5.32828 83.5521
44.52 89.5359 -5.98926 83.5466
44.54 89.0509 -5.49883 83.5521
44.56 84.203 -0.661844 83.5411
44.58 81.0874 2.44833 83.5357
44.6 88.1864 -4.63976 83.5466
44.62 90.2869 -6.73476 83.5521
44.64 90.5536 -7.00154 83.5521
44.66 88.1918 -4.63426 83.5576
44.68 79.0178 4.53975 83.5576
44.7 79.8516 3.70047 83.5521
44.72 85.3751 -1.82851 83.5466
44.74 88.4739 -4.92727 83.5466
44.76 88.3275 -4.78633 83.5411
44.78 89.3857 -5.85555 83.5302
44.8 90.2477 -6.71203 83.5357
44.82 90.2785 -6.73736 83.5411
44.84 90.0175 -6.47636 83.5411
44.86 89.8847 -6.33809 83.5466
44.88 90.092 -6.54535 83.5466
44.9 90.6067 -7.0546 83.5521
44.92 91.2254 -7.65133 83.574
44.94 91.671 -8.09148 83.5795
44.96 91.4705 -7.89098 83.5795
44.98 89.8036 -6.21859 83.585
45 87.0366 -3.45713 83.5795
45.02 86.5963 -3.02778 83.5685
45.04 87.1367 -3.56819 83.5685
45.06 87.2186 -3.6446 83.574
45.08 90.1303 -6.56181 83.5685
45.1 92.8223 -9.25381 83.5685
45.12 93.5419 -9.97339 83.5685
45.14 93.204 -9.63003 83.574
45.16 92.502 -8.93348 83.5685
45.18 92.0693 -8.5062 83.5631
45.2 92.1445 -8.58693 83.5576
45.22 91.7696 -8.21205 83.5576
45.24 90.6761 -7.11849 83.5576
45.26 87.5096 -3.9466 83.563
45.28 79.851 3.72298 83.574
45.3 84.0874 -0.507908 83.5795
45.32 89.0121 -5.43813 83.574
45.34 90.4762 -6.89669 83.5795
45.36 92.1353 -8.55585 83.5795
45.38 92.9145 -9.33498 83.5795
45.4 92.616 -9.04744 83.5685
45.42 90.194 -6.63095 83.563
45.44 85.1053 -1.55317 83.5521
45.46 85.9569 -2.39936 83.5576
45.48 90.3841 -6.83197 83.5521
45.5 91.7644 -8.22324 83.5411
45.52 92.0157 -8.4636 83.5521
45.54 92.4356 -8.88354 83.5521
45.56 89.11 -5.54699 83.563
45.58 82.0643 1.50973 83.5741
45.6 91.9792 -8.40517 83.574
45.62 94.143 -10.558 83.585
45.64 94.0696 -10.4901 83.5795
45.66 93.6507 -10.0492 83.6014
45.68 92.1183 -8.52234 83.5959
45.7 84.6071 -1.02217 83.5849
45.72 75.5165 8.06303 83.5795
45.74 89.795 -6.23197 83.563
45.76 87.5356 -3.97253 83.5631
45.78 90.1034 -6.53485 83.5685
45.8 91.6587 -8.08471 83.574
45.82 89.6994 -6.13086 83.5685
45.84 87.5051 -3.94202 83.5631
45.86 88.9391 -5.376 83.5631
45.88 90.5208 -6.95231 83.5685
45.9 90.899 -7.34138 83.5576
45.92 90.7286 -7.17103 83.5576
45.94 89.775 -6.21193 83.5631
45.96 87.0919 -3.5288 83.5631
45.98 85.9509 -2.3878 83.5631
46 88.9118 -5.34874 83.5631
46.02 90.7028 -7.13977 83.5631
46.04 91.3 -7.73697 83.5631
46.06 91.7171 -8.14304 83.574
46.08 92.3011 -8.73804 83.5631
46.1 93.0014 -9.42734 83.574
46.12 92.7554 -9.18683 83.5685
46.14 86.3558 -2.78182 83.574
46.16 76.8044 6.76419 83.5686
46.18 76.6212 6.94187 83.5631
46.2 80.9515 2.61701 83.5685
46.22 88.9089 -5.33492 83.574
46.24 91.8447 -8.25969 83.585
46.26 91.0334 -7.43744 83.5959
46.28 88.4047 -4.81423 83.5905
46.3 88.4033 -4.81286 83.5904
46.32 85.86 -2.28044 83.5795
46.34 91.8881 -8.31961 83.5685
46.36 92.3368 -8.7683 83.5685
46.38 88.6202 -5.05161 83.5686
46.4 87.502 -3.93348 83.5685
46.42 81.3923 2.1818 83.5741
46.44 91.9512 -8.37178 83.5795
46.46 95.7335 -12.154 83.5795
46.48 96.8032 -13.2292 83.574
46.5 97.4313 -13.8573 83.574
46.52 94.952 -11.3835 83.5685
46.54 86.1188 -2.55573 83.5631
46.56 88.9586 -5.39552 83.563
46.58 89.7352 -6.16663 83.5685
46.6 91.4236 -7.86058 83.5631
46.62 94.5567 -10.9992 83.5576
46.64 92.9491 -9.38055 83.5685
46.66 91.8404 -8.26089 83.5795
46.68 94.0389 -10.4594 83.5795
46.7 95.4122 -11.8272 83.585
46.72 93.709 -10.1241 83.585
46.74 88.6826 -5.09761 83.585
46.76 89.9718 -6.39232 83.5795
46.78 94.1731 -10.5936 83.5795
46.8 95.2161 -11.6421 83.574
46.82 94.9934 -11.4193 83.574
46.84 93.6147 -10.0516 83.5631
46.86 90.2201 -6.66249 83.5576
46.88 87.0549 -3.4973 83.5576
46.9 86.2796 -2.71657 83.5631
46.92 83.5028 0.0548202 83.5576
46.94 85.5195 -1.96191 83.5576
46.96 90.3137 -6.74511 83.5685
46.98 91.6456 -8.08802 83.5576
47 91.4239 -7.86081 83.5631
47.02 90.9619 -7.38786 83.574
47.04 90.6008 -7.02129 83.5795
47.06 90.3878 -6.81927 83.5686
47.08 90.3 -6.72601 83.574
47.1 90.288 -6.7304 83.5576
47.12 90.2524 -6.71124 83.5412
47.14 89.9698 -6.42862 83.5412
47.16 89.1273 -5.57521 83.5521
47.18 88.1198 -4.56218 83.5576
47.2 88.5161 -4.96401 83.5521
47.22 89.9337 -6.3761 83.5576
47.24 90.9572 -7.39413 83.5631
47.26 91.5322 -7.96365 83.5685
47.28 91.9513 -8.37729 83.574
47.3 92.2733 -8.70473 83.5685
47.32 92.2012 -8.6491 83.5521
47.34 91.1303 -7.5837 83.5466
47.36 89.6319 -6.08525 83.5466
47.38 89.8924 -6.34025 83.5521
47.4 90.6805 -7.12837 83.5521
47.42 90.0395 -6.49832 83.5412
47.44 89.8657 -6.31353 83.5521
47.46 92.2894 -8.7373 83.5521
47.48 94.2165 -10.6644 83.5521
47.5 93.1949 -9.64827 83.5466
47.52 81.9136 1.62763 83.5412
47.54 90.7816 -7.24597 83.5356
47.56 92.0196 -8.48941 83.5302
47.58 86.531 -3.00627 83.5247
47.6 86.9505 -3.42574 83.5247
47.62 90.2789 -6.77065 83.5083
47.64 94.6036 -11.0898 83.5138
47.66 97.0309 -13.5061 83.5247
47.68 96.858 -13.3332 83.5247
47.7 93.067 -9.53132 83.5357
47.72 85.89 -2.34879 83.5412
47.74 82.1433 1.39782 83.5412
47.76 81.0051 2.5415 83.5466
47.78 78.9498 4.60779 83.5576
47.8 87.1072 -3.54409 83.5631
47.82 93.6334 -10.0703 83.5631
47.84 92.1385 -8.57543 83.563
47.86 72.909 10.6541 83.5632
47.88 84.3348 -0.766297 83.5685
47.9 89.5287 -5.97109 83.5576
47.92 91.7018 -8.14967 83.5521
47.94 91.4328 -7.88613 83.5466
47.96 89.1093 -5.55719 83.5521
47.98 84.6067 -1.04356 83.5631
48 85.7747 -2.19518 83.5795
48.02 88.9812 -5.41815 83.5631
48.04 89.9836 -6.42051 83.5631
48.06 89.4874 -5.92983 83.5576
48.08 87.3297 -3.77754 83.5521
48.1 87.2757 -3.71812 83.5576
48.12 89.7458 -6.1882 83.5576
48.14 87.4242 -3.86109 83.5631
48.16 82.5978 0.970746 83.5686
48.18 89.1093 -5.55169 83.5576
48.2 91.4679 -7.89389 83.574
48.22 91.5634 -7.97296 83.5905
48.24 91.3471 -7.76208 83.585
48.26 90.9179 -7.33292 83.585
48.28 90.1855 -6.60598 83.5795
48.3 89.8122 -6.23813 83.574
48.32 90.2593 -6.69619 83.5631
48.34 90.785 -7.21639 83.5686
48.36 91.0511 -7.48251 83.5686
48.38 91.2507 -7.68215 83.5686
48.4 91.5044 -7.94136 83.5631
48.42 91.6132 -8.03914 83.574
48.44 90.7618 -7.18779 83.574
48.46 87.8665 -4.29245 83.574
48.48 86.4476 -2.88451 83.5631
48.5 88.8762 -5.3131 83.5631
48.52 90.1942 -6.62566 83.5686
48.54 91.0981 -7.535 83.5631
48.56 90.6499 -7.10876 83.5412
48.58 87.1655 -3.62428 83.5412
48.6 88.7895 -5.24288 83.5466
48.62 91.6724 -8.11479 83.5576
48.64 90.389 -6.8204 83.5686
48.66 87.3042 -3.7302 83.574
48.68 85.0015 -1.42204 83.5795
48.7 80.8258 2.7537 83.5795
48.72 85.7146 -2.14052 83.574
48.74 90.4358 -6.86181 83.574
48.76 91.8068 -8.23274 83.574
48.78 91.8769 -8.30288 83.574
48.8 91.4985 -7.92447 83.574
48.82 88.3866 -4.81805 83.5685
48.84 82.616 0.952579 83.5686
48.86 87.8214 -4.25831 83.5631
48.88 84.9974 -1.45072 83.5466
48.9 77.9558 5.59081 83.5467
48.92 83.7 -0.153333 83.5466
48.94 89.9345 -6.38792 83.5466
48.96 86.8382 -3.2861 83.5521
48.98 86.5116 -2.94855 83.5631
49 90.391 -6.83884 83.5521
49.02 89.7503 -6.19817 83.5521
49.04 84.4985 -0.946401 83.5521
49.06 80.2838 3.26833 83.5521
49.08 87.1417 -3.58414 83.5576
49.1 91.239 -7.68686 83.5521
49.12 91.6684 -8.12728 83.5412
49.14 91.5023 -7.94474 83.5576
49.16 91.3752 -7.82309 83.5521
49.18 91.0483 -7.50162 83.5466
49.2 89.6517 -6.09412 83.5576
49.22 86.9684 -3.41631 83.5521
49.24 86.8599 -3.30227 83.5576
49.26 88.2542 -4.69108 83.5631
49.28 89.9568 -6.38827 83.5686
49.3 91.6498 -8.08129 83.5686
49.32 91.6832 -8.12563 83.5576
49.34 90.3469 -6.78387 83.5631
49.36 89.3534 -5.79581 83.5576
49.38 90.6019 -7.03884 83.5631
49.4 92.0391 -8.47054 83.5686
49.42 92.8431 -9.2581 83.585
49.44 92.601 -9.01606 83.585
49.46 83.758 -0.167588 83.5904
49.48 79.1518 4.44415 83.596
49.5 91.5119 -7.9215 83.5904
49.52 94.6168 -11.0263 83.5905
49.54 93.6712 -10.0752 83.596
49.56 90.8534 -7.27393 83.5795
49.58 87.8911 -4.31157 83.5795
49.6 85.0697 -1.48466 83.585
49.62 83.1937 0.380354 83.574
49.64 87.9465 -4.37798 83.5685
49.66 88.9789 -5.39941 83.5795
49.68 86.5297 -2.96114 83.5686
49.7 89.1618 -5.59871 83.5631
49.72 91.5572 -7.98862 83.5686
49.74 91.9614 -8.39282 83.5686
49.76 92.0519 -8.47236 83.5795
49.78 92.3385 -8.76998 83.5686
49.8 92.7331 -9.16458 83.5686
49.82 92.9092 -9.34616 83.5631
49.84 92.2092 -8.64609 83.5631
49.86 89.9503 -6.39269 83.5576
49.88 88.1356 -4.57253 83.5631
49.9 87.6747 -4.11159 83.5631
49.92 88.1054 -4.52589 83.5795
49.94 92.2773 -8.69781 83.5795
49.96 94.1212 -10.5417 83.5795
49.98 92.2679 -8.6884 83.5795
