9.7549331 8.2743329 2.2292935 -2.0075483
2.3619327 2.7906368 -1.8084418 -2.3936454
7.2817947 9.0818706 2.9427331 0.58337113
7.0688509 6.9005739 0.1924466 -2.993821
7.7789915 3.7002926 2.5799575 1.5309537
4.5240096 9.1463585 -2.0588091 -2.1820415
6.1415759 1.4344064 -1.012352 2.8240296
0.86620743 2.8189152 2.75092 1.1968455
2.5583891 0.069186934 -0.79399218 -2.893022
0.45177778 4.1828021 -0.44366368 2.9670124
9.3774335 9.8757067 1.4192087 2.6430752
7.9109204 2.0308399 0.14103882 -2.9966828
9.2772225 6.0043446 1.0072623 -2.825849
1.468655 0.62614213 1.4427272 2.6303114
5.2178994 3.6003035 -2.8440613 0.95462851
8.2735444 5.637835 -2.9522371 -0.53319418
6.2521648 9.3383392 2.6022646 1.492722
1.5795643 9.0370088 1.7961658 2.4028708
1.7998312 6.2683998 -2.3270373 1.8933825
6.6251381 4.25422 -2.3207237 -1.9011159
