0.00 3.1696 -7.92222 -4.75262
0.02 3.21619 -7.96881 -4.75262
0.04 3.27519 -8.02781 -4.75262
0.06 3.3444 -8.09702 -4.75262
0.08 3.42412 -8.17674 -4.75262
0.1 3.51611 -8.26874 -4.75262
0.12 3.62266 -8.37528 -4.75262
0.14 3.74587 -8.4985 -4.75262
0.16 3.88736 -8.63999 -4.75262
0.18 4.04787 -8.79502 -4.74714
0.2 4.22686 -8.97401 -4.74714
0.22 4.42189 -9.16903 -4.74714
0.24 4.62815 -9.37529 -4.74714
0.26 4.83812 -9.58526 -4.74714
0.28 5.04168 -9.78882 -4.74714
0.3 5.22581 -9.97296 -4.74714
0.32 5.37117 -10.1183 -4.74715
0.34 5.4439 -10.191 -4.74715
0.36 5.39246 -10.1396 -4.74715
0.38 5.17774 -9.92489 -4.74715
0.4 4.85075 -9.59789 -4.74714
0.42 4.60659 -9.35373 -4.74714
0.44 4.66719 -9.40338 -4.73619
0.46 5.03982 -9.776 -4.73619
0.48 5.48775 -10.2185 -4.73071
0.5 5.79329 -10.524 -4.73071
0.52 5.96211 -10.6983 -4.73619
0.54 6.13198 -10.8736 -4.74167
0.56 6.3421 -11.0838 -4.74167
0.58 6.50891 -11.2451 -4.73619
0.6 6.56904 -11.3052 -4.73619
0.62 6.52676 -11.2629 -4.73619
0.64 6.41305 -11.1492 -4.73619
0.66 6.25044 -10.9866 -4.73619
0.68 6.04228 -10.7894 -4.74714
0.7 5.78215 -10.5293 -4.74714
0.72 5.50274 -10.2499 -4.74714
0.74 5.32564 -10.0728 -4.74714
0.76 5.3432 -10.0903 -4.74714
0.78 5.43456 -10.1817 -4.74714
0.8 5.45581 -10.1975 -4.74167
0.82 5.49448 -10.2361 -4.74166
0.84 5.61528 -10.3569 -4.74167
0.86 5.65446 -10.3961 -4.74167
0.88 5.55055 -10.2922 -4.74167
0.9 5.48894 -10.2416 -4.75262
0.92 5.59152 -10.3441 -4.75262
0.94 5.72743 -10.48 -4.75262
0.96 5.71352 -10.4661 -4.75262
0.98 5.53212 -10.2847 -4.75262
1 5.33961 -10.0977 -4.7581
1.02 5.31071 -10.0688 -4.7581
1.04 5.47942 -10.243 -4.76358
1.06 5.75857 -10.5222 -4.76358
1.08 6.05607 -10.8197 -4.76358
1.1 6.3245 -11.0881 -4.76358
1.12 6.54962 -11.3132 -4.76358
1.14 6.73055 -11.4941 -4.76358
1.16 6.86814 -11.6317 -4.76358
1.18 6.95826 -11.7218 -4.76358
1.2 6.98644 -11.75 -4.76358
1.22 6.92816 -11.6863 -4.7581
1.24 6.7658 -11.5239 -4.7581
1.26 6.53374 -11.2918 -4.7581
1.28 6.35732 -11.1099 -4.75262
1.3 6.38492 -11.143 -4.7581
1.32 6.60999 -11.3681 -4.7581
1.34 6.81124 -11.5639 -4.75262
1.36 6.74302 -11.4956 -4.75262
1.38 6.41895 -11.1716 -4.75262
1.4 6.19598 -10.9486 -4.75262
1.42 6.33655 -11.0892 -4.75262
1.44 6.64045 -11.3876 -4.74714
1.46 6.83117 -11.5893 -4.7581
1.48 6.92094 -11.679 -4.7581
1.5 7.05773 -11.8158 -4.7581
1.52 7.24187 -11.9945 -4.75262
1.54 7.36181 -12.1144 -4.75262
1.56 7.35814 -12.1108 -4.75262
1.58 7.2429 -11.99 -4.74714
1.6 7.05164 -11.7988 -4.74714
1.62 6.8178 -11.5649 -4.74714
1.64 6.56406 -11.3112 -4.74714
1.66 6.29504 -11.0477 -4.75262
1.68 6.00839 -10.761 -4.75262
1.7 5.73729 -10.4954 -4.7581
1.72 5.55079 -10.3089 -4.7581
1.74 5.47433 -10.2324 -4.7581
1.76 5.50461 -10.2627 -4.7581
1.78 5.65064 -10.4197 -4.76906
1.8 5.8447 -10.6138 -4.76906
1.82 5.97549 -10.7446 -4.76906
1.84 5.99794 -10.767 -4.76906
1.86 5.92637 -10.6954 -4.76906
1.88 5.79332 -10.5624 -4.76906
1.9 5.63958 -10.4086 -4.76906
1.92 5.51112 -10.2857 -4.77454
1.94 5.44299 -10.2175 -4.77454
1.96 5.44278 -10.2228 -4.78002
1.98 5.49382 -10.2738 -4.78002
2 5.57355 -10.3481 -4.77454
2.02 5.66765 -10.4422 -4.77454
2.04 5.77042 -10.545 -4.77454
2.06 5.87825 -10.6528 -4.77454
2.08 5.98336 -10.7524 -4.76906
2.1 6.07218 -10.8522 -4.78002
2.12 6.13444 -10.9145 -4.78002
2.14 6.18546 -10.9655 -4.78002
2.16 6.2875 -11.0675 -4.78002
2.18 6.51695 -11.297 -4.78002
2.2 6.87636 -11.6564 -4.78002
2.22 7.26838 -12.0484 -4.78002
2.24 7.57396 -12.354 -4.78002
2.26 7.72585 -12.5059 -4.78002
2.28 7.73917 -12.5192 -4.78002
2.3 7.72107 -12.5011 -4.78002
2.32 7.80397 -12.5895 -4.7855
2.34 8.01089 -12.7964 -4.7855
2.36 8.24834 -13.0338 -4.7855
2.38 8.43482 -13.2203 -4.7855
2.4 8.54512 -13.3251 -4.78002
2.42 8.57086 -13.3509 -4.78002
2.44 8.52549 -13.311 -4.7855
2.46 8.41897 -13.2045 -4.7855
2.48 8.19999 -12.98 -4.78002
2.5 7.98189 -12.7619 -4.78002
2.52 8.14455 -12.9246 -4.78002
2.54 8.63098 -13.4165 -4.7855
2.56 8.93763 -13.7286 -4.79098
2.58 8.88615 -13.6771 -4.79098
2.6 8.67623 -13.4727 -4.79646
2.62 8.55652 -13.3585 -4.80194
2.64 8.63449 -13.4419 -4.80742
2.66 8.89455 -13.6965 -4.80194
2.68 9.25765 -14.0596 -4.80194
2.7 9.61708 -14.4135 -4.79646
2.72 9.88294 -14.6849 -4.80194
2.74 10.004 -14.806 -4.80194
2.76 9.95713 -14.7591 -4.80194
2.78 9.73712 -14.5445 -4.80742
2.8 9.34606 -14.1535 -4.80742
2.82 8.80071 -13.6081 -4.80742
2.84 8.28036 -13.0878 -4.80742
2.86 8.22631 -13.0392 -4.81289
2.88 8.80808 -13.621 -4.8129
2.9 9.55285 -14.3712 -4.81838
2.92 9.94763 -14.766 -4.81838
2.94 9.79285 -14.6057 -4.8129
2.96 9.06758 -13.8805 -4.8129
2.98 7.97998 -12.7929 -4.8129
3 7.17371 -11.9811 -4.80741
3.02 7.18879 -11.9962 -4.80742
3.04 7.65057 -12.458 -4.80742
3.06 8.02142 -12.8288 -4.80742
3.08 8.38346 -13.1909 -4.80742
3.1 8.88421 -13.6971 -4.8129
3.12 9.31559 -14.1285 -4.8129
3.14 9.53064 -14.3435 -4.8129
3.16 9.59435 -14.4182 -4.82385
3.18 9.59585 -14.4252 -4.82933
3.2 9.54819 -14.3775 -4.82933
3.22 9.41498 -14.2443 -4.82933
3.24 9.18897 -14.0128 -4.82385
3.26 8.93811 -13.762 -4.82385
3.28 8.71332 -13.5372 -4.82385
3.3 8.5088 -13.3327 -4.82385
3.32 8.48461 -13.303 -4.81837
3.34 8.77106 -13.5949 -4.82385
3.36 9.17763 -14.0015 -4.82385
3.38 9.5535 -14.3774 -4.82385
3.4 9.75286 -14.5767 -4.82385
3.42 9.60926 -14.4386 -4.82933
3.44 9.37449 -14.1983 -4.82385
3.46 9.58781 -14.4171 -4.82933
3.48 10.4667 -15.296 -4.82933
3.5 11.5671 -16.3965 -4.82933
3.52 12.1913 -17.0151 -4.82385
3.54 12.1042 -16.928 -4.82385
3.56 11.5056 -16.3295 -4.82385
3.58 10.7714 -15.5953 -4.82385
3.6 10.1667 -14.9961 -4.82933
3.62 9.82178 -14.6456 -4.82385
3.64 9.90354 -14.7219 -4.81837
3.66 10.3314 -15.1498 -4.81837
3.68 10.6804 -15.4933 -4.8129
3.7 10.6096 -15.4225 -4.8129
3.72 10.1549 -14.9678 -4.8129
3.74 9.69831 -14.5112 -4.81289
3.76 9.50096 -14.3139 -4.8129
3.78 9.35535 -14.1737 -4.81838
3.8 9.1289 -13.9473 -4.81837
3.82 9.05525 -13.8736 -4.81837
3.84 9.24599 -14.0808 -4.83481
3.86 9.51279 -14.3476 -4.83481
3.88 9.71644 -14.5567 -4.84029
3.9 9.8624 -14.6917 -4.82933
3.92 9.96824 -14.7976 -4.82933
3.94 9.99031 -14.8142 -4.82385
3.96 9.83489 -14.6587 -4.82385
3.98 9.42891 -14.2528 -4.82385
4 8.87221 -13.6906 -4.81837
4.02 8.58099 -13.3939 -4.81289
4.04 8.98674 -13.7942 -4.80741
4.06 9.79066 -14.5981 -4.80742
4.08 10.3104 -15.1179 -4.80742
4.1 10.3246 -15.1265 -4.80194
4.12 10.0318 -14.8337 -4.80193
4.14 9.74384 -14.5458 -4.80193
4.16 9.60567 -14.4076 -4.80193
4.18 9.51272 -14.3311 -4.81837
4.2 9.37646 -14.1894 -4.81289
4.22 9.29193 -14.1048 -4.81289
4.24 9.35409 -14.167 -4.81289
4.26 9.52907 -14.3365 -4.80741
4.28 9.77443 -14.5818 -4.80741
4.3 10.0454 -14.8583 -4.81289
4.32 10.2408 -15.0591 -4.81837
4.34 10.3016 -15.1255 -4.82385
4.36 10.2575 -15.0814 -4.82385
4.38 10.1708 -14.9946 -4.82385
4.4 10.0897 -14.9081 -4.81837
4.42 10.0359 -14.8543 -4.81837
4.44 10.0068 -14.8362 -4.82933
4.46 9.97967 -14.809 -4.82933
4.48 9.91852 -14.7479 -4.82933
4.5 9.79411 -14.6234 -4.82933
4.52 9.62203 -14.4514 -4.82933
4.54 9.49854 -14.3279 -4.82933
4.56 9.56909 -14.3929 -4.82385
4.58 9.91271 -14.742 -4.82933
4.6 10.4402 -15.275 -4.83481
4.62 10.9011 -15.7414 -4.84029
4.64 11.0194 -15.8597 -4.84029
4.66 10.7221 -15.5624 -4.84029
4.68 10.3285 -15.1688 -4.84029
4.7 10.2439 -15.0787 -4.83481
4.72 10.3367 -15.177 -4.84029
4.74 10.2299 -15.0702 -4.84029
4.76 10.2021 -15.0479 -4.84577
4.78 10.6047 -15.4559 -4.85125
4.8 11.0384 -15.8842 -4.84577
4.82 11.3902 -16.2305 -4.84029
4.84 11.7004 -16.5407 -4.84029
4.86 11.6875 -16.5278 -4.84029
4.88 11.1797 -16.02 -4.84029
4.9 10.846 -15.6808 -4.83481
4.92 11.3292 -16.1694 -4.84029
4.94 11.793 -16.6224 -4.82933
4.96 11.4835 -16.3128 -4.82933
4.98 10.4664 -15.3012 -4.83481
5 9.52619 -14.361 -4.83481
5.02 9.92594 -14.7607 -4.83481
5.04 11.1692 -16.004 -4.83481
5.06 11.9508 -16.7857 -4.83481
5.08 12.142 -16.9714 -4.82933
5.1 11.962 -16.7914 -4.82933
5.12 11.4657 -16.2895 -4.82385
5.14 10.8242 -15.648 -4.82385
5.16 10.6398 -15.4637 -4.82385
5.18 11.2625 -16.0864 -4.82385
5.2 12.0572 -16.881 -4.82385
5.22 12.2158 -17.0451 -4.82933
5.24 11.5915 -16.4263 -4.83481
5.26 10.942 -15.7768 -4.83481
5.28 10.9465 -15.7813 -4.83481
5.3 11.0873 -15.9221 -4.83481
5.32 11.0281 -15.8629 -4.83481
5.34 11.1079 -15.9427 -4.83481
5.36 11.4437 -16.2785 -4.83481
5.38 11.7603 -16.6006 -4.84029
5.4 11.8976 -16.7379 -4.84029
5.42 11.9075 -16.7369 -4.82933
5.44 11.9033 -16.7326 -4.82933
5.46 11.9217 -16.7456 -4.82385
5.48 11.8062 -16.6246 -4.81837
5.5 11.2797 -16.1035 -4.82385
5.52 10.5363 -15.3601 -4.82385
5.54 10.6118 -15.4302 -4.81837
5.56 11.5098 -16.3282 -4.81837
5.58 12.1796 -16.998 -4.81837
5.6 12.3623 -17.1807 -4.81837
5.62 12.2532 -17.0716 -4.81837
5.64 12.004 -16.8224 -4.81837
5.66 11.6936 -16.5174 -4.82385
5.68 11.3927 -16.2166 -4.82385
5.7 11.182 -16.0004 -4.81837
5.72 11.1175 -15.9359 -4.81837
5.74 11.1772 -15.9956 -4.81837
5.76 11.2136 -16.0375 -4.82385
5.78 11.0008 -15.8247 -4.82385
5.8 10.4907 -15.3146 -4.82385
5.82 10.2119 -15.0412 -4.82933
5.84 10.8765 -15.7058 -4.82933
5.86 11.8536 -16.6829 -4.82933
5.88 12.227 -17.0563 -4.82933
5.9 12.0871 -16.9055 -4.81837
5.92 11.8412 -16.6595 -4.81837
5.94 11.5779 -16.3962 -4.81837
5.96 11.2497 -16.0735 -4.82385
5.98 11.1148 -15.9386 -4.82385
6 11.3402 -16.1586 -4.81837
6.02 11.5474 -16.3658 -4.81837
6.04 11.4186 -16.237 -4.81837
6.06 11.0837 -15.902 -4.81837
6.08 10.857 -15.6754 -4.81837
6.1 10.9235 -15.7419 -4.81837
6.12 11.264 -16.0824 -4.81837
6.14 11.7415 -16.5599 -4.81837
6.16 12.1829 -17.0012 -4.81837
6.18 12.4608 -17.2792 -4.81837
6.2 12.5555 -17.3739 -4.81837
6.22 12.5436 -17.3674 -4.82385
6.24 12.5319 -17.3558 -4.82385
6.26 12.5856 -17.4095 -4.82385
6.28 12.7056 -17.5239 -4.81837
6.3 12.8681 -17.6865 -4.81837
6.32 13.0783 -17.8967 -4.81837
6.34 13.3709 -18.1838 -4.81289
6.36 13.75 -18.5629 -4.81289
6.38 14.1199 -18.9328 -4.81289
6.4 14.2764 -19.0893 -4.81289
6.42 14.0029 -18.8158 -4.81289
6.44 13.3548 -18.1677 -4.81289
6.46 12.8669 -17.6798 -4.81289
6.48 12.8014 -17.6143 -4.81289
6.5 12.6227 -17.4355 -4.81289
6.52 12.1042 -16.9171 -4.81289
6.54 11.788 -16.5954 -4.80741
6.56 12.4123 -17.2142 -4.80193
6.58 13.7171 -18.519 -4.80193
6.6 14.6343 -19.4362 -4.80193
6.62 14.8797 -19.6871 -4.80741
6.64 14.7167 -19.5241 -4.80741
6.66 14.3717 -19.1791 -4.80741
6.68 13.9264 -18.7338 -4.80741
6.7 13.3717 -18.1791 -4.80741
6.72 12.6813 -17.4942 -4.81289
6.74 11.9128 -16.7257 -4.81289
6.76 11.3115 -16.1244 -4.81289
6.78 11.1787 -15.9916 -4.81289
6.8 11.5106 -16.329 -4.81837
6.82 12.0092 -16.8276 -4.81837
6.84 12.3793 -17.2031 -4.82385
6.86 12.4749 -17.2988 -4.82385
6.88 12.2707 -17.0945 -4.82385
6.9 11.7913 -16.6206 -4.82933
6.92 11.1336 -15.9629 -4.82933
6.94 10.5574 -15.3867 -4.82933
6.96 10.3592 -15.194 -4.83481
6.98 10.5185 -15.3533 -4.83481
7 10.7894 -15.6242 -4.83481
7.02 11.023 -15.8578 -4.83481
7.04 11.1786 -16.0189 -4.84029
7.06 11.277 -16.1172 -4.84029
7.08 11.4035 -16.2438 -4.84029
7.1 11.6483 -16.4831 -4.83481
7.12 11.9961 -16.8309 -4.83481
7.14 12.2954 -17.1302 -4.83481
7.16 12.2742 -17.109 -4.83481
7.18 11.5189 -16.3537 -4.83481
7.2 9.954 -14.7833 -4.82933
7.22 9.28348 -14.1128 -4.82933
7.24 10.4605 -15.2898 -4.82933
7.26 11.5924 -16.4218 -4.82933
7.28 12.1194 -16.9542 -4.83481
7.3 12.4041 -17.2389 -4.83481
7.32 12.5581 -17.3929 -4.83481
7.34 12.4967 -17.3315 -4.83481
7.36 12.2786 -17.1134 -4.83481
7.38 12.0585 -16.8933 -4.83481
7.4 11.7099 -16.5447 -4.83481
7.42 11.0498 -15.8791 -4.82933
7.44 10.3668 -15.1961 -4.82933
7.46 10.1908 -15.0146 -4.82385
7.48 10.5658 -15.3841 -4.81837
7.5 11.0897 -15.8971 -4.80742
7.52 11.4626 -16.2701 -4.80742
7.54 11.6261 -16.4335 -4.80741
7.56 11.6505 -16.4579 -4.80741
7.58 11.5858 -16.3932 -4.80741
7.6 11.4042 -16.2062 -4.80194
7.62 11.0958 -15.9032 -4.80741
7.64 10.7586 -15.5605 -4.80193
7.66 10.5611 -15.363 -4.80193
7.68 10.5879 -15.3898 -4.80193
7.7 10.7409 -15.5429 -4.80193
7.72 10.8561 -15.6581 -4.80193
7.74 10.8418 -15.6437 -4.80193
7.76 10.6787 -15.4806 -4.80193
7.78 10.3732 -15.1806 -4.80741
7.8 9.94777 -14.7552 -4.80741
7.82 9.47948 -14.2814 -4.80193
7.84 9.14006 -13.942 -4.80193
7.86 9.11767 -13.9196 -4.80193
7.88 9.40602 -14.2025 -4.79645
7.9 9.80103 -14.5975 -4.79645
7.92 10.149 -14.9455 -4.79645
7.94 10.4094 -15.2114 -4.80193
7.96 10.5301 -15.343 -4.81289
7.98 10.4117 -15.2246 -4.81289
8 10.0431 -14.856 -4.81289
8.02 9.70417 -14.5171 -4.81289
8.04 9.84464 -14.6521 -4.80741
8.06 10.448 -15.2554 -4.80741
8.08 11.0392 -15.8466 -4.80741
8.1 11.3074 -16.1148 -4.80741
8.12 11.1914 -15.9933 -4.80193
8.14 10.7931 -15.5951 -4.80193
8.16 10.4354 -15.2373 -4.80193
8.18 10.4701 -15.2721 -4.80193
8.2 10.9432 -15.7506 -4.80741
8.22 11.6609 -16.4628 -4.80193
8.24 12.2836 -17.0856 -4.80193
8.26 12.3304 -17.1323 -4.80194
8.28 11.2617 -16.0636 -4.80194
8.3 9.66953 -14.466 -4.79645
8.32 10.1893 -14.9857 -4.79645
8.34 11.7083 -16.5048 -4.79646
8.36 12.2413 -17.0377 -4.79645
8.38 12.1337 -16.9247 -4.79097
8.4 11.9116 -16.7026 -4.79097
8.42 11.7525 -16.5435 -4.79097
8.44 11.6471 -16.4381 -4.79097
8.46 11.5554 -16.3518 -4.79645
8.48 11.4517 -16.2426 -4.79098
8.5 11.3379 -16.1234 -4.7855
8.52 11.2442 -16.0296 -4.7855
8.54 11.1299 -15.9154 -4.7855
8.56 10.8728 -15.6583 -4.7855
8.58 10.5645 -15.35 -4.7855
8.6 10.5223 -15.3078 -4.7855
8.62 10.8001 -15.5911 -4.79097
8.64 11.2063 -15.9918 -4.7855
8.66 11.5031 -16.2886 -4.7855
8.68 11.5436 -16.3291 -4.7855
8.7 11.3807 -16.1662 -4.7855
8.72 11.1613 -15.9468 -4.7855
8.74 10.985 -15.776 -4.79097
8.76 10.8953 -15.6862 -4.79097
8.78 10.9357 -15.7322 -4.79645
8.8 11.1104 -15.9179 -4.80741
8.82 11.2974 -16.0994 -4.80193
8.84 11.2661 -16.068 -4.80193
8.86 10.8652 -15.6617 -4.79645
8.88 10.3421 -15.1386 -4.79645
8.9 10.2929 -15.0893 -4.79645
8.92 10.834 -15.625 -4.79097
8.94 11.4079 -16.1988 -4.79097
8.96 11.6218 -16.4182 -4.79645
8.98 11.5096 -16.3061 -4.79645
9 11.2623 -16.0588 -4.79645
9.02 11.0314 -15.8278 -4.79645
9.04 10.8427 -15.6391 -4.79645
9.06 10.6102 -15.4121 -4.80193
9.08 10.2646 -15.072 -4.80741
9.1 9.9406 -14.7425 -4.80193
9.12 9.94885 -14.7508 -4.80193
9.14 10.3224 -15.1243 -4.80193
9.16 10.7159 -15.5124 -4.79645
9.18 10.8479 -15.6444 -4.79645
9.2 10.6427 -15.4391 -4.79645
9.22 10.1312 -14.9276 -4.79645
9.24 9.3837 -14.1802 -4.79645
9.26 8.5573 -13.3538 -4.79645
9.28 8.19929 -12.9957 -4.79645
9.3 8.81115 -13.6021 -4.79097
9.32 9.87786 -14.6688 -4.79097
9.34 10.7735 -15.5644 -4.79097
9.36 11.4057 -16.1967 -4.79097
9.38 11.8592 -16.6502 -4.79097
9.4 12.1812 -16.9721 -4.79097
9.42 12.3623 -17.1533 -4.79097
9.44 12.3532 -17.1442 -4.79097
9.46 12.1 -16.891 -4.79097
9.48 11.6282 -16.4192 -4.79097
9.5 11.132 -15.923 -4.79097
9.52 10.8931 -15.6895 -4.79645
9.54 10.908 -15.7045 -4.79645
9.56 10.8317 -15.6281 -4.79645
9.58 10.5434 -15.3399 -4.79645
9.6 10.3366 -15.1385 -4.80193
9.62 10.4935 -15.3009 -4.80741
9.64 10.9304 -15.7378 -4.80741
9.66 11.343 -16.1504 -4.80741
9.68 11.4995 -16.3069 -4.80741
9.7 11.3911 -16.1985 -4.80741
9.72 11.2992 -16.1121 -4.81289
9.74 11.5455 -16.3529 -4.80741
9.76 12.0296 -16.8425 -4.81289
9.78 12.4159 -17.2398 -4.82385
9.8 12.5268 -17.3506 -4.82385
9.82 12.2971 -17.121 -4.82385
9.84 11.6511 -16.4695 -4.81837
9.86 10.6836 -15.502 -4.81837
9.88 10.1088 -14.9326 -4.82385
9.9 10.49 -15.3139 -4.82385
9.92 11.2327 -16.0565 -4.82385
9.94 11.7603 -16.5841 -4.82385
9.96 11.8294 -16.6533 -4.82385
9.98 11.4171 -16.2464 -4.82933
10 10.955 -15.7844 -4.82933
10.02 10.9801 -15.8094 -4.82933
10.04 11.3968 -16.2261 -4.82933
10.06 11.792 -16.6268 -4.83481
10.08 12.0064 -16.8413 -4.83481
10.1 12.0948 -16.9296 -4.83481
10.12 12.1482 -16.9831 -4.83481
10.14 12.217 -17.0518 -4.83481
10.16 12.3106 -17.1509 -4.84029
10.18 12.426 -17.2663 -4.84029
10.2 12.5642 -17.4045 -4.84029
10.22 12.7272 -17.5675 -4.84029
10.24 12.9086 -17.7543 -4.84577
10.26 13.0808 -17.9266 -4.84577
10.28 13.1811 -18.0213 -4.84029
10.3 13.0932 -17.9335 -4.84029
10.32 12.6614 -17.5071 -4.84577
10.34 11.8523 -16.6926 -4.84028
10.36 11.2083 -16.0486 -4.84028
10.38 11.7602 -16.5895 -4.82933
10.4 13.1441 -17.9679 -4.82385
10.42 14.1926 -19.0164 -4.82385
10.44 14.7012 -19.5195 -4.81837
10.46 14.8101 -19.6284 -4.81837
10.48 14.5152 -19.3336 -4.81837
10.5 13.7481 -18.561 -4.81289
10.52 12.6483 -17.4666 -4.81837
10.54 11.9865 -16.8049 -4.81837
10.56 12.6746 -17.4875 -4.81289
10.58 14.1541 -18.967 -4.81289
10.6 15.2298 -20.0427 -4.81289
10.62 15.553 -20.3659 -4.81289
10.64 15.2687 -20.0816 -4.81289
10.66 14.6006 -19.4135 -4.81289
10.68 13.861 -18.6739 -4.81289
10.7 13.3613 -18.1742 -4.81289
10.72 13.2945 -18.1074 -4.81289
10.74 13.7777 -18.5961 -4.81837
10.76 14.6172 -19.4355 -4.81837
10.78 15.3403 -20.1587 -4.81837
10.8 15.5511 -20.3749 -4.82385
10.82 15.0381 -19.862 -4.82385
10.84 14.0546 -18.8729 -4.81837
10.86 13.4609 -18.2793 -4.81837
10.88 13.2299 -18.0483 -4.81837
10.9 12.537 -17.3608 -4.82385
10.92 11.7239 -16.5532 -4.82932
10.94 11.8132 -16.648 -4.8348
10.96 12.4492 -17.2731 -4.82385
10.98 12.4685 -17.2869 -4.81837
11 11.2096 -16.028 -4.81837
11.02 9.97063 -14.789 -4.81836
11.04 10.9096 -15.717 -4.80741
11.06 12.0473 -16.8602 -4.81289
11.08 12.3158 -17.1287 -4.81289
11.1 12.3173 -17.1357 -4.81837
11.12 12.4026 -17.2154 -4.81289
11.14 12.5952 -17.4081 -4.81289
11.16 12.8642 -17.6771 -4.81289
11.18 13.181 -18.0048 -4.82384
11.2 13.4951 -18.3189 -4.82384
11.22 13.7478 -18.5717 -4.82384
11.24 13.9037 -18.7276 -4.82384
11.26 13.9625 -18.7918 -4.82932
11.28 13.9599 -18.7892 -4.82932
11.3 13.9423 -18.7771 -4.8348
11.32 13.8466 -18.6814 -4.8348
11.34 13.3652 -18.2054 -4.84028
11.36 12.4407 -17.281 -4.84028
11.38 12.2797 -17.1145 -4.8348
11.4 13.1011 -17.9414 -4.84028
11.42 13.4258 -18.2661 -4.84028
11.44 12.9659 -17.8062 -4.84028
11.46 12.002 -16.8423 -4.84028
11.48 11.3172 -16.1574 -4.84028
11.5 12.104 -16.9442 -4.84028
11.52 13.708 -18.5483 -4.84028
11.54 14.8654 -19.7056 -4.84028
11.56 15.3052 -20.1401 -4.8348
11.58 15.2386 -20.0679 -4.82932
11.6 14.8666 -19.6959 -4.82932
11.62 14.2806 -19.1099 -4.82932
11.64 13.5617 -18.3855 -4.82384
11.66 12.9484 -17.7723 -4.82384
11.68 12.7096 -17.5334 -4.82384
11.7 12.6655 -17.4948 -4.82932
11.72 12.4031 -17.2324 -4.82932
11.74 11.8954 -16.7138 -4.81836
11.76 11.5066 -16.325 -4.81836
11.78 11.5801 -16.4095 -4.82932
11.8 12.0418 -16.8711 -4.82932
11.82 12.5232 -17.3525 -4.82932
11.84 12.7903 -17.6196 -4.82932
11.86 12.8271 -17.6564 -4.82932
11.88 12.6877 -17.517 -4.82932
11.9 12.4122 -17.2306 -4.81836
11.92 12.0311 -16.8549 -4.82384
11.94 11.5993 -16.4231 -4.82384
11.96 11.21 -16.0338 -4.82384
11.98 10.9472 -15.7711 -4.82384
12 10.8586 -15.6879 -4.82932
12.02 11.0069 -15.8362 -4.82932
12.04 11.4302 -16.2595 -4.82932
12.06 11.9952 -16.8246 -4.82932
12.08 12.4581 -17.2875 -4.82932
12.1 12.6663 -17.4956 -4.82932
12.12 12.6315 -17.4554 -4.82384
12.14 12.5186 -17.3425 -4.82384
12.16 12.5004 -17.3242 -4.82384
12.18 12.4976 -17.3215 -4.82384
12.2 12.3474 -17.1712 -4.82384
12.22 12.2376 -17.0614 -4.82384
12.24 12.4396 -17.2689 -4.82932
12.26 12.7861 -17.6155 -4.82932
12.28 12.902 -17.7368 -4.8348
12.3 12.6376 -17.4669 -4.82932
12.32 12.4042 -17.239 -4.8348
12.34 12.7561 -17.5855 -4.82932
12.36 13.3545 -18.1839 -4.82932
12.38 13.6112 -18.4405 -4.82932
12.4 13.4519 -18.2812 -4.82932
12.42 13.099 -17.9283 -4.82932
12.44 12.6893 -17.5186 -4.82932
12.46 12.1786 -17.0024 -4.82384
12.48 11.961 -16.7848 -4.82384
12.5 12.0531 -16.8715 -4.81836
12.52 11.736 -16.5544 -4.81836
12.54 11.058 -15.8819 -4.82384
12.56 11.0665 -15.8903 -4.82384
12.58 12.2868 -17.1106 -4.82384
12.6 13.5273 -18.3512 -4.82384
12.62 14.0404 -18.8642 -4.82384
12.64 14.0142 -18.8381 -4.82384
12.66 13.7437 -18.5676 -4.82384
12.68 13.3855 -18.2093 -4.82384
12.7 12.9962 -17.8201 -4.82384
12.72 12.5982 -17.433 -4.8348
12.74 12.2266 -17.0614 -4.8348
12.76 11.9375 -16.7723 -4.8348
12.78 11.7743 -16.6146 -4.84028
12.8 11.76 -16.6003 -4.84028
12.82 11.9318 -16.7721 -4.84028
12.84 12.3158 -17.156 -4.84028
12.86 12.8438 -17.6841 -4.84028
12.88 13.3402 -18.175 -4.8348
12.9 13.5385 -18.3624 -4.82384
12.92 13.0487 -17.878 -4.82932
12.94 11.8013 -16.6252 -4.82384
12.96 11.2711 -16.0949 -4.82384
12.98 12.1665 -16.9903 -4.82384
13 12.9271 -17.7509 -4.82384
13.02 13.2502 -18.0741 -4.82384
13.04 13.4691 -18.2929 -4.82384
13.06 13.511 -18.3293 -4.81836
13.08 13.1188 -17.9371 -4.81836
13.1 12.2598 -17.0836 -4.82384
13.12 11.3535 -16.1774 -4.82384
13.14 11.195 -16.0243 -4.82932
13.16 12.0365 -16.8604 -4.82384
13.18 13.1469 -17.9652 -4.81836
13.2 13.8407 -18.6591 -4.81836
13.22 13.9985 -18.8223 -4.82384
13.24 13.7545 -18.5784 -4.82384
13.26 13.2595 -18.0779 -4.81836
13.28 12.6631 -17.4814 -4.81836
13.3 12.1331 -16.9459 -4.81288
13.32 11.8257 -16.6441 -4.81836
13.34 11.8242 -16.6371 -4.81288
13.36 12.0454 -16.8583 -4.81288
13.38 12.2567 -17.0805 -4.82384
13.4 12.2638 -17.0822 -4.81836
13.42 12.0245 -16.8428 -4.81836
13.44 11.6316 -16.4444 -4.81289
13.46 11.2567 -16.0641 -4.80741
13.48 11.0447 -15.8521 -4.80741
13.5 10.9935 -15.8009 -4.80741
13.52 10.9741 -15.7815 -4.80741
13.54 10.888 -15.6954 -4.80741
13.56 10.7829 -15.5848 -4.80193
13.58 10.794 -15.5904 -4.79645
13.6 10.9522 -15.7487 -4.79645
13.62 11.1442 -15.9407 -4.79645
13.64 11.2664 -16.0628 -4.79645
13.66 11.3041 -16.1005 -4.79645
13.68 11.2956 -16.092 -4.79645
13.7 11.2894 -16.0858 -4.79645
13.72 11.3236 -16.1201 -4.79645
13.74 11.413 -16.2094 -4.79645
13.76 11.5394 -16.3413 -4.80193
13.78 11.6538 -16.4502 -4.79645
13.8 11.689 -16.4854 -4.79645
13.82 11.5671 -16.369 -4.80193
13.84 11.1934 -15.9954 -4.80193
13.86 10.579 -15.381 -4.80193
13.88 10.3237 -15.1256 -4.80192
13.9 11.1585 -15.9604 -4.80193
13.92 12.3257 -17.144 -4.81836
13.94 12.9439 -17.7623 -4.81836
13.96 13.1016 -17.9145 -4.81288
13.98 13.171 -17.9839 -4.81288
14 13.3448 -18.1576 -4.81288
14.02 13.5134 -18.3263 -4.81288
14.04 13.4828 -18.3012 -4.81836
14.06 13.3673 -18.1856 -4.81836
14.08 13.3771 -18.19 -4.81288
14.1 13.3848 -18.1977 -4.81288
14.12 13.2604 -18.0733 -4.81288
14.14 13.113 -17.9259 -4.81288
14.16 13.0396 -17.8525 -4.81288
14.18 13.012 -17.8304 -4.81836
14.2 12.9979 -17.8162 -4.81836
14.22 13.021 -17.8394 -4.81836
14.24 13.1775 -17.9958 -4.81836
14.26 13.5041 -18.3224 -4.81836
14.28 13.7178 -18.5416 -4.82384
14.3 13.4293 -18.2532 -4.82384
14.32 12.5464 -17.3757 -4.82932
14.34 11.558 -16.3928 -4.8348
14.36 11.2933 -16.1335 -4.84028
14.38 11.6918 -16.5321 -4.84028
14.4 12.0255 -16.8657 -4.84028
14.42 11.9882 -16.8285 -4.84028
14.44 11.6185 -16.4588 -4.84028
14.46 11.1049 -15.9507 -4.84576
14.48 10.8249 -15.6707 -4.84576
14.5 11.04 -15.8858 -4.84576
14.52 11.489 -16.3348 -4.84576
14.54 11.7466 -16.5868 -4.84028
14.56 11.6412 -16.4814 -4.84028
14.58 11.2283 -16.0631 -4.8348
14.6 10.6934 -15.5227 -4.82932
14.62 10.1888 -15.0127 -4.82384
14.64 9.78247 -14.6063 -4.82384
14.66 9.79755 -14.6269 -4.82932
14.68 10.411 -15.2403 -4.82932
14.7 11.1069 -15.9307 -4.82384
14.72 11.5036 -16.3275 -4.82384
14.74 11.6383 -16.4676 -4.82932
14.76 11.6353 -16.4701 -4.8348
14.78 11.5613 -16.3961 -4.8348
14.8 11.4314 -16.2662 -4.8348
14.82 11.2376 -16.0724 -4.8348
14.84 10.9555 -15.7903 -4.8348
14.86 10.5181 -15.3529 -4.8348
14.88 9.85522 -14.69 -4.8348
14.9 9.15585 -13.9906 -4.8348
14.92 8.9202 -13.7495 -4.82932
14.94 9.36191 -14.1967 -4.8348
14.96 10.2705 -15.1053 -4.8348
14.98 11.0529 -15.8877 -4.8348
15 11.2424 -16.0772 -4.8348
15.02 10.8745 -15.7148 -4.84028
15.04 10.2208 -15.0556 -4.8348
15.06 9.80488 -14.6397 -4.8348
15.08 10.1181 -14.9529 -4.8348
15.1 10.81 -15.6448 -4.8348
15.12 11.2909 -16.1312 -4.84028
15.14 11.4335 -16.2738 -4.84028
15.16 11.393 -16.2333 -4.84028
15.18 11.3851 -16.2254 -4.84028
15.2 11.5512 -16.3915 -4.84028
15.22 11.8725 -16.7237 -4.85124
15.24 12.2195 -17.0707 -4.85124
15.26 12.4625 -17.3247 -4.8622
15.28 12.5132 -17.3809 -4.86768
15.3 12.3561 -17.2238 -4.86768
15.32 12.0755 -16.9487 -4.87316
15.34 11.7882 -16.6613 -4.87316
15.36 11.6402 -16.5133 -4.87316
15.38 11.7938 -16.6669 -4.87316
15.4 12.1481 -17.0268 -4.87864
15.42 12.4309 -17.3041 -4.87316
15.44 12.5418 -17.415 -4.87316
15.46 12.5202 -17.3933 -4.87316
15.48 12.3653 -17.2275 -4.8622
15.5 12.0265 -16.8832 -4.85672
15.52 11.6044 -16.4666 -4.8622
15.54 11.4056 -16.2678 -4.8622
15.56 11.5565 -16.4296 -4.87316
15.58 11.9073 -16.786 -4.87864
15.6 12.2754 -17.1541 -4.87864
15.62 12.3987 -17.2773 -4.87864
15.64 11.9469 -16.8256 -4.87864
15.66 10.9348 -15.8135 -4.87864
15.68 10.0473 -14.9259 -4.87864
15.7 9.73212 -14.6108 -4.87864
15.72 10.3223 -15.1954 -4.87316
15.74 11.7169 -16.5955 -4.87864
15.76 12.8815 -17.7601 -4.87864
15.78 13.5268 -18.4109 -4.88412
15.8 13.8848 -18.7744 -4.8896
15.82 14.1299 -19.014 -4.88412
15.84 14.2942 -19.1783 -4.88412
15.86 14.2972 -19.1813 -4.88412
15.88 13.9878 -18.861 -4.87316
15.9 13.2755 -18.1596 -4.88412
15.92 12.3707 -17.2603 -4.8896
15.94 11.7716 -16.6612 -4.8896
15.96 11.7484 -16.6435 -4.89508
15.98 11.9397 -16.8348 -4.89508
16 12.0738 -16.9744 -4.90056
16.02 12.6241 -17.5247 -4.90056
16.04 13.5738 -18.4744 -4.90056
16.06 14.3745 -19.2805 -4.90603
16.08 14.7824 -19.6884 -4.90604
16.1 14.3896 -19.2956 -4.90604
16.12 12.9463 -17.8578 -4.91151
16.14 11.6216 -16.5276 -4.90603
16.16 11.8802 -16.7862 -4.90603
16.18 13.4969 -18.4029 -4.90604
16.2 15.2848 -20.1909 -4.90604
16.22 16.1795 -21.0855 -4.90604
16.24 16.1616 -21.0677 -4.90604
16.26 15.5423 -20.4484 -4.90604
16.28 14.6104 -19.5164 -4.90603
16.3 13.6443 -18.5503 -4.90603
16.32 13.045 -17.951 -4.90603
16.34 13.1845 -18.0905 -4.90603
16.36 13.6935 -18.605 -4.91151
16.38 13.9451 -18.8566 -4.91151
16.4 13.8495 -18.761 -4.91151
16.42 13.5651 -18.4766 -4.91151
16.44 13.2485 -18.171 -4.92247
16.46 13.0778 -18.0003 -4.92247
16.48 13.1446 -18.0616 -4.91699
16.5 13.3495 -18.261 -4.91152
16.52 13.5427 -18.4542 -4.91152
16.54 13.6503 -18.5673 -4.91699
16.56 13.6488 -18.5658 -4.91699
16.58 13.5146 -18.4316 -4.91699
16.6 13.2415 -18.1585 -4.91699
16.62 12.939 -17.8505 -4.91152
16.64 12.851 -17.7626 -4.91152
16.66 13.0466 -17.9582 -4.91152
16.68 13.2014 -18.1184 -4.917
16.7 12.9391 -17.8561 -4.917
16.72 12.1974 -17.1144 -4.917
16.74 11.3754 -16.2924 -4.917
16.76 11.1713 -16.0829 -4.91152
16.78 11.8201 -16.7371 -4.917
16.8 12.7386 -17.6556 -4.917
16.82 13.3775 -18.2945 -4.917
16.84 13.7279 -18.6449 -4.917
16.86 13.9688 -18.8858 -4.91699
16.88 14.1632 -19.0857 -4.92247
16.9 14.3009 -19.2179 -4.91699
16.92 14.3768 -19.2993 -4.92247
16.94 14.366 -19.2884 -4.92247
16.96 14.2322 -19.1547 -4.92247
16.98 14.0176 -18.9346 -4.91699
17 13.9054 -18.8224 -4.91699
17.02 14.1032 -19.0147 -4.91151
17.04 14.5574 -19.4689 -4.91152
17.06 14.7444 -19.6559 -4.91152
17.08 13.9105 -18.822 -4.91152
17.1 12.1216 -17.0386 -4.91699
17.12 11.3475 -16.259 -4.91151
17.14 12.8419 -17.7535 -4.91152
17.16 14.8002 -19.7117 -4.91152
17.18 15.6703 -20.5873 -4.917
17.2 15.7722 -20.6892 -4.91699
17.22 15.686 -20.6084 -4.92247
17.24 15.6154 -20.5379 -4.92248
17.26 15.5025 -20.414 -4.91152
17.28 15.2204 -20.1264 -4.90604
17.3 14.7089 -19.6095 -4.90056
17.32 14.2094 -19.1209 -4.91151
17.34 14.2023 -19.1138 -4.91151
17.36 14.6778 -19.5893 -4.91151
17.38 15.2899 -20.1959 -4.90604
17.4 15.9222 -20.8282 -4.90604
17.42 16.4777 -21.3892 -4.91152
17.44 16.8035 -21.715 -4.91152
17.46 16.8261 -21.7376 -4.91152
17.48 16.5757 -21.4818 -4.90604
17.5 16.1203 -21.0264 -4.90604
17.52 15.5652 -20.4712 -4.90604
17.54 15.2643 -20.1703 -4.90604
17.56 15.581 -20.4926 -4.91152
17.58 16.0678 -20.9902 -4.92248
17.6 16.022 -20.9445 -4.92248
17.62 15.2698 -20.1923 -4.92247
17.64 14.4563 -19.3787 -4.92247
17.66 14.7489 -19.6659 -4.91699
17.68 15.8664 -20.778 -4.91151
17.7 16.7009 -21.6124 -4.91151
17.72 17.0685 -21.98 -4.91151
17.74 17.2241 -22.1357 -4.91151
17.76 17.3151 -22.2266 -4.91151
17.78 17.3098 -22.2214 -4.91151
17.8 17.0558 -21.9673 -4.91151
17.82 16.417 -21.323 -4.90603
17.84 15.624 -20.53 -4.90603
17.86 15.4731 -20.3737 -4.90055
17.88 16.3293 -21.2244 -4.89507
17.9 17.3434 -22.244 -4.90055
17.92 17.6342 -22.5347 -4.90056
17.94 16.9053 -21.8059 -4.90056
17.96 15.5037 -20.4043 -4.90055
17.98 14.411 -19.3115 -4.90055
18 13.34 -18.2461 -4.90604
18.02 12.4689 -17.3859 -4.91699
18.04 14.0624 -18.9685 -4.90603
18.06 16.1151 -21.0211 -4.90604
18.08 17.2678 -22.1738 -4.90603
18.1 17.5026 -22.4032 -4.90056
18.12 16.3455 -21.246 -4.90056
18.14 14.2135 -19.1141 -4.90055
18.16 14.4326 -19.3332 -4.90055
18.18 15.832 -20.727 -4.89508
18.2 15.8397 -20.7348 -4.89508
18.22 14.7759 -19.6655 -4.8896
18.24 13.3447 -18.2343 -4.88959
18.26 12.4815 -17.3766 -4.89507
18.28 12.8787 -17.7792 -4.90055
18.3 13.9219 -18.8224 -4.90056
18.32 14.5867 -19.4873 -4.90056
18.34 14.5718 -19.4559 -4.88412
18.36 14.2653 -19.1494 -4.88411
18.38 14.3015 -19.1801 -4.87864
18.4 14.6242 -19.5029 -4.87864
18.42 14.7162 -19.5948 -4.87864
18.44 14.4542 -19.3328 -4.87864
18.46 14.0527 -18.9313 -4.87864
18.48 13.7233 -18.6019 -4.87864
18.5 13.4732 -18.3409 -4.86768
18.52 13.2006 -18.0573 -4.85672
18.54 12.9541 -17.8053 -4.85124
18.56 12.9469 -17.7927 -4.84576
18.58 13.2678 -18.1135 -4.84576
18.6 13.752 -18.5978 -4.84576
18.62 14.1702 -19.0159 -4.84576
18.64 14.3769 -19.2062 -4.82932
18.66 14.3087 -19.138 -4.82932
18.68 13.9581 -18.7765 -4.81836
18.7 13.3963 -18.2147 -4.81836
18.72 12.7634 -17.5818 -4.81836
18.74 12.2026 -17.021 -4.81836
18.76 11.9035 -16.7219 -4.81836
18.78 11.9926 -16.8055 -4.81288
18.8 12.3524 -17.1817 -4.82932
18.82 12.8275 -17.6514 -4.82384
18.84 13.3742 -18.198 -4.82384
18.86 13.9546 -18.7839 -4.82932
18.88 14.489 -19.3183 -4.82932
18.9 14.9269 -19.7617 -4.8348
18.92 15.2596 -20.0944 -4.8348
18.94 15.4549 -20.2788 -4.82384
18.96 15.3748 -20.2041 -4.82932
18.98 14.7477 -19.5825 -4.8348
19 13.4546 -18.2894 -4.8348
19.02 12.1503 -16.9851 -4.8348
19.04 11.7238 -16.5641 -4.84028
19.06 12.2376 -17.0779 -4.84028
19.08 13.2732 -18.1135 -4.84028
19.1 14.0817 -18.9219 -4.84028
19.12 14.3994 -19.2342 -4.8348
19.14 14.474 -19.3088 -4.8348
19.16 14.4775 -19.3123 -4.8348
19.18 14.4153 -19.2555 -4.84028
19.2 14.2887 -19.129 -4.84028
19.22 14.1845 -19.0192 -4.8348
19.24 14.2153 -19.0556 -4.84028
19.26 14.4015 -19.2363 -4.8348
19.28 14.6676 -19.5024 -4.8348
19.3 14.9163 -19.7511 -4.8348
19.32 15.0338 -19.8686 -4.8348
19.34 14.8332 -19.6625 -4.82932
19.36 14.1732 -19.0025 -4.82932
19.38 13.5897 -18.4135 -4.82384
19.4 13.9993 -18.8286 -4.82932
19.42 14.654 -19.4833 -4.82932
19.44 14.4557 -19.285 -4.82932
19.46 13.9374 -18.7667 -4.82932
19.48 13.6686 -18.4979 -4.82932
19.5 13.3169 -18.1517 -4.8348
19.52 13.8103 -18.6341 -4.82384
19.54 14.2236 -19.0474 -4.82384
19.56 13.9465 -18.7703 -4.82384
19.58 14.1118 -18.9356 -4.82384
19.6 14.7345 -19.5583 -4.82384
19.62 15.0632 -19.8925 -4.82932
19.64 15.2496 -20.0789 -4.82932
19.66 15.4946 -20.313 -4.81836
19.68 15.6013 -20.4197 -4.81836
19.7 15.5932 -20.4116 -4.81836
19.72 15.5245 -20.3374 -4.81288
19.74 15.4039 -20.2277 -4.82384
19.76 15.3984 -20.2223 -4.82384
19.78 15.5116 -20.3244 -4.81288
19.8 15.5629 -20.3812 -4.81836
19.82 15.428 -20.2464 -4.81836
19.84 15.0791 -19.9029 -4.82384
19.86 14.6892 -19.513 -4.82384
19.88 14.6738 -19.4922 -4.81836
19.9 15.0963 -19.9147 -4.81836
19.92 15.3568 -20.1752 -4.81836
19.94 14.9096 -19.728 -4.81836
19.96 13.8002 -18.6131 -4.81288
19.98 12.8861 -17.699 -4.81288
20 13.1041 -17.917 -4.81288
20.02 13.9053 -18.7182 -4.81288
20.04 14.3323 -19.1452 -4.81288
20.06 14.2696 -19.0825 -4.81288
20.08 13.9617 -18.7745 -4.81288
20.1 13.6093 -18.4222 -4.81288
20.12 13.3157 -18.1341 -4.81836
20.14 13.1146 -17.933 -4.81836
20.16 12.9998 -17.8237 -4.82384
20.18 12.9474 -17.7713 -4.82384
20.2 12.9287 -17.7581 -4.82932
20.22 12.9191 -17.7484 -4.82932
20.24 12.9081 -17.7374 -4.82932
20.26 12.9134 -17.7427 -4.82932
20.28 12.9794 -17.8033 -4.82384
20.3 13.1419 -17.9767 -4.8348
20.32 13.381 -18.2158 -4.8348
20.34 13.6309 -18.4657 -4.8348
20.36 13.8356 -18.6704 -4.8348
20.38 13.9822 -18.817 -4.8348
20.4 14.0879 -18.9227 -4.8348
20.42 14.1659 -19.0007 -4.8348
20.44 14.2028 -19.0321 -4.82932
20.46 14.1782 -19.0075 -4.82932
20.48 14.1273 -18.9511 -4.82384
20.5 14.1498 -18.9681 -4.81836
20.52 14.3149 -19.1278 -4.81288
20.54 14.6665 -19.4739 -4.8074
20.56 15.1794 -19.9868 -4.8074
20.58 15.5394 -20.3468 -4.80741
20.6 15.2112 -20.0186 -4.80741
20.62 13.8775 -18.6849 -4.8074
20.64 12.886 -17.6934 -4.8074
20.66 13.9121 -18.725 -4.81289
20.68 14.9605 -19.7734 -4.81289
20.7 14.9121 -19.725 -4.81288
20.72 14.6815 -19.4944 -4.81288
20.74 15.1488 -19.9617 -4.81288
20.76 15.9005 -20.7134 -4.81288
20.78 16.3796 -21.1925 -4.81288
20.8 16.5617 -21.3745 -4.81288
20.82 16.5596 -21.367 -4.8074
20.84 16.4185 -21.2259 -4.8074
20.86 16.1283 -20.9466 -4.81836
20.88 15.6357 -20.4595 -4.82384
20.9 14.7906 -19.6144 -4.82384
20.92 13.4218 -18.2456 -4.82384
20.94 11.8161 -16.64 -4.82384
20.96 11.0982 -15.922 -4.82384
20.98 11.9412 -16.765 -4.82384
21 13.3586 -18.1769 -4.81836
21.02 14.3118 -19.1301 -4.81836
21.04 14.6352 -19.459 -4.82384
21.06 14.487 -19.3109 -4.82384
21.08 13.9524 -18.7707 -4.81836
21.1 13.0932 -17.9116 -4.81836
21.12 12.2519 -17.0757 -4.82384
21.14 11.9725 -16.7963 -4.82384
21.16 12.3042 -17.1225 -4.81836
21.18 12.8104 -17.6343 -4.82384
21.2 13.1425 -17.9609 -4.81836
21.22 13.2312 -18.0495 -4.81836
21.24 13.164 -17.9769 -4.81288
21.26 13.0426 -17.8555 -4.81288
21.28 12.9294 -17.7423 -4.81288
21.3 12.846 -17.6589 -4.81288
21.32 12.785 -17.5979 -4.81288
21.34 12.7194 -17.5322 -4.81288
21.36 12.605 -17.4179 -4.81288
21.38 12.3806 -17.1935 -4.81288
21.4 11.9874 -16.8003 -4.81288
21.42 11.4408 -16.2537 -4.81288
21.44 10.9199 -15.7383 -4.81836
21.46 10.6736 -15.4919 -4.81836
21.48 10.706 -15.5244 -4.81836
21.5 10.7757 -15.594 -4.81836
21.52 10.7093 -15.5332 -4.82384
21.54 10.4791 -15.3029 -4.82384
21.56 10.1893 -15.0132 -4.82384
21.58 10.0674 -14.8802 -4.81288
21.6 10.2159 -15.0288 -4.81288
21.62 10.542 -15.3549 -4.81288
21.64 10.947 -15.7599 -4.81288
21.66 11.3219 -16.1348 -4.81288
21.68 11.5609 -16.3738 -4.81288
21.7 11.6409 -16.4538 -4.81288
21.72 11.607 -16.4199 -4.81288
21.74 11.5145 -16.3274 -4.81288
21.76 11.4002 -16.213 -4.81288
21.78 11.282 -16.0949 -4.81288
21.8 11.1684 -15.9813 -4.81288
21.82 11.0681 -15.8755 -4.8074
21.84 10.9965 -15.8094 -4.81288
21.86 10.9749 -15.7932 -4.81836
21.88 11.0221 -15.8349 -4.81288
21.9 11.1434 -15.9563 -4.81288
21.92 11.3283 -16.1467 -4.81836
21.94 11.5579 -16.3763 -4.81836
21.96 11.8125 -16.6309 -4.81836
21.98 12.0688 -16.8871 -4.81836
22 12.2918 -17.1102 -4.81836
22.02 12.4348 -17.2531 -4.81836
22.04 12.4608 -17.2791 -4.81836
22.06 12.3802 -17.1985 -4.81836
22.08 12.2378 -17.0507 -4.81288
22.1 12.0463 -16.8592 -4.81288
22.12 11.7246 -16.5375 -4.81289
22.14 10.8038 -15.6112 -4.80741
22.16 9.4121 -14.2195 -4.8074
22.18 10.1577 -14.9651 -4.80741
22.2 11.5786 -16.386 -4.80741
22.22 11.678 -16.4854 -4.80741
22.24 11.5451 -16.3525 -4.8074
22.26 11.6994 -16.5068 -4.80741
22.28 11.7782 -16.5911 -4.81289
22.3 11.6373 -16.4502 -4.81288
22.32 11.3751 -16.1934 -4.81836
22.34 11.0887 -15.9071 -4.81836
22.36 10.8212 -15.6396 -4.81836
22.38 10.5833 -15.4071 -4.82384
22.4 10.376 -15.1999 -4.82384
22.42 10.2068 -15.0307 -4.82384
22.44 10.0942 -14.918 -4.82384
22.46 10.0556 -14.8849 -4.82932
22.48 10.0869 -14.9163 -4.82932
22.5 10.155 -14.9843 -4.82932
22.52 10.2138 -15.0376 -4.82384
22.54 10.2282 -15.052 -4.82384
22.56 10.1871 -15.0109 -4.82384
22.58 10.1046 -14.9339 -4.82932
22.6 10.0104 -14.8452 -4.8348
22.62 9.93764 -14.7724 -4.8348
22.64 9.91062 -14.7399 -4.82932
22.66 9.94445 -14.7683 -4.82384
22.68 10.0402 -14.8641 -4.82384
22.7 10.1744 -14.9982 -4.82384
22.72 10.3083 -15.1321 -4.82384
22.74 10.4056 -15.2294 -4.82385
22.76 10.4248 -15.2487 -4.82385
22.78 10.3529 -15.1768 -4.82385
22.8 10.3347 -15.1585 -4.82384
22.82 10.617 -15.4518 -4.8348
22.84 11.1425 -15.9828 -4.84028
22.86 11.5758 -16.4161 -4.84028
22.88 11.7561 -16.6019 -4.84576
22.9 11.7991 -16.6394 -4.84028
22.92 11.9118 -16.7575 -4.84576
22.94 12.1688 -17.0091 -4.84028
22.96 12.4576 -17.2979 -4.84028
22.98 12.6418 -17.4876 -4.84576
23 12.6703 -17.5105 -4.84028
23.02 12.5397 -17.38 -4.84028
23.04 12.2449 -17.0852 -4.84028
23.06 11.7852 -16.62 -4.8348
23.08 11.2585 -16.0933 -4.8348
23.1 10.9509 -15.7857 -4.8348
23.12 11.0878 -15.9226 -4.8348
23.14 11.5665 -16.4013 -4.8348
23.16 12.1526 -16.9819 -4.82932
23.18 12.6606 -17.4899 -4.82932
23.2 13.0037 -17.8331 -4.82932
23.22 13.1849 -18.0087 -4.82384
23.24 13.2291 -18.0529 -4.82384
23.26 13.1389 -17.9627 -4.82384
23.28 12.9033 -17.7272 -4.82384
23.3 12.5154 -17.3392 -4.82385
23.32 11.9362 -16.76 -4.82384
23.34 11.2625 -16.0863 -4.82384
23.36 11.2746 -16.104 -4.82932
23.38 12.3417 -17.1655 -4.82385
23.4 13.4266 -18.2505 -4.82385
23.42 13.9786 -18.7969 -4.81837
23.44 14.1228 -18.9357 -4.81289
23.46 13.9695 -18.7824 -4.81289
23.48 13.5125 -18.3309 -4.81837
23.5 12.9888 -17.8071 -4.81837
23.52 13.0398 -17.8581 -4.81837
23.54 13.7266 -18.5505 -4.82385
23.56 14.4013 -19.2251 -4.82385
23.58 14.7556 -19.5794 -4.82385
23.6 14.8082 -19.6321 -4.82385
23.62 14.5909 -19.4147 -4.82385
23.64 14.1877 -19.0116 -4.82385
23.66 13.8456 -18.6694 -4.82385
23.68 13.7988 -18.6172 -4.81837
23.7 13.9971 -18.8155 -4.81837
23.72 14.2658 -19.0951 -4.82932
23.74 14.5713 -19.4061 -4.8348
23.76 14.9149 -19.7497 -4.8348
23.78 15.1638 -19.9986 -4.8348
23.8 15.0091 -19.8329 -4.82385
23.82 14.1112 -18.9351 -4.82385
23.84 13.0468 -17.8706 -4.82384
23.86 13.283 -18.1013 -4.81837
23.88 14.2143 -19.0327 -4.81837
23.9 14.8712 -19.6895 -4.81837
23.92 15.2839 -20.1023 -4.81837
23.94 15.3121 -20.125 -4.81289
23.96 14.6969 -19.5152 -4.81837
23.98 13.5749 -18.3933 -4.81837
24 12.6705 -17.4888 -4.81837
24.02 12.5432 -17.3561 -4.81289
24.04 12.9954 -17.8083 -4.81289
24.06 13.6081 -18.421 -4.81289
24.08 14.1265 -18.9339 -4.80741
24.1 14.4396 -19.247 -4.80741
24.12 14.5132 -19.3261 -4.81289
24.14 14.3589 -19.1718 -4.81289
24.16 14.0131 -18.826 -4.81289
24.18 13.532 -18.3449 -4.81289
24.2 13.0102 -17.8176 -4.80741
24.22 12.6027 -17.4101 -4.80741
24.24 12.4666 -17.274 -4.80741
24.26 12.5598 -17.3672 -4.80741
24.28 12.5911 -17.3985 -4.80741
24.3 12.3032 -17.1106 -4.80741
24.32 11.697 -16.5044 -4.80741
24.34 10.9943 -15.8017 -4.80741
24.36 10.5227 -15.3301 -4.80741
24.38 10.6892 -15.4967 -4.80741
24.4 11.4389 -16.2409 -4.80193
24.42 12.1314 -16.9278 -4.79645
24.44 12.4461 -17.2426 -4.79645
24.46 12.474 -17.2814 -4.80741
24.48 12.3739 -17.1813 -4.80741
24.5 12.2481 -17.0446 -4.79645
24.52 12.1432 -16.9397 -4.79645
24.54 12.0719 -16.8683 -4.79645
24.56 12.0333 -16.8298 -4.79645
24.58 12.0222 -16.8132 -4.79097
24.6 12.0293 -16.8203 -4.79097
24.62 12.0373 -16.8283 -4.79097
24.64 12.0148 -16.8058 -4.79097
24.66 11.9155 -16.701 -4.7855
24.68 11.6983 -16.4783 -4.78002
24.7 11.3864 -16.1664 -4.78002
24.72 11.1124 -15.8924 -4.78002
24.74 11.0005 -15.7805 -4.78002
24.76 10.962 -15.742 -4.78002
24.78 10.8526 -15.6326 -4.78002
24.8 10.8558 -15.6468 -4.79097
24.82 11.1801 -15.9711 -4.79097
24.84 11.5249 -16.3159 -4.79097
24.86 11.5972 -16.3937 -4.79645
24.88 11.5636 -16.3601 -4.79645
24.9 11.6836 -16.4856 -4.80193
24.92 11.8661 -16.6681 -4.80193
24.94 11.8701 -16.6775 -4.80741
24.96 11.6568 -16.4643 -4.80741
24.98 11.3628 -16.1647 -4.80193
25 11.1617 -15.9636 -4.80193
25.02 11.2395 -16.0414 -4.80193
25.04 11.6339 -16.4414 -4.80741
25.06 12.1207 -16.9281 -4.80741
25.08 12.49 -17.2974 -4.80741
25.1 12.6953 -17.5027 -4.80741
25.12 12.7554 -17.5628 -4.80741
25.14 12.6765 -17.4839 -4.80741
25.16 12.456 -17.2634 -4.80741
25.18 12.1224 -16.9298 -4.80741
25.2 11.7556 -16.563 -4.80741
25.22 11.4457 -16.2532 -4.80741
25.24 11.2068 -16.0142 -4.80741
25.26 10.9789 -15.7863 -4.80741
25.28 10.7857 -15.5931 -4.80741
25.3 10.744 -15.5459 -4.80193
25.32 10.8168 -15.6188 -4.80193
25.34 10.8097 -15.6117 -4.80193
25.36 10.6735 -15.4755 -4.80193
25.38 10.633 -15.4349 -4.80193
25.4 10.9168 -15.7242 -4.80741
25.42 11.4156 -16.2285 -4.81289
25.44 11.8484 -16.6668 -4.81837
25.46 12.0587 -16.8771 -4.81837
25.48 12.0139 -16.8323 -4.81837
25.5 11.7214 -16.5398 -4.81837
25.52 11.2145 -16.0328 -4.81837
25.54 10.6008 -15.4247 -4.82385
25.56 10.202 -15.0259 -4.82385
25.58 10.4494 -15.2732 -4.82385
25.6 11.1974 -16.0213 -4.82385
25.62 11.8883 -16.7176 -4.82933
25.64 12.306 -17.1353 -4.82933
25.66 12.5244 -17.3482 -4.82385
25.68 12.6454 -17.4693 -4.82385
25.7 12.7162 -17.5455 -4.82933
25.72 12.7143 -17.5381 -4.82385
25.74 12.5165 -17.3348 -4.81837
25.76 11.8576 -16.676 -4.81837
25.78 10.6188 -15.4426 -4.82385
25.8 9.8888 -14.7181 -4.82933
25.82 10.7625 -15.5919 -4.82933
25.84 11.9376 -16.767 -4.82933
25.86 12.5644 -17.3992 -4.83481
25.88 12.8092 -17.644 -4.83481
25.9 12.9117 -17.752 -4.84029
25.92 13.0267 -17.867 -4.84029
25.94 13.1932 -18.0335 -4.84029
25.96 13.307 -18.1527 -4.84577
25.98 13.2319 -18.0832 -4.85125
26 12.9629 -17.8141 -4.85125
26.02 12.6682 -17.5194 -4.85125
26.04 12.5048 -17.3561 -4.85125
26.06 12.4319 -17.2776 -4.84577
26.08 12.3677 -17.2135 -4.84577
26.1 12.347 -17.1983 -4.85125
26.12 12.3742 -17.2255 -4.85125
26.14 12.3348 -17.186 -4.85125
26.16 12.1332 -16.9845 -4.85125
26.18 11.7841 -16.6408 -4.85673
26.2 11.4104 -16.2616 -4.85125
26.22 11.2651 -16.1164 -4.85125
26.24 11.6058 -16.457 -4.85125
26.26 12.2927 -17.1439 -4.85125
26.28 12.842 -17.6987 -4.85673
26.3 12.9109 -17.7567 -4.84577
26.32 12.4836 -17.3238 -4.84029
26.34 12.0217 -16.862 -4.84029
26.36 12.1531 -16.9934 -4.84029
26.38 12.6782 -17.5185 -4.84029
26.4 13.032 -17.8668 -4.83481
26.42 13.0986 -17.9334 -4.83481
26.44 13.008 -17.8428 -4.83481
26.46 12.8813 -17.7161 -4.83481
26.48 12.7848 -17.6196 -4.83481
26.5 12.754 -17.5888 -4.83481
26.52 12.8066 -17.6469 -4.84029
26.54 12.9258 -17.7661 -4.84029
26.56 13.0568 -17.8971 -4.84029
26.58 13.1369 -17.9772 -4.84029
26.6 13.1105 -17.9508 -4.84029
26.62 12.9096 -17.7499 -4.84029
26.64 12.4549 -17.2952 -4.84029
26.66 11.7963 -16.6421 -4.84577
26.68 11.3587 -16.2045 -4.84577
26.7 11.6025 -16.4483 -4.84577
26.72 12.2743 -17.1146 -4.84029
26.74 12.8646 -17.7049 -4.84029
26.76 13.2173 -18.0466 -4.82933
26.78 13.394 -18.2288 -4.83481
26.8 13.4719 -18.3013 -4.82933
26.82 13.4854 -18.3147 -4.82933
26.84 13.4195 -18.2489 -4.82933
26.86 13.2343 -18.0582 -4.82385
26.88 12.9597 -17.7835 -4.82385
26.9 12.8298 -17.6591 -4.82933
26.92 13.0959 -17.9252 -4.82933
26.94 13.5592 -18.3885 -4.82933
26.96 13.7159 -18.5507 -4.83481
26.98 13.2412 -18.076 -4.83481
27 12.3709 -17.2112 -4.84029
27.02 12.0348 -16.8751 -4.84029
27.04 12.4156 -17.2558 -4.84029
27.06 12.4696 -17.3099 -4.84029
27.08 11.8974 -16.7377 -4.84029
27.1 11.4995 -16.3453 -4.84577
27.12 11.7533 -16.6046 -4.85125
27.14 11.9741 -16.8254 -4.85125
27.16 11.525 -16.3817 -4.85673
27.18 11.109 -15.9658 -4.85673
27.2 11.5709 -16.4276 -4.85673
27.22 12.1518 -17.0085 -4.85673
27.24 12.2749 -17.1371 -4.86221
27.26 12.0976 -16.9653 -4.86769
27.28 11.8493 -16.7115 -4.86221
27.3 11.6442 -16.5064 -4.86221
27.32 11.4995 -16.3562 -4.85673
27.34 11.3772 -16.234 -4.85673
27.36 11.2362 -16.0984 -4.86221
27.38 11.0635 -15.9312 -4.86769
27.4 10.8951 -15.7628 -4.86769
27.42 10.8196 -15.6818 -4.86221
27.44 10.9068 -15.769 -4.86221
27.46 11.1264 -15.9831 -4.85673
27.48 11.3753 -16.232 -4.85673
27.5 11.5633 -16.4146 -4.85125
27.52 11.6493 -16.5005 -4.85125
27.54 11.6151 -16.4664 -4.85125
27.56 11.4342 -16.2799 -4.84577
27.58 11.0826 -15.9338 -4.85125
27.6 10.6421 -15.4879 -4.84577
27.62 10.3904 -15.2362 -4.84577
27.64 10.5349 -15.3806 -4.84577
27.66 10.8889 -15.7401 -4.85125
27.68 11.1626 -16.0139 -4.85125
27.7 11.2669 -16.1072 -4.84029
27.72 11.2523 -16.0925 -4.84029
27.74 11.209 -16.0493 -4.84029
27.76 11.2121 -16.0524 -4.84029
27.78 11.2686 -16.1089 -4.84029
27.8 11.3221 -16.1678 -4.84577
27.82 11.3299 -16.1812 -4.85125
27.84 11.3014 -16.1527 -4.85125
27.86 11.2477 -16.0989 -4.85125
27.88 11.1988 -16.0501 -4.85125
27.9 11.2846 -16.1359 -4.85125
27.92 11.5138 -16.3651 -4.85125
27.94 11.755 -16.6063 -4.85125
27.96 12.122 -16.9733 -4.85125
27.98 12.5592 -17.4159 -4.85673
28 12.7623 -17.619 -4.85673
28.02 12.6699 -17.5321 -4.86221
28.04 12.4865 -17.3542 -4.86769
28.06 12.5065 -17.3742 -4.86769
28.08 12.8461 -17.7083 -4.86221
28.1 13.2106 -18.0673 -4.85673
28.12 13.0978 -17.9545 -4.85673
28.14 12.5765 -17.4332 -4.85673
28.16 12.5966 -17.4479 -4.85125
28.18 13.0956 -17.9468 -4.85125
28.2 13.2658 -18.106 -4.84029
28.22 13.3563 -18.1966 -4.84029
28.24 13.6688 -18.5091 -4.84029
28.26 14.0088 -18.8491 -4.84029
28.28 14.1821 -19.0224 -4.84029
28.3 14.1786 -19.0189 -4.84029
28.32 14.092 -18.9323 -4.84029
28.34 14.0062 -18.8465 -4.84029
28.36 13.9289 -18.7692 -4.84029
28.38 13.8148 -18.666 -4.85125
28.4 13.6243 -18.4756 -4.85125
28.42 13.3616 -18.2128 -4.85125
28.44 13.0849 -17.9362 -4.85125
28.46 12.8806 -17.7318 -4.85125
28.48 12.7929 -17.6441 -4.85125
28.5 12.7777 -17.6289 -4.85125
28.52 12.7423 -17.5935 -4.85125
28.54 12.609 -17.4493 -4.84029
28.56 12.3465 -17.1759 -4.82933
28.58 12.017 -16.8463 -4.82933
28.6 11.7624 -16.5863 -4.82385
28.62 11.6539 -16.4778 -4.82385
28.64 11.6647 -16.4885 -4.82385
28.66 11.8072 -16.6365 -4.82933
28.68 12.0782 -16.9075 -4.82933
28.7 12.2877 -17.1171 -4.82933
28.72 12.217 -17.0518 -4.83481
28.74 11.8697 -16.699 -4.82933
28.76 11.46 -16.2893 -4.82933
28.78 11.3989 -16.2337 -4.83481
28.8 11.9937 -16.834 -4.84029
28.82 12.7904 -17.6307 -4.84029
28.84 13.1942 -18.029 -4.83481
28.86 12.9302 -17.7705 -4.84029
28.88 11.8195 -16.6598 -4.84029
28.9 10.4871 -15.3274 -4.84029
28.92 10.5098 -15.3556 -4.84577
28.94 11.3775 -16.2232 -4.84577
28.96 11.8971 -16.7429 -4.84577
28.98 12.0341 -16.8799 -4.84577
29 12.0088 -16.8491 -4.84029
29.02 11.9343 -16.7746 -4.84029
29.04 11.8206 -16.6609 -4.84029
29.06 11.624 -16.4643 -4.84029
29.08 11.3179 -16.1582 -4.84029
29.1 10.9663 -15.8066 -4.84029
29.12 10.7271 -15.5784 -4.85125
29.14 10.6832 -15.5344 -4.85125
29.16 10.7 -15.5512 -4.85125
29.18 10.5603 -15.417 -4.85673
29.2 10.1889 -15.0456 -4.85673
29.22 9.81519 -14.6664 -4.85125
29.24 9.82754 -14.6788 -4.85125
29.26 10.2155 -15.0668 -4.85125
29.28 10.6389 -15.4901 -4.85125
29.3 10.9378 -15.789 -4.85125
29.32 11.1386 -15.9899 -4.85125
29.34 11.2708 -16.1166 -4.84577
29.36 11.3031 -16.1434 -4.84029
29.38 11.1795 -16.0197 -4.84029
29.4 10.9379 -15.7892 -4.85125
29.42 10.8058 -15.6571 -4.85125
29.44 10.9114 -15.7681 -4.85673
29.46 10.944 -15.8007 -4.85673
29.48 10.6903 -15.547 -4.85673
29.5 10.6693 -15.526 -4.85673
29.52 11.2929 -16.1497 -4.85673
29.54 12.0373 -16.8886 -4.85125
29.56 12.4443 -17.29 -4.84577
29.58 12.5124 -17.3526 -4.84029
29.6 12.3477 -17.1935 -4.84577
29.62 12.0615 -16.9018 -4.84029
29.64 11.8486 -16.6889 -4.84029
29.66 11.9109 -16.7512 -4.84029
29.68 12.1933 -17.039 -4.84577
29.7 12.3679 -17.2082 -4.84029
29.72 12.1283 -16.9576 -4.82933
29.74 11.5647 -16.394 -4.82933
29.76 11.4019 -16.2312 -4.82933
29.78 11.9843 -16.8136 -4.82933
29.8 12.6609 -17.4902 -4.82933
29.82 13.0297 -17.8591 -4.82933
29.84 13.1636 -17.9984 -4.83481
29.86 13.1927 -18.0275 -4.83481
29.88 13.1691 -18.0039 -4.83481
29.9 13.078 -17.9183 -4.84029
29.92 12.8761 -17.7219 -4.84577
29.94 12.5672 -17.4075 -4.84029
29.96 12.2996 -17.1399 -4.84029
29.98 12.2923 -17.138 -4.84577
30 12.5279 -17.3682 -4.84029
30.02 12.7346 -17.5803 -4.84577
30.04 12.7425 -17.5882 -4.84577
30.06 12.6281 -17.4739 -4.84577
30.08 12.4704 -17.3162 -4.84577
30.1 12.135 -16.9807 -4.84577
30.12 11.5804 -16.4262 -4.84577
30.14 11.1948 -16.0351 -4.84029
30.16 11.2275 -16.0678 -4.84029
30.18 11.4132 -16.2535 -4.84029
30.2 11.6152 -16.461 -4.84577
30.22 11.9752 -16.8155 -4.84029
30.24 12.4905 -17.3308 -4.84029
30.26 12.9343 -17.7746 -4.84029
30.28 13.1565 -17.9968 -4.84029
30.3 13.1754 -18.0157 -4.84029
30.32 13.0853 -17.9256 -4.84029
30.34 12.9925 -17.8328 -4.84029
30.36 12.9726 -17.8129 -4.84029
30.38 13.0284 -17.8687 -4.84029
30.4 13.0876 -17.9334 -4.84577
30.42 13.0291 -17.8749 -4.84577
30.44 12.6997 -17.5454 -4.84577
30.46 11.9998 -16.8456 -4.84577
30.48 11.2156 -16.0614 -4.84577
30.5 11.0251 -15.8708 -4.84577
30.52 11.4824 -16.3227 -4.84029
30.54 12.1121 -16.9524 -4.84029
30.56 12.704 -17.5498 -4.84577
30.58 13.1682 -18.0085 -4.84029
30.6 13.4148 -18.2606 -4.84577
30.62 13.334 -18.1797 -4.84577
30.64 12.7646 -17.6103 -4.84577
30.66 11.8661 -16.7119 -4.84577
30.68 11.7597 -16.6 -4.84029
30.7 12.8922 -17.727 -4.83482
30.72 14.0678 -18.9026 -4.83482
30.74 14.7156 -19.5504 -4.83482
30.76 14.9448 -19.7796 -4.83481
30.78 14.8808 -19.7156 -4.83481
30.8 14.6078 -19.4426 -4.83481
30.82 14.3557 -19.1959 -4.84029
30.84 14.3841 -19.2244 -4.84029
30.86 14.4351 -19.2809 -4.84578
30.88 14.0571 -18.9084 -4.85125
30.9 13.4688 -18.3201 -4.85125
30.92 13.2601 -18.1168 -4.85673
30.94 13.277 -18.1337 -4.85673
30.96 12.9473 -17.8041 -4.85673
30.98 12.3741 -17.2253 -4.85125
31 12.2385 -17.0897 -4.85125
31.02 12.6464 -17.4922 -4.84577
31.04 13.0626 -17.9083 -4.84577
31.06 13.2093 -18.055 -4.84577
31.08 13.1 -17.9458 -4.84577
31.1 12.8558 -17.6961 -4.84029
31.12 12.7121 -17.5524 -4.84029
31.14 13.0045 -17.8393 -4.83482
31.16 13.5442 -18.3735 -4.82934
31.18 13.7474 -18.5767 -4.82934
31.2 13.4388 -18.2736 -4.83482
31.22 12.8164 -17.6513 -4.83482
31.24 12.2635 -17.0928 -4.82934
31.26 12.1299 -16.9592 -4.82934
31.28 12.4579 -17.2927 -4.83482
31.3 13.0345 -17.8693 -4.83482
31.32 13.5942 -18.4235 -4.82934
31.34 13.9737 -18.803 -4.82934
31.36 14.1534 -18.9937 -4.84029
31.38 14.2012 -19.0414 -4.84029
31.4 14.2168 -19.0571 -4.84029
31.42 14.2757 -19.1105 -4.83481
31.44 14.3646 -19.1994 -4.83482
31.46 14.3967 -19.2315 -4.83482
31.48 14.3228 -19.1576 -4.83482
31.5 14.2221 -19.0624 -4.84029
31.52 14.2477 -19.088 -4.84029
31.54 14.4291 -19.2694 -4.84029
31.56 14.6283 -19.4686 -4.84029
31.58 14.7603 -19.6116 -4.85125
31.6 14.9257 -19.777 -4.85125
31.62 15.2914 -20.1426 -4.85125
31.64 15.8811 -20.7378 -4.85673
31.66 16.5106 -21.3673 -4.85674
31.68 16.8642 -21.7264 -4.86222
31.7 16.4721 -21.3344 -4.86222
31.72 14.904 -19.7662 -4.86222
31.74 13.6219 -18.4841 -4.86221
31.76 14.5169 -19.3792 -4.86222
31.78 15.3087 -20.1764 -4.8677
31.8 15.241 -20.1087 -4.8677
31.82 14.9325 -19.8002 -4.8677
31.84 14.7542 -19.6164 -4.86221
31.86 14.9412 -19.8035 -4.86222
31.88 15.2552 -20.1119 -4.85673
31.9 15.4495 -20.3007 -4.85126
31.92 15.4447 -20.2904 -4.84578
31.94 15.6697 -20.5209 -4.85126
31.96 16.4608 -21.3066 -4.84578
31.98 17.0832 -21.929 -4.84578
32 16.9498 -21.7956 -4.84578
32.02 16.1275 -20.9678 -4.8403
32.04 14.9382 -19.7785 -4.8403
32.06 14.2551 -19.0899 -4.83482
32.08 14.6129 -19.4423 -4.82934
32.1 14.8851 -19.7144 -4.82934
32.12 14.5017 -19.3365 -4.83482
32.14 13.7375 -18.5668 -4.82934
32.16 12.9213 -17.7507 -4.82934
32.18 12.5142 -17.3381 -4.82386
32.2 12.5906 -17.409 -4.81838
32.22 12.5666 -17.3849 -4.81838
32.24 12.2361 -17.06 -4.82386
32.26 12.0721 -16.896 -4.82386
32.28 12.2235 -17.0364 -4.8129
32.3 12.4374 -17.2448 -4.80742
32.32 12.6644 -17.4718 -4.80742
32.34 12.8979 -17.7053 -4.80742
32.36 13.0126 -17.82 -4.80742
32.38 12.843 -17.6504 -4.80742
32.4 12.3104 -17.1178 -4.80742
32.42 11.8113 -16.6187 -4.80742
32.44 12.0248 -16.8323 -4.80742
32.46 12.6471 -17.449 -4.80194
32.48 12.9206 -17.7225 -4.80194
32.5 12.7013 -17.5087 -4.80742
32.52 12.2915 -17.0935 -4.80194
32.54 12.023 -16.8195 -4.79646
32.56 11.9033 -16.6943 -4.79098
32.58 11.7993 -16.5903 -4.79098
32.6 11.77 -16.561 -4.79098
32.62 11.9463 -16.7373 -4.79098
32.64 12.2964 -17.0874 -4.79098
32.66 12.6517 -17.4427 -4.79098
32.68 12.8799 -17.6654 -4.7855
32.7 12.9403 -17.7313 -4.79098
32.72 12.8349 -17.6314 -4.79646
32.74 12.5615 -17.358 -4.79646
32.76 12.117 -16.919 -4.80194
32.78 11.563 -16.365 -4.80194
32.8 11.092 -15.8939 -4.80194
32.82 10.8688 -15.6708 -4.80194
32.84 10.8561 -15.6581 -4.80194
32.86 10.9946 -15.7856 -4.79098
32.88 11.233 -16.0239 -4.79098
32.9 11.4239 -16.2204 -4.79646
32.92 11.4531 -16.2441 -4.79098
32.94 11.3381 -16.1346 -4.79646
32.96 11.1723 -15.9687 -4.79646
32.98 11.037 -15.8335 -4.79646
33 10.9378 -15.7287 -4.79098
33.02 10.8058 -15.5967 -4.79098
33.04 10.5835 -15.3745 -4.79098
33.06 10.303 -15.094 -4.79098
33.08 10.0611 -14.852 -4.79098
33.1 9.94813 -14.7391 -4.79098
33.12 10.0188 -14.8153 -4.79646
33.14 10.2604 -15.0569 -4.79646
33.16 10.5942 -15.3907 -4.79646
33.18 10.9462 -15.7372 -4.79098
33.2 11.2838 -16.0857 -4.80194
33.22 11.5985 -16.4004 -4.80194
33.24 11.8838 -16.6803 -4.79646
33.26 12.1203 -16.9277 -4.80742
33.28 12.2718 -17.0792 -4.80742
33.3 12.3208 -17.1282 -4.80742
33.32 12.3472 -17.1546 -4.80742
33.34 12.5112 -17.3131 -4.80194
33.36 12.7866 -17.5886 -4.80194
33.38 12.8515 -17.6479 -4.79646
33.4 12.4412 -17.2377 -4.79646
33.42 11.7379 -16.5343 -4.79646
33.44 11.3689 -16.1653 -4.79646
33.46 11.7024 -16.4934 -4.79098
33.48 12.3362 -17.1272 -4.79098
33.5 12.7206 -17.5115 -4.79098
33.52 12.7553 -17.5462 -4.79098
33.54 12.698 -17.489 -4.79098
33.56 12.8269 -17.6233 -4.79646
33.58 13.2052 -18.0071 -4.80194
33.6 13.68 -18.482 -4.80194
33.62 14.0285 -18.8304 -4.80194
33.64 14.0954 -18.8918 -4.79646
33.66 13.8734 -18.6644 -4.79098
33.68 13.4941 -18.2741 -4.78002
33.7 13.1 -17.88 -4.78002
33.72 12.8122 -17.5922 -4.78002
33.74 12.7864 -17.5664 -4.78002
33.76 13.0593 -17.8284 -4.76906
33.78 13.4558 -18.2249 -4.76906
33.8 13.7247 -18.4938 -4.76906
33.82 13.6492 -18.4238 -4.77454
33.84 13.0282 -17.8028 -4.77454
33.86 11.7142 -16.4833 -4.76906
33.88 10.1219 -14.891 -4.76906
33.9 9.57923 -14.3428 -4.76358
33.92 10.3917 -15.1498 -4.7581
33.94 11.2292 -15.9873 -4.7581
33.96 11.4756 -16.2392 -4.76358
33.98 11.4191 -16.1827 -4.76358
34 11.3713 -16.1349 -4.76358
34.02 11.3698 -16.1334 -4.76358
34.04 11.3239 -16.0875 -4.76358
34.06 11.1835 -15.9471 -4.76358
34.08 10.9418 -15.7054 -4.76358
34.1 10.5683 -15.3319 -4.76358
34.12 9.99424 -14.7633 -4.76906
34.14 9.22039 -14.0004 -4.78002
34.16 8.50998 -13.2845 -4.77454
34.18 8.31258 -13.0816 -4.76906
34.2 8.69581 -13.4649 -4.76906
34.22 9.239 -14.0081 -4.76906
34.24 9.61354 -14.3771 -4.76358
34.26 9.7842 -14.5423 -4.7581
34.28 9.83393 -14.592 -4.7581
34.3 9.83717 -14.5953 -4.7581
34.32 9.83234 -14.5904 -4.7581
34.34 9.82919 -14.5873 -4.7581
34.36 9.81958 -14.5832 -4.76358
34.38 9.78653 -14.5556 -4.76906
34.4 9.71991 -14.489 -4.76906
34.42 9.63623 -14.3998 -4.76358
34.44 9.58409 -14.3477 -4.76358
34.46 9.60724 -14.3763 -4.76906
34.48 9.68823 -14.4573 -4.76906
34.5 9.74971 -14.5188 -4.76906
34.52 9.73443 -14.5035 -4.76906
34.54 9.68864 -14.4577 -4.76906
34.56 9.74666 -14.5157 -4.76906
34.58 9.97346 -14.7425 -4.76906
34.6 10.2538 -15.0283 -4.77454
34.62 10.421 -15.1955 -4.77454
34.64 10.4268 -15.2013 -4.77454
34.66 10.3555 -15.13 -4.77454
34.68 10.325 -15.0995 -4.77454
34.7 10.3754 -15.1499 -4.77454
34.72 10.4614 -15.2414 -4.78002
34.74 10.5521 -15.3266 -4.77454
34.76 10.6874 -15.4674 -4.78002
34.78 10.9007 -15.6807 -4.78002
34.8 11.1205 -15.9005 -4.78002
34.82 11.2203 -16.0004 -4.78002
34.84 11.1439 -15.9294 -4.7855
34.86 10.928 -15.7135 -4.7855
34.88 10.6308 -15.4163 -4.7855
34.9 10.2836 -15.0691 -4.7855
34.92 9.9283 -14.7193 -4.79098
34.94 9.66486 -14.4613 -4.79646
34.96 9.60566 -14.3966 -4.79098
34.98 9.81888 -14.6099 -4.79098
35 10.2251 -15.016 -4.79098
35.02 10.5141 -15.305 -4.79098
35.04 10.5079 -15.2989 -4.79098
35.06 10.3806 -15.1716 -4.79098
35.08 10.3601 -15.1511 -4.79098
35.1 10.4438 -15.2348 -4.79098
35.12 10.5074 -15.2983 -4.79098
35.14 10.4929 -15.2838 -4.79098
35.16 10.4173 -15.2083 -4.79098
35.18 10.3203 -15.1113 -4.79098
35.2 10.2342 -15.0252 -4.79098
35.22 10.1727 -14.9691 -4.79646
35.24 10.1173 -14.9137 -4.79646
35.26 10.0012 -14.7977 -4.79646
35.28 9.70214 -14.4986 -4.79646
35.3 9.13409 -13.9305 -4.79646
35.32 8.56993 -13.3664 -4.79646
35.34 8.62473 -13.4212 -4.79646
35.36 9.23187 -14.0283 -4.79646
35.38 9.73583 -14.5378 -4.80194
35.4 9.87036 -14.6668 -4.79646
35.42 9.74843 -14.5449 -4.79646
35.44 9.68368 -14.4801 -4.79646
35.46 9.98254 -14.79 -4.80742
35.48 10.557 -15.3644 -4.80742
35.5 11.0508 -15.8637 -4.8129
35.52 11.2081 -16.021 -4.8129
35.54 10.9075 -15.7149 -4.80742
35.56 10.2137 -15.0266 -4.8129
35.58 9.58217 -14.3951 -4.8129
35.6 9.49359 -14.312 -4.81838
35.62 9.75744 -14.5758 -4.81838
35.64 10.0533 -14.8662 -4.8129
35.66 10.3425 -15.1554 -4.8129
35.68 10.5603 -15.3732 -4.8129
35.7 10.6842 -15.5026 -4.81838
35.72 10.752 -15.5649 -4.8129
35.74 10.6974 -15.5213 -4.82386
35.76 10.3977 -15.238 -4.8403
35.78 9.95311 -14.7989 -4.84578
35.8 9.70804 -14.5538 -4.84578
35.82 9.84155 -14.6873 -4.84578
35.84 10.2939 -15.1397 -4.84578
35.86 10.8014 -15.6417 -4.8403
35.88 10.9633 -15.7981 -4.83482
35.9 10.6082 -15.443 -4.83482
35.92 10.1583 -15.0041 -4.84578
35.94 10.334 -15.1798 -4.84578
35.96 11.019 -15.8648 -4.84578
35.98 11.6635 -16.5038 -4.8403
36 12.1203 -16.9606 -4.8403
36.02 12.4298 -17.2701 -4.8403
36.04 12.6101 -17.4504 -4.8403
36.06 12.6304 -17.4707 -4.8403
36.08 12.403 -17.2433 -4.8403
36.1 11.8315 -16.6773 -4.84578
36.12 10.9532 -15.799 -4.84578
36.14 10.1062 -14.952 -4.84578
36.16 9.86846 -14.7142 -4.84578
36.18 10.4373 -15.2831 -4.84578
36.2 11.3711 -16.2169 -4.84578
36.22 12.1181 -16.9584 -4.8403
36.24 12.423 -17.2578 -4.83482
36.26 12.2806 -17.1154 -4.83482
36.28 11.7567 -16.597 -4.8403
36.3 10.968 -15.8083 -4.8403
36.32 10.0822 -14.9225 -4.8403
36.34 9.55985 -14.4001 -4.8403
36.36 10.0847 -14.925 -4.8403
36.38 11.2534 -16.0937 -4.8403
36.4 12.1522 -16.9925 -4.8403
36.42 12.5695 -17.4208 -4.85126
36.44 12.6843 -17.5301 -4.84578
36.46 12.6647 -17.5105 -4.84578
36.48 12.5923 -17.438 -4.84578
36.5 12.4826 -17.3284 -4.84578
36.52 12.3109 -17.1567 -4.84578
36.54 12.0375 -16.8888 -4.85126
36.56 11.6504 -16.5017 -4.85126
36.58 11.2386 -16.1008 -4.86222
36.6 11.0277 -15.8899 -4.86221
36.62 11.2072 -16.0695 -4.86221
36.64 11.6935 -16.5557 -4.86221
36.66 12.2337 -17.0959 -4.86221
36.68 12.6216 -17.4783 -4.85674
36.7 12.64 -17.4968 -4.85674
36.72 11.9913 -16.848 -4.85674
36.74 11.0122 -15.8744 -4.86221
36.76 11.1529 -16.0151 -4.86221
36.78 11.9896 -16.8518 -4.86222
36.8 12.1614 -17.0236 -4.86222
36.82 11.8606 -16.7228 -4.86221
36.84 11.7384 -16.6061 -4.86769
36.86 11.9392 -16.8015 -4.86221
36.88 12.1276 -16.9953 -4.86769
36.9 12.0751 -16.9428 -4.86769
36.92 12.0246 -16.8923 -4.86769
36.94 12.3426 -17.2103 -4.86769
36.96 12.8247 -17.6869 -4.86221
36.98 12.9892 -17.8514 -4.86221
37 12.5939 -17.4561 -4.86221
37.02 11.6692 -16.5204 -4.85125
37.04 10.7073 -15.5585 -4.85125
37.06 10.5435 -15.4002 -4.85673
37.08 11.1583 -16.0096 -4.85125
37.1 11.8181 -16.6748 -4.85673
37.12 12.25 -17.1067 -4.85673
37.14 12.5285 -17.3798 -4.85125
37.16 12.6746 -17.5204 -4.84578
37.18 12.6209 -17.4722 -4.85126
37.2 12.2932 -17.1389 -4.84578
37.22 11.6892 -16.5295 -4.8403
37.24 11.1561 -15.9909 -4.83482
37.26 11.3232 -16.1635 -4.8403
37.28 11.9815 -16.8218 -4.8403
37.3 12.369 -17.2093 -4.8403
37.32 12.2209 -17.0612 -4.8403
37.34 11.5962 -16.4365 -4.8403
37.36 10.6513 -15.4916 -4.8403
37.38 9.7312 -14.5715 -4.8403
37.4 9.29811 -14.1384 -4.8403
37.42 9.43765 -14.2779 -4.8403
37.44 9.81935 -14.6596 -4.8403
37.46 10.2273 -15.0676 -4.8403
37.48 10.6121 -15.4579 -4.84578
37.5 10.9503 -15.7961 -4.84578
37.52 11.2189 -16.0702 -4.85125
37.54 11.3998 -16.2456 -4.84578
37.56 11.5019 -16.3422 -4.8403
37.58 11.5749 -16.4152 -4.8403
37.6 11.6919 -16.5322 -4.8403
37.62 11.9112 -16.7515 -4.8403
37.64 12.2456 -17.0914 -4.84577
37.66 12.6637 -17.5149 -4.85125
37.68 13.1192 -17.9705 -4.85125
37.7 13.5738 -18.425 -4.85125
37.72 13.9947 -18.835 -4.8403
37.74 14.3405 -19.1808 -4.8403
37.76 14.5546 -19.3949 -4.8403
37.78 14.5811 -19.4269 -4.84578
37.8 14.4127 -19.2639 -4.85125
37.82 14.2082 -19.0594 -4.85125
37.84 14.1318 -18.9831 -4.85126
37.86 13.5826 -18.4449 -4.86222
37.88 11.9571 -16.8248 -4.86769
37.9 11.3395 -16.2072 -4.86769
37.92 12.8424 -17.7101 -4.8677
37.94 14.35 -19.2177 -4.8677
37.96 15.1912 -20.0589 -4.8677
37.98 15.466 -20.3337 -4.86769
38 15.2351 -20.1028 -4.86769
38.02 14.5567 -19.4244 -4.86769
38.04 13.7147 -18.5769 -4.86221
38.06 13.3134 -18.1756 -4.86221
38.08 13.6504 -18.5126 -4.86221
38.1 14.1541 -19.0163 -4.86222
38.12 14.2573 -19.114 -4.85674
38.14 14.2616 -19.1129 -4.85126
38.16 14.7099 -19.5611 -4.85126
38.18 15.2719 -20.1231 -4.85126
38.2 15.4675 -20.3188 -4.85126
38.22 15.3523 -20.209 -4.85674
38.24 15.2196 -20.0763 -4.85674
38.26 15.2108 -20.062 -4.85126
38.28 15.1882 -20.0394 -4.85126
38.3 14.9938 -19.8505 -4.85673
38.32 14.5783 -19.4405 -4.86221
38.34 13.9904 -18.8526 -4.86221
38.36 13.512 -18.3742 -4.86221
38.38 13.3265 -18.1832 -4.85674
38.4 13.1792 -18.0359 -4.85674
38.42 13.015 -17.8717 -4.85673
38.44 12.9759 -17.8327 -4.85673
38.46 12.991 -17.8478 -4.85673
38.48 13.0386 -17.8953 -4.85674
38.5 13.1781 -18.0404 -4.86222
38.52 13.3516 -18.2138 -4.86222
38.54 13.4533 -18.3155 -4.86222
38.56 13.4517 -18.3139 -4.86222
38.58 13.3769 -18.2391 -4.86222
38.6 13.2666 -18.1342 -4.8677
38.62 13.141 -18.0032 -4.86222
38.64 12.9959 -17.8527 -4.85674
38.66 12.7923 -17.6491 -4.85674
38.68 12.4734 -17.3356 -4.86222
38.7 12.0611 -16.9233 -4.86222
38.72 11.7452 -16.6074 -4.86222
38.74 11.7039 -16.5661 -4.86222
38.76 11.8494 -16.7116 -4.86222
38.78 11.9991 -16.8668 -4.8677
38.8 12.2342 -17.0964 -4.86222
38.82 12.795 -17.6572 -4.86222
38.84 13.5063 -18.3685 -4.86222
38.86 13.8433 -18.7055 -4.86222
38.88 13.4652 -18.3329 -4.8677
38.9 12.7233 -17.591 -4.8677
38.92 12.7125 -17.5748 -4.86222
38.94 13.5972 -18.4594 -4.86222
38.96 14.6035 -19.4657 -4.86222
38.98 15.3136 -20.1758 -4.86222
39 15.6194 -20.4816 -4.86222
39.02 15.5641 -20.4263 -4.86222
39.04 15.2995 -20.1507 -4.85126
39.06 14.9856 -19.8314 -4.84578
39.08 14.6232 -19.4689 -4.84578
39.1 14.2148 -19.0606 -4.84578
39.12 14.0918 -18.9376 -4.84578
39.14 14.4436 -19.2894 -4.84578
39.16 14.8879 -19.7282 -4.8403
39.18 15.1849 -20.0307 -4.84578
39.2 15.5377 -20.3834 -4.84578
39.22 15.9672 -20.8075 -4.8403
39.24 16.2609 -21.1066 -4.84578
39.26 16.3249 -21.1762 -4.85126
39.28 16.0271 -20.8729 -4.84579
39.3 15.2988 -20.1446 -4.84578
39.32 14.6748 -19.526 -4.85126
39.34 14.8134 -19.6537 -4.8403
39.36 15.4075 -20.2424 -4.83483
39.38 15.8535 -20.6883 -4.83483
39.4 16.0876 -20.9224 -4.83483
39.42 16.2015 -21.0308 -4.82935
39.44 16.1193 -20.9432 -4.82387
39.46 15.7272 -20.551 -4.82387
39.48 14.934 -19.7579 -4.82387
39.5 13.8065 -18.6304 -4.82387
39.52 13.0379 -17.8618 -4.82387
39.54 13.1903 -18.0142 -4.82387
39.56 13.4343 -18.2582 -4.82387
39.58 13.0297 -17.859 -4.82935
39.6 12.2061 -17.0354 -4.82934
39.62 11.8328 -16.6621 -4.82934
39.64 12.2442 -17.0791 -4.83482
39.66 12.8211 -17.6559 -4.83483
39.68 13.1229 -17.9577 -4.83483
39.7 13.1358 -17.9706 -4.83483
39.72 12.9731 -17.8134 -4.8403
39.74 12.7486 -17.5944 -4.84578
39.76 12.5601 -17.4114 -4.85126
39.78 12.4791 -17.3303 -4.85126
39.8 12.5288 -17.38 -4.85126
39.82 12.6821 -17.5279 -4.84578
39.84 12.8914 -17.7371 -4.84578
39.86 13.1213 -17.9726 -4.85126
39.88 13.3578 -18.2036 -4.84578
39.9 13.5956 -18.4359 -4.8403
39.92 13.7992 -18.6395 -4.8403
39.94 13.82 -18.6603 -4.8403
39.96 13.3185 -18.1588 -4.8403
39.98 12.1941 -17.0344 -4.8403
40 11.7951 -16.6354 -4.8403
40.02 12.7953 -17.6356 -4.8403
40.04 13.448 -18.2883 -4.84031
40.06 13.094 -17.9343 -4.8403
40.08 12.1359 -16.9817 -4.84578
40.1 11.7062 -16.5574 -4.85126
40.12 12.6108 -17.462 -4.85126
40.14 13.6857 -18.5369 -4.85126
40.16 14.1384 -18.9896 -4.85126
40.18 14.3113 -19.1571 -4.84578
40.2 14.5801 -19.4259 -4.84578
40.22 14.8942 -19.7454 -4.85126
40.24 15.0498 -19.9065 -4.85674
40.26 14.9502 -19.8069 -4.85674
40.28 14.605 -19.4618 -4.85674
40.3 14.1035 -18.9602 -4.85674
40.32 13.6269 -18.4836 -4.85674
40.34 13.3755 -18.2268 -4.85126
40.36 13.4055 -18.2623 -4.85674
40.38 13.5925 -18.4492 -4.85674
40.4 13.7698 -18.6265 -4.85674
40.42 13.8352 -18.6919 -4.85674
40.44 13.7244 -18.5757 -4.85126
40.46 13.3515 -18.1972 -4.84578
40.48 12.6875 -17.5333 -4.84578
40.5 12.0756 -16.9269 -4.85126
40.52 12.0992 -16.9505 -4.85126
40.54 12.61 -17.4558 -4.84578
40.56 13.0006 -17.8409 -4.8403
40.58 12.9979 -17.8328 -4.83482
40.6 12.5353 -17.3756 -4.8403
40.62 11.7794 -16.6252 -4.84578
40.64 11.3662 -16.212 -4.84578
40.66 11.6947 -16.5404 -4.84578
40.68 12.3502 -17.1959 -4.84578
40.7 12.9565 -17.8023 -4.84578
40.72 13.4525 -18.2983 -4.84578
40.74 13.8082 -18.6539 -4.84578
40.76 14.0785 -18.9242 -4.84578
40.78 14.3643 -19.2101 -4.84578
40.8 14.6178 -19.4691 -4.85126
40.82 14.741 -19.5922 -4.85126
40.84 14.7958 -19.6471 -4.85126
40.86 14.9094 -19.7606 -4.85126
40.88 14.9621 -19.8079 -4.84578
40.9 14.5206 -19.3609 -4.8403
40.92 13.5601 -18.4004 -4.8403
40.94 13.4711 -18.306 -4.83482
40.96 14.3209 -19.1612 -4.8403
40.98 14.4215 -19.2563 -4.83482
41 13.699 -18.5338 -4.83482
41.02 13.0445 -17.8793 -4.83482
41.04 12.8364 -17.6712 -4.83482
41.06 12.8743 -17.7091 -4.83482
41.08 13.1811 -18.0159 -4.83482
41.1 13.7662 -18.601 -4.83482
41.12 14.4017 -19.2365 -4.83482
41.14 14.9094 -19.7442 -4.83482
41.16 15.2432 -20.078 -4.83482
41.18 15.417 -20.2464 -4.82934
41.2 15.4845 -20.3138 -4.82934
41.22 15.528 -20.3573 -4.82934
41.24 15.5767 -20.4006 -4.82386
41.26 15.455 -20.2788 -4.82386
41.28 14.7366 -19.5605 -4.82386
41.3 13.2524 -18.0762 -4.82386
41.32 12.0626 -16.8864 -4.82386
41.34 11.9345 -16.7584 -4.82386
41.36 12.1774 -16.9957 -4.81838
41.38 12.8456 -17.664 -4.81838
41.4 13.8252 -18.6436 -4.81838
41.42 14.6074 -19.4258 -4.81838
41.44 15.0182 -19.842 -4.82386
41.46 15.0591 -19.883 -4.82386
41.48 14.7531 -19.5769 -4.82386
41.5 14.1728 -18.9967 -4.82386
41.52 13.5436 -18.3675 -4.82386
41.54 13.2211 -18.0395 -4.81838
41.56 13.3526 -18.171 -4.81838
41.58 13.624 -18.4478 -4.82386
41.6 13.5211 -18.3395 -4.81838
41.62 12.9769 -17.7952 -4.81838
41.64 12.7118 -17.5302 -4.81838
41.66 13.2018 -18.0201 -4.81838
41.68 13.9031 -18.727 -4.82386
41.7 14.2355 -19.0539 -4.81838
41.72 14.0584 -18.8768 -4.81838
41.74 13.5212 -18.3505 -4.82934
41.76 12.9505 -17.7744 -4.82386
41.78 12.6276 -17.446 -4.81838
41.8 12.561 -17.3794 -4.81838
41.82 12.569 -17.3873 -4.81838
41.84 12.4205 -17.2389 -4.81838
41.86 11.9773 -16.7956 -4.81838
41.88 11.517 -16.3299 -4.8129
41.9 11.5866 -16.405 -4.81838
41.92 12.0699 -16.8883 -4.81838
41.94 12.4219 -17.2403 -4.81838
41.96 12.4393 -17.2576 -4.81838
41.98 12.1483 -16.9667 -4.81838
42 11.6121 -16.425 -4.8129
42.02 11.0045 -15.8174 -4.8129
42.04 10.6328 -15.4457 -4.8129
42.06 10.6209 -15.4338 -4.8129
42.08 10.8058 -15.6187 -4.8129
42.1 11.0494 -15.8568 -4.80742
42.12 11.3006 -16.108 -4.80742
42.14 11.5072 -16.3146 -4.80742
42.16 11.6333 -16.4353 -4.80194
42.18 11.6771 -16.479 -4.80194
42.2 11.6506 -16.4526 -4.80194
42.22 11.5591 -16.3555 -4.79646
42.24 11.3993 -16.1957 -4.79646
42.26 11.1799 -15.9764 -4.79646
42.28 10.954 -15.7505 -4.79646
42.3 10.8357 -15.6431 -4.80742
42.32 10.9481 -15.7556 -4.80742
42.34 11.3101 -16.1121 -4.80194
42.36 11.7992 -16.6011 -4.80194
42.38 12.2595 -17.0614 -4.80194
42.4 12.6045 -17.4064 -4.80194
42.42 12.8203 -17.6113 -4.79099
42.44 12.9308 -17.7218 -4.79099
42.46 12.9816 -17.7726 -4.79099
42.48 13.0393 -17.8413 -4.80195
42.5 13.1809 -17.9883 -4.80742
42.52 13.4369 -18.2443 -4.80743
42.54 13.7097 -18.528 -4.81838
42.56 13.8 -18.6129 -4.81291
42.58 13.6146 -18.4275 -4.8129
42.6 13.3439 -18.1568 -4.8129
42.62 13.3113 -18.1242 -4.8129
42.64 13.6434 -18.4563 -4.8129
42.66 14.1326 -18.9455 -4.81291
42.68 14.4606 -19.2625 -4.80195
42.7 14.5309 -19.3328 -4.80195
42.72 14.5673 -19.3748 -4.80743
42.74 14.8958 -19.7032 -4.80743
42.76 15.3624 -20.1698 -4.80743
42.78 15.4588 -20.2607 -4.80195
42.8 15.0543 -19.8618 -4.80743
42.82 14.5439 -19.3568 -4.8129
42.84 14.4975 -19.3104 -4.8129
42.86 15.0625 -19.8754 -4.8129
42.88 15.8464 -20.6593 -4.8129
42.9 16.4695 -21.2879 -4.81838
42.92 16.8354 -21.6538 -4.81838
42.94 16.9779 -21.7853 -4.80742
42.96 16.9016 -21.7091 -4.80742
42.98 16.5388 -21.3462 -4.80742
43 15.8345 -20.6419 -4.80742
43.02 14.9852 -19.7926 -4.80742
43.04 14.5565 -19.3639 -4.80742
43.06 14.9081 -19.7156 -4.80742
43.08 15.6389 -20.4463 -4.80742
43.1 16.155 -20.9625 -4.80742
43.12 16.2539 -21.0614 -4.80742
43.14 16.0214 -20.8343 -4.8129
43.16 15.5369 -20.3498 -4.8129
43.18 14.7568 -19.5697 -4.8129
43.2 14.0884 -18.8958 -4.80742
43.22 14.4583 -19.2657 -4.80742
43.24 15.208 -20.0154 -4.80742
43.26 15.35 -20.1574 -4.80742
43.28 15.1087 -19.9161 -4.80742
43.3 14.882 -19.6894 -4.80742
43.32 14.6301 -19.4375 -4.80742
43.34 14.1467 -18.9541 -4.80742
43.36 13.4804 -18.2878 -4.80742
43.38 13.0139 -17.8213 -4.80742
43.4 12.9612 -17.7687 -4.80742
43.42 13.0625 -17.8589 -4.79646
43.44 13.1152 -17.9117 -4.79646
43.46 13.2004 -17.9969 -4.79646
43.48 13.3905 -18.187 -4.79646
43.5 13.6021 -18.3985 -4.79646
43.52 13.7585 -18.555 -4.79646
43.54 13.8676 -18.6696 -4.80194
43.56 13.9065 -18.7085 -4.80194
43.58 13.7872 -18.5892 -4.80194
43.6 13.4778 -18.2743 -4.79646
43.62 13.1048 -17.9067 -4.80194
43.64 12.8593 -17.6558 -4.79646
43.66 12.7663 -17.5627 -4.79646
43.68 12.695 -17.497 -4.80194
43.7 12.577 -17.3789 -4.80194
43.72 12.5005 -17.3024 -4.80194
43.74 12.5825 -17.39 -4.80742
43.76 12.786 -17.5935 -4.80742
43.78 12.9585 -17.7659 -4.80742
43.8 12.998 -17.8054 -4.80742
43.82 12.9008 -17.7137 -4.8129
43.84 12.7066 -17.5195 -4.8129
43.86 12.456 -17.2689 -4.8129
43.88 12.1929 -17.0058 -4.8129
43.9 11.974 -16.7923 -4.81838
43.92 11.8464 -16.6648 -4.81838
43.94 11.8108 -16.6292 -4.81838
43.96 11.8259 -16.6443 -4.81838
43.98 11.8504 -16.6688 -4.81838
44 11.869 -16.6819 -4.8129
44.02 11.892 -16.7104 -4.81838
44.04 11.9482 -16.7611 -4.8129
44.06 12.0721 -16.885 -4.8129
44.08 12.2719 -17.0848 -4.8129
44.1 12.5041 -17.3115 -4.80742
44.12 12.6809 -17.4993 -4.81838
44.14 12.7036 -17.522 -4.81838
44.16 12.4955 -17.3194 -4.82386
44.18 12.1173 -16.9412 -4.82386
44.2 12.0014 -16.8198 -4.81838
44.22 12.5867 -17.4106 -4.82386
44.24 13.4631 -18.287 -4.82386
44.26 13.9843 -18.8081 -4.82386
44.28 14.0016 -18.8254 -4.82386
44.3 13.7242 -18.5535 -4.82934
44.32 13.4859 -18.3097 -4.82386
44.34 13.4754 -18.2993 -4.82386
44.36 13.5524 -18.3708 -4.81839
44.38 13.4027 -18.2265 -4.82387
44.4 12.9707 -17.8001 -4.82935
44.42 12.3168 -17.1462 -4.82935
44.44 11.5982 -16.4276 -4.82935
44.46 11.7005 -16.5244 -4.82386
44.48 13.0559 -17.8798 -4.82387
44.5 14.6137 -19.4375 -4.82387
44.52 15.4254 -20.2547 -4.82935
44.54 15.4855 -20.3148 -4.82935
44.56 15.1287 -19.9525 -4.82387
44.58 14.6069 -19.4308 -4.82387
44.6 13.9924 -18.8108 -4.81839
44.62 13.2265 -18.0449 -4.81839
44.64 12.4698 -17.2882 -4.81839
44.66 12.2116 -17.03 -4.81839
44.68 12.3937 -17.2066 -4.81291
44.7 12.5235 -17.3364 -4.81291
44.72 12.5068 -17.3197 -4.81291
44.74 12.4064 -17.2193 -4.81291
44.76 12.1733 -16.9862 -4.81291
44.78 11.8024 -16.6153 -4.81291
44.8 11.4602 -16.2732 -4.81291
44.82 11.3372 -16.1501 -4.81291
44.84 11.3957 -16.2141 -4.81839
44.86 11.4453 -16.2582 -4.81291
44.88 11.384 -16.1914 -4.80743
44.9 11.246 -16.0534 -4.80743
44.92 11.1259 -15.9333 -4.80743
44.94 11.1 -15.9075 -4.80743
44.96 11.1766 -15.9786 -4.80195
44.98 11.3068 -16.1088 -4.80195
45 11.435 -16.237 -4.80195
45.02 11.5331 -16.3405 -4.80743
45.04 11.5873 -16.3948 -4.80743
45.06 11.5606 -16.368 -4.80743
45.08 11.3771 -16.19 -4.81291
45.1 10.9852 -15.8091 -4.82387
45.12 10.4786 -15.3025 -4.82387
45.14 10.0945 -14.9129 -4.81839
45.16 10.0375 -14.8614 -4.82387
45.18 10.3685 -15.1924 -4.82387
45.2 10.9379 -15.7562 -4.81839
45.22 11.4709 -16.2892 -4.81839
45.24 11.8182 -16.6366 -4.81839
45.26 11.9915 -16.8044 -4.81291
45.28 12.0463 -16.8593 -4.81291
45.3 12.0059 -16.8188 -4.81291
45.32 11.8322 -16.6452 -4.81291
45.34 11.492 -16.3049 -4.81291
45.36 11.2036 -16.0165 -4.81291
45.38 11.3849 -16.1978 -4.81291
45.4 11.931 -16.7439 -4.81291
45.42 12.3358 -17.1487 -4.81291
45.44 12.4028 -17.2212 -4.81839
45.46 12.2399 -17.0473 -4.80743
45.48 12.0422 -16.8497 -4.80743
45.5 11.9759 -16.7833 -4.80743
45.52 12.1075 -16.9149 -4.80743
45.54 12.3334 -17.1408 -4.80743
45.56 12.4177 -17.2196 -4.80195
45.58 12.1378 -16.9397 -4.80195
45.6 11.5902 -16.3922 -4.80195
45.62 11.5403 -16.3422 -4.80195
45.64 12.1726 -16.9745 -4.80195
45.66 12.6092 -17.4111 -4.80195
45.68 12.5207 -17.3226 -4.80195
45.7 12.1698 -16.9718 -4.80195
45.72 11.9004 -16.7079 -4.80743
45.74 11.9089 -16.7163 -4.80743
45.76 12.1585 -16.9604 -4.80195
45.78 12.4858 -17.2878 -4.80195
45.8 12.7636 -17.5656 -4.80195
45.82 12.9456 -17.753 -4.80743
45.84 13.0212 -17.8231 -4.80195
45.86 12.9737 -17.7757 -4.80195
45.88 12.7839 -17.5913 -4.80743
45.9 12.4839 -17.2968 -4.81291
45.92 12.2104 -17.0233 -4.81291
45.94 12.1323 -16.9561 -4.82387
45.96 12.2774 -17.1067 -4.82934
45.98 12.5311 -17.355 -4.82387
46 12.782 -17.6004 -4.81839
46.02 12.9626 -17.7865 -4.82387
46.04 12.9618 -17.7856 -4.82387
46.06 12.5797 -17.4036 -4.82387
46.08 11.8611 -16.685 -4.82386
46.1 11.6267 -16.4451 -4.81838
46.12 12.316 -17.1453 -4.82934
46.14 13.0814 -17.9162 -4.83482
46.16 13.3682 -18.203 -4.83482
46.18 13.1348 -17.9696 -4.83482
46.2 12.4433 -17.2781 -4.83482
46.22 11.5124 -16.3473 -4.83482
46.24 10.8028 -15.6431 -4.8403
46.26 10.701 -15.5413 -4.8403
46.28 11.1206 -15.9609 -4.8403
46.3 11.6765 -16.5223 -4.84578
46.32 12.0837 -16.935 -4.85126
46.34 12.2597 -17.1055 -4.84578
46.36 12.236 -17.0818 -4.84578
46.38 12.0686 -16.9199 -4.85126
46.4 11.8053 -16.6565 -4.85126
46.42 11.4992 -16.3505 -4.85126
46.44 11.2457 -16.097 -4.85126
46.46 11.1852 -16.0419 -4.85674
46.48 11.4044 -16.2611 -4.85674
46.5 11.8313 -16.6936 -4.86222
46.52 12.3018 -17.1695 -4.8677
46.54 12.6906 -17.5583 -4.8677
46.56 12.9355 -17.8032 -4.8677
46.58 13.0279 -17.901 -4.87318
46.6 13.0546 -17.9333 -4.87866
46.62 13.1455 -18.0241 -4.87866
46.64 13.1799 -18.0586 -4.87866
46.66 12.7371 -17.6158 -4.87866
46.68 11.6895 -16.5682 -4.87866
46.7 10.8476 -15.7263 -4.87866
46.72 11.2634 -16.142 -4.87866
46.74 12.5803 -17.4644 -4.88414
46.76 13.6761 -18.5602 -4.88414
46.78 14.2138 -19.0979 -4.88414
46.8 14.6911 -19.5753 -4.88414
46.82 15.4937 -20.3833 -4.88962
46.84 16.2849 -21.1746 -4.88962
46.86 16.5166 -21.4117 -4.8951
46.88 15.7442 -20.6393 -4.8951
46.9 13.9633 -18.8639 -4.90058
46.92 12.5634 -17.4859 -4.92249
46.94 12.9009 -17.8234 -4.9225
46.96 14.1415 -19.064 -4.9225
46.98 15.3799 -20.3024 -4.9225
47 16.3568 -21.2847 -4.92798
47.02 16.9093 -21.8373 -4.92798
47.04 16.9313 -21.8648 -4.93346
47.06 16.4228 -21.3563 -4.93346
47.08 15.6824 -20.6158 -4.93345
47.1 15.4042 -20.3376 -4.93345
47.12 16.1536 -21.1035 -4.94989
47.14 17.4399 -22.3953 -4.95537
47.16 18.3169 -23.2668 -4.94989
47.18 18.4036 -23.3535 -4.94989
47.2 17.6631 -22.6185 -4.95537
47.22 16.0581 -21.0135 -4.95537
47.24 14.177 -19.1324 -4.95537
47.26 14.2061 -19.1615 -4.95537
47.28 16.1255 -21.0809 -4.95537
47.3 17.7576 -22.713 -4.95537
47.32 18.3002 -23.2555 -4.95537
47.34 18.0022 -22.9576 -4.95537
47.36 17.6257 -22.5811 -4.95537
47.38 17.8584 -22.8138 -4.95537
47.4 18.3574 -23.3127 -4.95537
47.42 18.3389 -23.2943 -4.95537
47.44 17.6399 -22.5953 -4.95537
47.46 16.8194 -21.7747 -4.95537
47.48 16.8201 -21.781 -4.96085
47.5 17.7988 -22.7651 -4.96633
47.52 18.7232 -23.6841 -4.96085
47.54 18.8357 -23.7966 -4.96085
47.56 18.1487 -23.1151 -4.96633
47.58 17.1391 -22.0945 -4.95537
47.6 16.6175 -21.5728 -4.95537
47.62 17.0426 -21.998 -4.95537
47.64 17.7042 -22.665 -4.96085
47.66 17.9172 -22.8781 -4.96085
47.68 17.7269 -22.6714 -4.94441
47.7 17.4171 -22.3561 -4.93894
47.72 17.0674 -22.0119 -4.94442
47.74 16.5538 -21.5037 -4.9499
47.76 16.0265 -20.9709 -4.94442
47.78 15.9298 -20.8797 -4.94989
47.8 16.2445 -21.1943 -4.9499
47.82 16.5271 -21.4715 -4.94442
47.84 16.4567 -21.4011 -4.94442
47.86 15.986 -20.9304 -4.94442
47.88 15.5477 -20.4921 -4.94441
47.9 15.6629 -20.6128 -4.9499
47.92 15.9689 -20.9188 -4.9499
47.94 15.8875 -20.8484 -4.96085
47.96 15.3458 -20.3122 -4.96633
47.98 14.4872 -19.4426 -4.95537
48 13.3366 -18.2865 -4.9499
48.02 12.0346 -16.9844 -4.94989
48.04 11.7745 -16.7299 -4.95537
48.06 12.9808 -17.9307 -4.9499
48.08 14.1184 -19.0628 -4.94442
48.1 14.5166 -19.4665 -4.9499
48.12 14.1872 -19.1371 -4.9499
48.14 13.1138 -18.0637 -4.9499
48.16 11.8316 -16.7706 -4.93893
48.18 11.7283 -16.6673 -4.93894
48.2 12.6609 -17.5944 -4.93346
48.22 13.0769 -18.0103 -4.93346
48.24 12.5854 -17.5134 -4.92798
48.26 12.1011 -17.0236 -4.9225
48.28 12.3645 -17.287 -4.9225
48.3 12.985 -17.902 -4.91702
48.32 13.3978 -18.3148 -4.91702
48.34 13.493 -18.41 -4.91702
48.36 13.4038 -18.3208 -4.91702
48.38 13.2464 -18.1635 -4.91702
48.4 12.9865 -17.898 -4.91154
48.42 12.5423 -17.4484 -4.90606
48.44 12.083 -16.9946 -4.91154
48.46 12.0461 -16.9576 -4.91154
48.48 12.527 -17.4385 -4.91154
48.5 13.0937 -17.9998 -4.90606
48.52 13.4014 -18.3074 -4.90606
48.54 13.3947 -18.2953 -4.90058
48.56 13.1377 -18.0328 -4.8951
48.58 12.7262 -17.6159 -4.88962
48.6 12.2617 -17.1514 -4.88962
48.62 11.7507 -16.6403 -4.88962
48.64 11.0652 -15.9549 -4.88962
48.66 10.5996 -15.4837 -4.88414
48.68 11.3421 -16.2153 -4.87318
48.7 12.541 -17.4142 -4.87318
48.72 12.8967 -17.7699 -4.87318
48.74 12.3202 -17.1933 -4.87318
48.76 11.6768 -16.5555 -4.87866
48.78 11.9132 -16.7919 -4.87866
48.8 12.4735 -17.3577 -4.88414
48.82 12.5739 -17.458 -4.88414
48.84 12.1466 -17.0308 -4.88414
48.86 11.2481 -16.1322 -4.88414
48.88 10.2047 -15.0833 -4.87866
48.9 10.1007 -14.9739 -4.87318
48.92 11.0161 -15.8838 -4.8677
48.94 11.8174 -16.6851 -4.8677
48.96 12.0386 -16.9009 -4.86222
48.98 11.6937 -16.5614 -4.8677
49 11.0859 -15.9536 -4.8677
49.02 10.6558 -15.518 -4.86222
49.04 10.4527 -15.3149 -4.86222
49.06 10.3611 -15.2288 -4.8677
49.08 10.5036 -15.3658 -4.86222
49.1 10.9812 -15.8324 -4.85126
49.12 11.6036 -16.4549 -4.85126
49.14 11.9924 -16.8382 -4.84579
49.16 11.8181 -16.6639 -4.84579
49.18 10.8971 -15.7429 -4.84579
49.2 9.70812 -14.5539 -4.84578
49.22 9.59452 -14.4348 -4.84031
49.24 10.4215 -15.2618 -4.84031
49.26 10.9338 -15.7742 -4.84031
49.28 10.8726 -15.7129 -4.84031
49.3 10.4995 -15.3398 -4.84031
49.32 10.0855 -14.9258 -4.84031
49.34 9.82684 -14.6671 -4.84031
49.36 9.76528 -14.6111 -4.84579
49.38 9.77292 -14.6187 -4.84579
49.4 9.69128 -14.5371 -4.84579
49.42 9.46389 -14.3097 -4.84579
49.44 9.15547 -14.0013 -4.84579
49.46 8.88989 -13.7412 -4.85127
49.48 8.79801 -13.6548 -4.85674
49.5 8.95673 -13.808 -4.85127
49.52 9.26148 -14.1127 -4.85127
49.54 9.50708 -14.3583 -4.85127
49.56 9.59861 -14.4499 -4.85127
49.58 9.57017 -14.4214 -4.85127
49.6 9.49333 -14.3446 -4.85127
49.62 9.41048 -14.2617 -4.85126
49.64 9.31527 -14.1665 -4.85126
49.66 9.18233 -14.0391 -4.85674
49.68 9.00743 -13.8751 -4.8677
49.7 8.8151 -13.6828 -4.8677
49.72 8.66699 -13.5347 -4.8677
49.74 8.69365 -13.5668 -4.87318
49.76 9.0143 -13.882 -4.8677
49.78 9.56909 -14.4313 -4.86222
49.8 10.1565 -15.0187 -4.86222
49.82 10.6308 -15.4875 -4.85675
49.84 10.9798 -15.8421 -4.86222
49.86 11.2686 -16.1363 -4.8677
49.88 11.5568 -16.4191 -4.86222
49.9 11.8087 -16.6819 -4.87318
49.92 11.8116 -16.6793 -4.8677
49.94 11.1806 -16.0428 -4.86223
49.96 9.75505 -14.6173 -4.86222
49.98 8.54798 -13.4102 -4.86222
