7.79459 6.8957389 0.56932547 0
6.2563575 8.4447084 0.25775438 0
1.171405 4.7622309 0.84688413 0
2.7261354 7.0054152 0.053645229 0
3.5887648 8.6125568 0.82348213 0
4.5908217 3.3194144 0.79645083 0
4.4127647 9.5326627 0.81837922 0
7.0887665 4.3568551 0.11577968 0
7.6838428 0.10537088 0.57601981 0
9.4529558 7.9898004 0.32320801 0
6.3935589 5.5874924 0.61608499 0
8.9094115 0.82757176 0.37851651 0
0.13754579 1.4468961 0.026885205 0
2.5195193 4.9359228 0.73590179 0
1.2298546 1.5324064 0.48172662 0
9.5283156 5.572812 0.50584698 0
5.7872878 2.6764203 0.7582282 0
8.6638885 2.2628143 0.23339927 0
7.2819939 9.0097119 0.091284774 0
0.64135246 8.9007974 0.77839106 0
