32
2.17, 2.70315, 1.39805
2.181, 2.73362, 1.39257
2.192, 2.99685, 1.43613
2.203, 3.11707, 1.44906
2.214, 3.53309, 1.51781
2.225, 3.40688, 1.48202

64
2.17, 2.56595, 2.73516
2.181, 2.82679, 2.83718
2.192, 2.95211, 2.86455
2.203, 3.09738, 2.89951
2.214, 3.55033, 3.05482
2.225, 3.25091, 2.89967

128
2.17, 2.67152, 5.58507
2.181, 2.79418, 5.64255
2.192, 3.00836, 5.78887
2.203, 3.10136, 5.80923
2.214, 3.42212, 6.01706
2.225, 3.56433, 6.05049
2.236, 3.70181, 6.08455
2.247, 3.98075, 6.22494
2.258, 4.99453, 6.83634
2.269, 5.29531, 6.8765
2.28, 5.66494, 6.97444
2.291, 4.63287, 6.14431

256
2.17, 2.55621, 10.9247
2.181, 2.88198, 11.471
2.192, 2.95997, 11.4875
2.203, 3.07461, 11.5649
2.214, 3.35147, 11.9131
2.225, 3.60701, 12.193
2.236, 4.0517, 12.7208
2.247, 4.24867, 12.8321
2.258, 4.84757, 13.4602
2.269, 6.31354, 15.0055
2.28, 6.90933, 15.3224
2.291, 4.806, 12.5103

512
2.17, 2.63403, 22.1796
2.181, 2.93563, 23.1497
2.192, 2.90203, 22.7492

1024
2.17, 2.64066, 44.4167
2.181, 2.88603, 45.9091
2.192, 2.97905, 46.0952
