1.46919
1, 0.978473, 6.4601e-06
2, 0.976721, 7.35414e-06
3, 0.976559, 7.51193e-06
4, 0.976542, 7.52722e-06
5, 0.97654, 7.53588e-06
6, 0.976539, 7.53141e-06
7, 0.97654, 7.53581e-06
8, 0.97654, 7.53832e-06
9, 0.976539, 7.54417e-06
10, 0.97654, 7.54765e-06
11, 0.97654, 7.53505e-06
12, 0.97654, 7.53878e-06
13, 0.97654, 7.53812e-06
14, 0.97654, 7.54215e-06
15, 0.97654, 7.53447e-06
16, 0.976539, 7.53297e-06
17, 0.97654, 7.54099e-06
18, 0.976539, 7.53891e-06
19, 0.97654, 7.53461e-06
20, 0.97654, 7.54345e-06
21, 0.97654, 7.53271e-06
22, 0.97654, 7.53492e-06
23, 0.97654, 7.5428e-06
24, 0.97654, 7.54217e-06
25, 0.97654, 7.54385e-06
26, 0.97654, 7.53637e-06
27, 0.97654, 7.53825e-06
28, 0.97654, 7.53134e-06
29, 0.976539, 7.5393e-06
30, 0.97654, 7.53941e-06
31, 0.97654, 7.53465e-06
32, 0.97654, 7.53679e-06
33, 0.976539, 7.53704e-06
34, 0.976539, 7.53476e-06
35, 0.97654, 7.53637e-06
36, 0.97654, 7.53591e-06
37, 0.976539, 7.54011e-06
38, 0.97654, 7.54315e-06
39, 0.97654, 7.53687e-06
40, 0.97654, 7.5416e-06
41, 0.97654, 7.5387e-06
42, 0.97654, 7.53515e-06
43, 0.976539, 7.53743e-06
44, 0.976539, 7.53875e-06
45, 0.976539, 7.54621e-06
46, 0.97654, 7.54173e-06
47, 0.976539, 7.54069e-06
48, 0.97654, 7.54218e-06
49, 0.97654, 7.53771e-06
50, 0.97654, 7.53931e-06
51, 0.976539, 7.54262e-06
52, 0.976539, 7.54363e-06
53, 0.97654, 7.54734e-06
54, 0.97654, 7.54376e-06
55, 0.97654, 7.54761e-06
56, 0.976539, 7.54192e-06
57, 0.97654, 7.54438e-06
58, 0.976539, 7.537e-06
59, 0.976539, 7.54217e-06
60, 0.976539, 7.53681e-06
61, 0.976539, 7.53655e-06
62, 0.97654, 7.54835e-06
63, 0.97654, 7.531e-06
64, 0.97654, 7.5391e-06
65, 0.97654, 7.54225e-06
66, 0.97654, 7.53636e-06
67, 0.97654, 7.54503e-06
68, 0.97654, 7.53993e-06
69, 0.97654, 7.5403e-06
70, 0.97654, 7.54516e-06
71, 0.97654, 7.54026e-06
72, 0.97654, 7.54055e-06
73, 0.976539, 7.53958e-06
74, 0.97654, 7.53246e-06
75, 0.97654, 7.53162e-06
76, 0.97654, 7.53515e-06
77, 0.97654, 7.5369e-06
78, 0.97654, 7.52794e-06
79, 0.97654, 7.52764e-06
80, 0.97654, 7.54089e-06
81, 0.97654, 7.53539e-06
82, 0.97654, 7.54008e-06
83, 0.976539, 7.5407e-06
84, 0.97654, 7.54147e-06
85, 0.97654, 7.53304e-06
86, 0.976539, 7.54017e-06
87, 0.976539, 7.53911e-06
88, 0.97654, 7.53987e-06
89, 0.976539, 7.53772e-06
90, 0.97654, 7.52994e-06
91, 0.976539, 7.53424e-06
92, 0.976539, 7.53305e-06
93, 0.97654, 7.53603e-06
94, 0.97654, 7.54132e-06
95, 0.97654, 7.53936e-06
96, 0.97654, 7.54594e-06
97, 0.97654, 7.54587e-06
98, 0.97654, 7.5317e-06
99, 0.97654, 7.53611e-06
100, 0.97654, 7.53753e-06
101, 0.976539, 7.53818e-06
102, 0.97654, 7.54262e-06
103, 0.97654, 7.54443e-06
104, 0.97654, 7.53642e-06
105, 0.97654, 7.54001e-06
106, 0.976539, 7.54399e-06
107, 0.97654, 7.54465e-06
108, 0.97654, 7.53045e-06
109, 0.97654, 7.53988e-06
110, 0.97654, 7.53967e-06
111, 0.97654, 7.53429e-06
112, 0.976539, 7.53371e-06
113, 0.976539, 7.54707e-06
114, 0.97654, 7.54471e-06
115, 0.97654, 7.53547e-06
116, 0.97654, 7.54521e-06
117, 0.97654, 7.5409e-06
118, 0.97654, 7.53704e-06
119, 0.97654, 7.54149e-06
120, 0.97654, 7.53553e-06
121, 0.97654, 7.54196e-06
122, 0.976539, 7.53222e-06
123, 0.97654, 7.54773e-06
124, 0.97654, 7.53854e-06
125, 0.976539, 7.54803e-06
126, 0.97654, 7.5367e-06
127, 0.97654, 7.53727e-06
128, 0.97654, 7.53976e-06
129, 0.97654, 7.5399e-06
130, 0.97654, 7.53051e-06
131, 0.97654, 7.54041e-06
132, 0.976539, 7.53529e-06
133, 0.97654, 7.54431e-06
134, 0.976539, 7.54238e-06
135, 0.97654, 7.52288e-06
136, 0.97654, 7.53229e-06
137, 0.97654, 7.53705e-06
138, 0.97654, 7.54592e-06
139, 0.97654, 7.54484e-06
140, 0.97654, 7.54138e-06
141, 0.97654, 7.54527e-06
142, 0.97654, 7.54092e-06
143, 0.97654, 7.53762e-06
144, 0.976539, 7.53883e-06
145, 0.97654, 7.54565e-06
146, 0.97654, 7.53552e-06
147, 0.97654, 7.5292e-06
148, 0.97654, 7.52818e-06
149, 0.97654, 7.54112e-06
150, 0.97654, 7.54792e-06
151, 0.97654, 7.54641e-06
152, 0.97654, 7.54259e-06
153, 0.976539, 7.54003e-06
154, 0.97654, 7.53331e-06
155, 0.97654, 7.53806e-06
156, 0.976539, 7.5414e-06
157, 0.976539, 7.5438e-06
158, 0.976539, 7.53736e-06
159, 0.976539, 7.54442e-06
160, 0.97654, 7.54007e-06
161, 0.97654, 7.53347e-06
162, 0.97654, 7.54789e-06
163, 0.97654, 7.54509e-06
164, 0.97654, 7.52798e-06
165, 0.97654, 7.54535e-06
166, 0.97654, 7.53734e-06
167, 0.97654, 7.53088e-06
168, 0.97654, 7.54298e-06
169, 0.976539, 7.53646e-06
170, 0.97654, 7.53922e-06
171, 0.97654, 7.54765e-06
172, 0.97654, 7.53793e-06
173, 0.976539, 7.53275e-06
174, 0.97654, 7.53134e-06
175, 0.97654, 7.53857e-06
176, 0.97654, 7.53853e-06
177, 0.976539, 7.53266e-06
178, 0.97654, 7.53957e-06
179, 0.97654, 7.53691e-06
180, 0.97654, 7.53814e-06
181, 0.976539, 7.53387e-06
182, 0.97654, 7.54068e-06
183, 0.97654, 7.535e-06
184, 0.97654, 7.53534e-06
185, 0.97654, 7.53961e-06
186, 0.97654, 7.54347e-06
187, 0.97654, 7.54403e-06
188, 0.97654, 7.5325e-06
189, 0.97654, 7.5365e-06
190, 0.97654, 7.53948e-06
191, 0.97654, 7.53922e-06
192, 0.97654, 7.54628e-06
193, 0.976539, 7.54158e-06
194, 0.976539, 7.53212e-06
195, 0.976539, 7.53943e-06
196, 0.976539, 7.53797e-06
197, 0.97654, 7.53856e-06
198, 0.97654, 7.53846e-06
199, 0.97654, 7.54067e-06
200, 0.97654, 7.53841e-06
201, 0.97654, 7.52944e-06
202, 0.97654, 7.54022e-06
203, 0.976539, 7.5438e-06
204, 0.97654, 7.54266e-06
205, 0.97654, 7.54795e-06
206, 0.97654, 7.54477e-06
207, 0.97654, 7.54115e-06
208, 0.97654, 7.53418e-06
209, 0.976539, 7.53479e-06
210, 0.97654, 7.53615e-06
211, 0.976539, 7.54037e-06
212, 0.976539, 7.5328e-06
213, 0.97654, 7.53601e-06
214, 0.97654, 7.54157e-06
215, 0.976539, 7.54121e-06
216, 0.97654, 7.52694e-06
217, 0.97654, 7.52854e-06
218, 0.976539, 7.53796e-06
219, 0.97654, 7.5486e-06
220, 0.97654, 7.54407e-06
221, 0.97654, 7.54581e-06
222, 0.97654, 7.53998e-06
223, 0.97654, 7.53903e-06
224, 0.97654, 7.53474e-06
225, 0.97654, 7.53637e-06
226, 0.976539, 7.53855e-06
227, 0.976539, 7.53564e-06
228, 0.97654, 7.53587e-06
229, 0.976539, 7.53704e-06
230, 0.97654, 7.54131e-06
231, 0.97654, 7.53883e-06
232, 0.97654, 7.53322e-06
233, 0.97654, 7.54295e-06
234, 0.976539, 7.54431e-06
235, 0.97654, 7.54659e-06
236, 0.97654, 7.55238e-06
237, 0.97654, 7.53065e-06
238, 0.97654, 7.53336e-06
239, 0.976539, 7.5341e-06
240, 0.97654, 7.53572e-06
241, 0.97654, 7.54221e-06
242, 0.97654, 7.54683e-06
243, 0.97654, 7.54114e-06
244, 0.976539, 7.5403e-06
245, 0.976539, 7.54031e-06
246, 0.976539, 7.53361e-06
247, 0.97654, 7.52933e-06
248, 0.97654, 7.53819e-06
249, 0.97654, 7.53576e-06
250, 0.97654, 7.53891e-06
251, 0.976539, 7.53689e-06
252, 0.97654, 7.5399e-06
253, 0.97654, 7.53864e-06
254, 0.97654, 7.54404e-06
255, 0.97654, 7.53644e-06
256, 0.976539, 7.5348e-06
257, 0.976539, 7.53569e-06
258, 0.97654, 7.53957e-06
259, 0.97654, 7.53531e-06
260, 0.97654, 7.53877e-06
261, 0.976539, 7.53898e-06
262, 0.97654, 7.54336e-06
263, 0.97654, 7.53841e-06
264, 0.97654, 7.53689e-06
265, 0.97654, 7.53848e-06
266, 0.97654, 7.54253e-06
267, 0.97654, 7.54633e-06
268, 0.97654, 7.5376e-06
269, 0.97654, 7.53594e-06
270, 0.97654, 7.53733e-06
271, 0.97654, 7.53778e-06
272, 0.97654, 7.54752e-06
273, 0.97654, 7.54276e-06
274, 0.97654, 7.53399e-06
275, 0.976539, 7.53819e-06
276, 0.97654, 7.53889e-06
277, 0.97654, 7.53742e-06
278, 0.97654, 7.53703e-06
279, 0.97654, 7.54137e-06
280, 0.97654, 7.53849e-06
281, 0.97654, 7.54371e-06
282, 0.97654, 7.54176e-06
283, 0.97654, 7.54832e-06
284, 0.976539, 7.53937e-06
285, 0.976539, 7.53823e-06
286, 0.976539, 7.53704e-06
287, 0.976539, 7.54085e-06
288, 0.97654, 7.52774e-06
289, 0.97654, 7.54358e-06
290, 0.97654, 7.53379e-06
291, 0.976539, 7.53669e-06
292, 0.97654, 7.54191e-06
293, 0.976539, 7.54631e-06
294, 0.976539, 7.53317e-06
295, 0.976539, 7.53828e-06
296, 0.976539, 7.54261e-06
297, 0.97654, 7.5411e-06
298, 0.97654, 7.54093e-06
299, 0.976539, 7.55197e-06
300, 0.97654, 7.5457e-06
301, 0.97654, 7.53419e-06
302, 0.976539, 7.54134e-06
303, 0.97654, 7.5349e-06
304, 0.97654, 7.52842e-06
305, 0.97654, 7.53501e-06
306, 0.97654, 7.53629e-06
307, 0.97654, 7.53436e-06
308, 0.97654, 7.54184e-06
309, 0.976539, 7.53961e-06
310, 0.97654, 7.53257e-06
311, 0.97654, 7.536e-06
312, 0.976539, 7.53361e-06
313, 0.976539, 7.53434e-06
314, 0.97654, 7.53653e-06
315, 0.976539, 7.53008e-06
316, 0.976539, 7.54469e-06
317, 0.97654, 7.54145e-06
318, 0.97654, 7.53633e-06
319, 0.97654, 7.53938e-06
320, 0.97654, 7.53814e-06
321, 0.976539, 7.5433e-06
322, 0.976539, 7.54586e-06
323, 0.97654, 7.54028e-06
324, 0.97654, 7.53035e-06
325, 0.97654, 7.54717e-06
326, 0.976539, 7.55192e-06
327, 0.976539, 7.54125e-06
328, 0.97654, 7.53911e-06
329, 0.97654, 7.5323e-06
330, 0.97654, 7.54306e-06
331, 0.97654, 7.53592e-06
332, 0.976539, 7.53885e-06
333, 0.976539, 7.53571e-06
334, 0.97654, 7.54867e-06
335, 0.97654, 7.53827e-06
336, 0.97654, 7.53589e-06
337, 0.97654, 7.53375e-06
338, 0.97654, 7.53881e-06
339, 0.97654, 7.5467e-06
340, 0.97654, 7.53768e-06
341, 0.976539, 7.53272e-06
342, 0.976539, 7.53553e-06
343, 0.97654, 7.53322e-06
344, 0.97654, 7.53555e-06
345, 0.976539, 7.53473e-06
346, 0.976539, 7.53353e-06
347, 0.976539, 7.53268e-06
348, 0.97654, 7.53336e-06
349, 0.976539, 7.53744e-06
350, 0.97654, 7.53618e-06
351, 0.97654, 7.53532e-06
352, 0.97654, 7.53809e-06
353, 0.97654, 7.54343e-06
354, 0.97654, 7.53907e-06
355, 0.97654, 7.53876e-06
356, 0.97654, 7.54324e-06
357, 0.97654, 7.53771e-06
358, 0.97654, 7.53321e-06
359, 0.976539, 7.54101e-06
360, 0.97654, 7.53688e-06
361, 0.97654, 7.54519e-06
362, 0.97654, 7.54308e-06
363, 0.976539, 7.53792e-06
364, 0.97654, 7.54498e-06
365, 0.976539, 7.53941e-06
366, 0.97654, 7.54435e-06
367, 0.97654, 7.5497e-06
368, 0.976539, 7.54883e-06
369, 0.97654, 7.54568e-06
370, 0.97654, 7.53847e-06
371, 0.97654, 7.54001e-06
372, 0.976539, 7.54336e-06
373, 0.97654, 7.5364e-06
374, 0.97654, 7.53878e-06
375, 0.97654, 7.53608e-06
376, 0.97654, 7.53369e-06
377, 0.97654, 7.53427e-06
378, 0.97654, 7.53298e-06
379, 0.97654, 7.52584e-06
380, 0.976539, 7.53297e-06
381, 0.97654, 7.53231e-06
382, 0.97654, 7.54213e-06
383, 0.97654, 7.53707e-06
384, 0.97654, 7.53334e-06
385, 0.97654, 7.53928e-06
386, 0.97654, 7.53905e-06
387, 0.976539, 7.54308e-06
388, 0.976539, 7.54005e-06
389, 0.976539, 7.53421e-06
390, 0.97654, 7.52983e-06
391, 0.97654, 7.53462e-06
392, 0.97654, 7.54386e-06
393, 0.97654, 7.53384e-06
394, 0.97654, 7.53677e-06
395, 0.976539, 7.54163e-06
396, 0.976539, 7.53367e-06
397, 0.976539, 7.52835e-06
398, 0.97654, 7.54005e-06
399, 0.976539, 7.54478e-06
400, 0.976539, 7.53869e-06
401, 0.97654, 7.53629e-06
402, 0.976539, 7.54177e-06
403, 0.976539, 7.53724e-06
404, 0.97654, 7.53852e-06
405, 0.976539, 7.54442e-06
406, 0.976539, 7.54349e-06
407, 0.976539, 7.53325e-06
408, 0.97654, 7.53671e-06
409, 0.97654, 7.5444e-06
410, 0.976539, 7.53696e-06
411, 0.976539, 7.53537e-06
412, 0.976539, 7.53436e-06
413, 0.97654, 7.54163e-06
414, 0.976539, 7.53903e-06
415, 0.97654, 7.54417e-06
416, 0.97654, 7.5425e-06
417, 0.97654, 7.54075e-06
418, 0.97654, 7.53383e-06
419, 0.97654, 7.53375e-06
420, 0.97654, 7.53788e-06
421, 0.97654, 7.53636e-06
422, 0.97654, 7.54173e-06
423, 0.97654, 7.54693e-06
424, 0.97654, 7.54556e-06
425, 0.97654, 7.53686e-06
426, 0.97654, 7.53895e-06
427, 0.97654, 7.53731e-06
428, 0.97654, 7.53678e-06
429, 0.97654, 7.54215e-06
430, 0.97654, 7.52529e-06
431, 0.97654, 7.53166e-06
432, 0.97654, 7.55045e-06
433, 0.97654, 7.53407e-06
434, 0.976539, 7.54496e-06
435, 0.976539, 7.54104e-06
436, 0.97654, 7.53718e-06
437, 0.97654, 7.53566e-06
438, 0.976539, 7.53671e-06
439, 0.97654, 7.54002e-06
440, 0.976539, 7.53948e-06
441, 0.976539, 7.53641e-06
442, 0.97654, 7.53837e-06
443, 0.97654, 7.53983e-06
444, 0.97654, 7.5393e-06
445, 0.97654, 7.52992e-06
446, 0.97654, 7.53984e-06
447, 0.976539, 7.54002e-06
448, 0.97654, 7.54123e-06
449, 0.976539, 7.54108e-06
450, 0.97654, 7.53904e-06
451, 0.97654, 7.53648e-06
452, 0.976539, 7.53746e-06
453, 0.97654, 7.5375e-06
454, 0.976539, 7.53645e-06
455, 0.97654, 7.54202e-06
456, 0.976539, 7.53902e-06
457, 0.97654, 7.53289e-06
458, 0.97654, 7.53901e-06
459, 0.97654, 7.53978e-06
460, 0.97654, 7.53731e-06
461, 0.97654, 7.53853e-06
462, 0.97654, 7.54277e-06
463, 0.976539, 7.53967e-06
464, 0.976539, 7.53217e-06
465, 0.976539, 7.53052e-06
466, 0.976539, 7.53245e-06
467, 0.976539, 7.53838e-06
468, 0.976539, 7.54248e-06
469, 0.97654, 7.54618e-06
470, 0.97654, 7.54405e-06
471, 0.97654, 7.5352e-06
472, 0.97654, 7.5337e-06
473, 0.97654, 7.53589e-06
474, 0.97654, 7.53075e-06
475, 0.97654, 7.53839e-06
476, 0.97654, 7.543e-06
477, 0.97654, 7.54195e-06
478, 0.97654, 7.53586e-06
479, 0.97654, 7.54201e-06
480, 0.97654, 7.53935e-06
481, 0.97654, 7.53342e-06
482, 0.97654, 7.53999e-06
483, 0.97654, 7.53907e-06
484, 0.976539, 7.53534e-06
485, 0.976539, 7.55006e-06
486, 0.97654, 7.53546e-06
487, 0.97654, 7.53896e-06
488, 0.97654, 7.54566e-06
489, 0.97654, 7.54437e-06
490, 0.97654, 7.5367e-06
491, 0.97654, 7.54007e-06
492, 0.976539, 7.54285e-06
493, 0.976539, 7.54626e-06
494, 0.976539, 7.53525e-06
495, 0.97654, 7.53759e-06
496, 0.97654, 7.53736e-06
497, 0.97654, 7.532e-06
498, 0.976539, 7.53537e-06
499, 0.976539, 7.53258e-06
500, 0.976539, 7.53341e-06
501, 0.97654, 7.53117e-06
502, 0.976539, 7.54146e-06
503, 0.97654, 7.53869e-06
504, 0.97654, 7.54039e-06
505, 0.976539, 7.53076e-06
506, 0.97654, 7.53821e-06
507, 0.97654, 7.53377e-06
508, 0.97654, 7.53852e-06
509, 0.97654, 7.53631e-06
510, 0.976539, 7.53789e-06
511, 0.97654, 7.54734e-06
512, 0.976539, 7.56137e-06

1.73585
1, 0.942678, 1.26288e-05
2, 0.934588, 1.561e-05
3, 0.933194, 1.64937e-05
4, 0.932912, 1.67541e-05
5, 0.932848, 1.68472e-05
6, 0.932833, 1.68739e-05
7, 0.932828, 1.68603e-05
8, 0.932827, 1.68443e-05
9, 0.932827, 1.68626e-05
10, 0.932826, 1.68703e-05
11, 0.932826, 1.68608e-05
12, 0.932826, 1.68833e-05
13, 0.932824, 1.68954e-05
14, 0.932824, 1.68636e-05
15, 0.932824, 1.68609e-05
16, 0.932824, 1.68865e-05
17, 0.932825, 1.68709e-05
18, 0.932826, 1.6879e-05
19, 0.932825, 1.68938e-05
20, 0.932827, 1.68735e-05
21, 0.932826, 1.68502e-05
22, 0.932826, 1.68616e-05
23, 0.932826, 1.68778e-05
24, 0.932824, 1.68865e-05
25, 0.932824, 1.68615e-05
26, 0.932826, 1.68938e-05
27, 0.932825, 1.68746e-05
28, 0.932823, 1.68719e-05
29, 0.932825, 1.68621e-05
30, 0.932824, 1.6862e-05
31, 0.932825, 1.68509e-05
32, 0.932826, 1.68969e-05
33, 0.932825, 1.69123e-05
34, 0.932826, 1.68711e-05
35, 0.932826, 1.68662e-05
36, 0.932826, 1.68753e-05
37, 0.932825, 1.68584e-05
38, 0.932826, 1.68672e-05
39, 0.932825, 1.68621e-05
40, 0.932824, 1.68525e-05
41, 0.932825, 1.68596e-05
42, 0.932826, 1.68535e-05
43, 0.932826, 1.68644e-05
44, 0.932828, 1.68778e-05
45, 0.932827, 1.68624e-05
46, 0.932826, 1.68774e-05
47, 0.932827, 1.68738e-05
48, 0.932826, 1.68588e-05
49, 0.932826, 1.68966e-05
50, 0.932826, 1.688e-05
51, 0.932827, 1.68717e-05
52, 0.932826, 1.68733e-05
53, 0.932826, 1.68686e-05
54, 0.932825, 1.68687e-05
55, 0.932826, 1.68585e-05
56, 0.932826, 1.68669e-05
57, 0.932826, 1.68546e-05
58, 0.932827, 1.68463e-05
59, 0.932826, 1.68479e-05
60, 0.932827, 1.68534e-05
61, 0.932826, 1.68543e-05
62, 0.932824, 1.68621e-05
63, 0.932825, 1.68754e-05
64, 0.932826, 1.68695e-05
65, 0.932826, 1.68727e-05
66, 0.932825, 1.68569e-05
67, 0.932826, 1.68812e-05
68, 0.932825, 1.68705e-05
69, 0.932826, 1.68681e-05
70, 0.932826, 1.688e-05
71, 0.932826, 1.68635e-05
72, 0.932826, 1.68675e-05
73, 0.932826, 1.68474e-05
74, 0.932825, 1.68634e-05
75, 0.932826, 1.68577e-05
76, 0.932826, 1.68808e-05
77, 0.932826, 1.68788e-05
78, 0.932825, 1.68618e-05
79, 0.932824, 1.68772e-05
80, 0.932824, 1.68486e-05
81, 0.932825, 1.68834e-05
82, 0.932826, 1.68814e-05
83, 0.932826, 1.68772e-05
84, 0.932826, 1.68534e-05
85, 0.932827, 1.68453e-05
86, 0.932827, 1.68679e-05
87, 0.932828, 1.68439e-05
88, 0.932827, 1.68587e-05
89, 0.932826, 1.68356e-05
90, 0.932827, 1.68614e-05
91, 0.932826, 1.68688e-05
92, 0.932825, 1.68833e-05
93, 0.932826, 1.68797e-05
94, 0.932824, 1.68992e-05
95, 0.932826, 1.68631e-05
96, 0.932826, 1.68467e-05
97, 0.932824, 1.68812e-05
98, 0.932825, 1.689e-05
99, 0.932825, 1.68681e-05
100, 0.932825, 1.68539e-05
101, 0.932826, 1.68543e-05
102, 0.932825, 1.68546e-05
103, 0.932826, 1.68706e-05
104, 0.932826, 1.68846e-05
105, 0.932826, 1.6865e-05
106, 0.932826, 1.68709e-05
107, 0.932827, 1.68697e-05
108, 0.932827, 1.68551e-05
109, 0.932826, 1.68602e-05
110, 0.932825, 1.68657e-05
111, 0.932826, 1.68575e-05
112, 0.932825, 1.68783e-05
113, 0.932824, 1.68852e-05
114, 0.932824, 1.68859e-05
115, 0.932825, 1.68692e-05
116, 0.932826, 1.68728e-05
117, 0.932826, 1.68655e-05
118, 0.932826, 1.68832e-05
119, 0.932826, 1.69068e-05
120, 0.932825, 1.68865e-05
121, 0.932825, 1.68579e-05
122, 0.932824, 1.68797e-05
123, 0.932827, 1.68584e-05
124, 0.932827, 1.68674e-05
125, 0.932824, 1.68776e-05
126, 0.932825, 1.68753e-05
127, 0.932825, 1.68787e-05
128, 0.932825, 1.68693e-05
129, 0.932828, 1.68683e-05
130, 0.932826, 1.68776e-05
131, 0.932826, 1.68597e-05
132, 0.932824, 1.6871e-05
133, 0.932824, 1.68811e-05
134, 0.932825, 1.68734e-05
135, 0.932826, 1.6866e-05
136, 0.932826, 1.68857e-05
137, 0.932825, 1.68764e-05
138, 0.932825, 1.68809e-05
139, 0.932826, 1.68742e-05
140, 0.932826, 1.68763e-05
141, 0.932826, 1.68423e-05
142, 0.932825, 1.68531e-05
143, 0.932827, 1.68773e-05
144, 0.932826, 1.68616e-05
145, 0.932827, 1.68802e-05
146, 0.932826, 1.68911e-05
147, 0.932827, 1.68858e-05
148, 0.932827, 1.68715e-05
149, 0.932826, 1.68878e-05
150, 0.932826, 1.68743e-05
151, 0.932826, 1.68672e-05
152, 0.932825, 1.68634e-05
153, 0.932826, 1.68637e-05
154, 0.932827, 1.68697e-05
155, 0.932828, 1.68489e-05
156, 0.932828, 1.68696e-05
157, 0.932826, 1.68838e-05
158, 0.932826, 1.6875e-05
159, 0.932824, 1.68778e-05
160, 0.932825, 1.68398e-05
161, 0.932826, 1.68586e-05
162, 0.932826, 1.68343e-05
163, 0.932826, 1.68696e-05
164, 0.932827, 1.68874e-05
165, 0.932826, 1.68775e-05
166, 0.932824, 1.68756e-05
167, 0.932825, 1.68841e-05
168, 0.932827, 1.68833e-05
169, 0.932825, 1.68741e-05
170, 0.932824, 1.68845e-05
171, 0.932826, 1.69104e-05
172, 0.932827, 1.68987e-05
173, 0.932824, 1.68988e-05
174, 0.932824, 1.68963e-05
175, 0.932825, 1.68789e-05
176, 0.932826, 1.68757e-05
177, 0.932827, 1.68596e-05
178, 0.932826, 1.68633e-05
179, 0.932828, 1.6849e-05
180, 0.932826, 1.6886e-05
181, 0.932825, 1.68845e-05
182, 0.932825, 1.68876e-05
183, 0.932826, 1.68889e-05
184, 0.932826, 1.68959e-05
185, 0.932825, 1.68631e-05
186, 0.932826, 1.68674e-05
187, 0.932825, 1.68809e-05
188, 0.932825, 1.68712e-05
189, 0.932825, 1.68568e-05
190, 0.932826, 1.68649e-05
191, 0.932825, 1.68908e-05
192, 0.932827, 1.6888e-05
193, 0.932827, 1.68772e-05
194, 0.932825, 1.68887e-05
195, 0.932826, 1.685e-05
196, 0.932825, 1.68492e-05
197, 0.932826, 1.68575e-05
198, 0.932826, 1.68752e-05
199, 0.932826, 1.68635e-05
200, 0.932825, 1.68752e-05
201, 0.932825, 1.68763e-05
202, 0.932827, 1.68735e-05
203, 0.932826, 1.68603e-05
204, 0.932827, 1.6867e-05
205, 0.932826, 1.68303e-05
206, 0.932827, 1.68652e-05
207, 0.932827, 1.68595e-05
208, 0.932827, 1.68584e-05
209, 0.932826, 1.68856e-05
210, 0.932825, 1.68849e-05
211, 0.932826, 1.68939e-05
212, 0.932826, 1.69086e-05
213, 0.932827, 1.68899e-05
214, 0.932825, 1.68655e-05
215, 0.932825, 1.68758e-05
216, 0.932826, 1.68687e-05
217, 0.932826, 1.68665e-05
218, 0.932826, 1.68699e-05
219, 0.932825, 1.68903e-05
220, 0.932826, 1.6887e-05
221, 0.932826, 1.68839e-05
222, 0.932824, 1.68662e-05
223, 0.932825, 1.68724e-05
224, 0.932825, 1.68936e-05
225, 0.932825, 1.68647e-05
226, 0.932827, 1.68333e-05
227, 0.932826, 1.68572e-05
228, 0.932824, 1.68909e-05
229, 0.932824, 1.68725e-05
230, 0.932826, 1.68959e-05
231, 0.932827, 1.68811e-05
232, 0.932826, 1.68832e-05
233, 0.932824, 1.68803e-05
234, 0.932824, 1.68639e-05
235, 0.932824, 1.68623e-05
236, 0.932824, 1.68474e-05
237, 0.932823, 1.68562e-05
238, 0.932825, 1.68808e-05
239, 0.932825, 1.68923e-05
240, 0.932824, 1.68817e-05
241, 0.932826, 1.68569e-05
242, 0.932826, 1.68517e-05
243, 0.932826, 1.68644e-05
244, 0.932826, 1.68566e-05
245, 0.932825, 1.68591e-05
246, 0.932825, 1.68986e-05
247, 0.932824, 1.68792e-05
248, 0.932824, 1.68727e-05
249, 0.932824, 1.68732e-05
250, 0.932825, 1.68857e-05
251, 0.932825, 1.68879e-05
252, 0.932825, 1.68707e-05
253, 0.932826, 1.68613e-05
254, 0.932827, 1.68738e-05
255, 0.932827, 1.68609e-05
256, 0.932826, 1.68741e-05
257, 0.932827, 1.68867e-05
258, 0.932826, 1.68366e-05
259, 0.932825, 1.68745e-05
260, 0.932825, 1.68701e-05
261, 0.932826, 1.68446e-05
262, 0.932826, 1.68586e-05
263, 0.932826, 1.68694e-05
264, 0.932827, 1.68608e-05
265, 0.932827, 1.68885e-05
266, 0.932826, 1.68727e-05
267, 0.932826, 1.6885e-05
268, 0.932826, 1.6864e-05
269, 0.932827, 1.68745e-05
270, 0.932827, 1.68785e-05
271, 0.932827, 1.68909e-05
272, 0.932827, 1.68844e-05
273, 0.932826, 1.68725e-05
274, 0.932826, 1.68878e-05
275, 0.932826, 1.68945e-05
276, 0.932826, 1.68784e-05
277, 0.932826, 1.68695e-05
278, 0.932826, 1.68901e-05
279, 0.932827, 1.68611e-05
280, 0.932827, 1.68505e-05
281, 0.932826, 1.68734e-05
282, 0.932825, 1.68804e-05
283, 0.932825, 1.68962e-05
284, 0.932825, 1.68878e-05
285, 0.932826, 1.68751e-05
286, 0.932825, 1.6878e-05
287, 0.932825, 1.68571e-05
288, 0.932826, 1.68889e-05
289, 0.932825, 1.68698e-05
290, 0.932824, 1.68652e-05
291, 0.932825, 1.68756e-05
292, 0.932825, 1.68601e-05
293, 0.932825, 1.6877e-05
294, 0.932825, 1.68892e-05
295, 0.932825, 1.68764e-05
296, 0.932825, 1.68686e-05
297, 0.932825, 1.6858e-05
298, 0.932826, 1.68869e-05
299, 0.932826, 1.68941e-05
300, 0.932826, 1.68893e-05
301, 0.932826, 1.68772e-05
302, 0.932826, 1.68429e-05
303, 0.932825, 1.68747e-05
304, 0.932826, 1.6889e-05
305, 0.932825, 1.68804e-05
306, 0.932825, 1.68513e-05
307, 0.932825, 1.68645e-05
308, 0.932825, 1.68851e-05
309, 0.932825, 1.68778e-05
310, 0.932825, 1.68891e-05
311, 0.932825, 1.68919e-05
312, 0.932826, 1.68938e-05
313, 0.932826, 1.68778e-05
314, 0.932825, 1.68649e-05
315, 0.932827, 1.68682e-05
316, 0.932825, 1.68676e-05
317, 0.932825, 1.68772e-05
318, 0.932826, 1.68726e-05
319, 0.932826, 1.68605e-05
320, 0.932825, 1.68727e-05
321, 0.932825, 1.68657e-05
322, 0.932826, 1.68544e-05
323, 0.932826, 1.68567e-05
324, 0.932827, 1.68775e-05
325, 0.932828, 1.68904e-05
326, 0.932827, 1.6885e-05
327, 0.932826, 1.68665e-05
328, 0.932825, 1.68577e-05
329, 0.932825, 1.68877e-05
330, 0.932826, 1.6908e-05
331, 0.932825, 1.69048e-05
332, 0.932825, 1.68786e-05
333, 0.932825, 1.68978e-05
334, 0.932824, 1.6909e-05
335, 0.932825, 1.69026e-05
336, 0.932826, 1.6876e-05
337, 0.932826, 1.68979e-05
338, 0.932825, 1.69075e-05
339, 0.932826, 1.68898e-05
340, 0.932826, 1.68723e-05
341, 0.932825, 1.68886e-05
342, 0.932826, 1.68696e-05
343, 0.932826, 1.68827e-05
344, 0.932825, 1.68788e-05
345, 0.932826, 1.68656e-05
346, 0.932827, 1.68917e-05
347, 0.932827, 1.68942e-05
348, 0.932826, 1.6895e-05
349, 0.932825, 1.68594e-05
350, 0.932825, 1.68613e-05
351, 0.932824, 1.68709e-05
352, 0.932825, 1.68629e-05
353, 0.932827, 1.68561e-05
354, 0.932827, 1.6842e-05
355, 0.932828, 1.6855e-05
356, 0.932826, 1.68521e-05
357, 0.932825, 1.6885e-05
358, 0.932826, 1.68711e-05
359, 0.932826, 1.68685e-05
360, 0.932826, 1.68833e-05
361, 0.932826, 1.68784e-05
362, 0.932825, 1.68722e-05
363, 0.932825, 1.68802e-05
364, 0.932825, 1.68671e-05
365, 0.932825, 1.68623e-05
366, 0.932826, 1.6867e-05
367, 0.932825, 1.68728e-05
368, 0.932825, 1.68726e-05
369, 0.932825, 1.68574e-05
370, 0.932825, 1.68815e-05
371, 0.932825, 1.68496e-05
372, 0.932827, 1.6874e-05
373, 0.932825, 1.68692e-05
374, 0.932825, 1.68783e-05
375, 0.932826, 1.68734e-05
376, 0.932826, 1.68644e-05
377, 0.932825, 1.68877e-05
378, 0.932825, 1.68851e-05
379, 0.932826, 1.68563e-05
380, 0.932826, 1.68548e-05
381, 0.932826, 1.6868e-05
382, 0.932826, 1.68602e-05
383, 0.932826, 1.68637e-05
384, 0.932825, 1.68675e-05
385, 0.932824, 1.6867e-05
386, 0.932824, 1.6862e-05
387, 0.932825, 1.68709e-05
388, 0.932824, 1.68707e-05
389, 0.932826, 1.68838e-05
390, 0.932826, 1.68547e-05
391, 0.932826, 1.68614e-05
392, 0.932826, 1.68604e-05
393, 0.932827, 1.68555e-05
394, 0.932826, 1.68678e-05
395, 0.932826, 1.6863e-05
396, 0.932825, 1.68751e-05
397, 0.932825, 1.68642e-05
398, 0.932824, 1.68968e-05
399, 0.932824, 1.68659e-05
400, 0.932825, 1.68629e-05
401, 0.932826, 1.68545e-05
402, 0.932826, 1.68651e-05
403, 0.932825, 1.68736e-05
404, 0.932826, 1.68787e-05
405, 0.932826, 1.68882e-05
406, 0.932826, 1.68854e-05
407, 0.932827, 1.68577e-05
408, 0.932827, 1.68688e-05
409, 0.932826, 1.68844e-05
410, 0.932826, 1.68778e-05
411, 0.932827, 1.68642e-05
412, 0.932825, 1.68714e-05
413, 0.932827, 1.68571e-05
414, 0.932826, 1.68689e-05
415, 0.932826, 1.68602e-05
416, 0.932827, 1.68699e-05
417, 0.932825, 1.68669e-05
418, 0.932825, 1.68551e-05
419, 0.932825, 1.68766e-05
420, 0.932825, 1.68558e-05
421, 0.932826, 1.68616e-05
422, 0.932825, 1.68653e-05
423, 0.932825, 1.68652e-05
424, 0.932825, 1.68709e-05
425, 0.932827, 1.68702e-05
426, 0.932824, 1.68873e-05
427, 0.932825, 1.68625e-05
428, 0.932827, 1.68633e-05
429, 0.932827, 1.6895e-05
430, 0.932826, 1.68887e-05
431, 0.932826, 1.68899e-05
432, 0.932826, 1.68849e-05
433, 0.932826, 1.6884e-05
434, 0.932826, 1.68951e-05
435, 0.932826, 1.68802e-05
436, 0.932824, 1.68915e-05
437, 0.932824, 1.68734e-05
438, 0.932824, 1.68784e-05
439, 0.932825, 1.68605e-05
440, 0.932825, 1.68612e-05
441, 0.932826, 1.68587e-05
442, 0.932825, 1.68464e-05
443, 0.932826, 1.68807e-05
444, 0.932827, 1.68606e-05
445, 0.932827, 1.68639e-05
446, 0.932826, 1.68712e-05
447, 0.932826, 1.68662e-05
448, 0.932826, 1.68764e-05
449, 0.932826, 1.68738e-05
450, 0.932825, 1.68829e-05
451, 0.932825, 1.68496e-05
452, 0.932826, 1.68863e-05
453, 0.932825, 1.6863e-05
454, 0.932825, 1.68692e-05
455, 0.932825, 1.68871e-05
456, 0.932825, 1.68733e-05
457, 0.932826, 1.68726e-05
458, 0.932827, 1.68672e-05
459, 0.932827, 1.68491e-05
460, 0.932827, 1.68786e-05
461, 0.932828, 1.68828e-05
462, 0.932825, 1.69033e-05
463, 0.932827, 1.68864e-05
464, 0.932827, 1.68751e-05
465, 0.932827, 1.68802e-05
466, 0.932826, 1.68691e-05
467, 0.932826, 1.68781e-05
468, 0.932827, 1.68505e-05
469, 0.932827, 1.68684e-05
470, 0.932826, 1.68746e-05
471, 0.932827, 1.68934e-05
472, 0.932827, 1.6882e-05
473, 0.932826, 1.68903e-05
474, 0.932826, 1.68674e-05
475, 0.932825, 1.68541e-05
476, 0.932825, 1.68866e-05
477, 0.932825, 1.69002e-05
478, 0.932825, 1.68549e-05
479, 0.932827, 1.68726e-05
480, 0.932827, 1.68602e-05
481, 0.932827, 1.68643e-05
482, 0.932826, 1.68435e-05
483, 0.932826, 1.68528e-05
484, 0.932826, 1.68868e-05
485, 0.932826, 1.68951e-05
486, 0.932826, 1.68732e-05
487, 0.932825, 1.68654e-05
488, 0.932826, 1.68772e-05
489, 0.932825, 1.68728e-05
490, 0.932826, 1.6881e-05
491, 0.932825, 1.68678e-05
492, 0.932826, 1.68824e-05
493, 0.932824, 1.68806e-05
494, 0.932826, 1.68647e-05
495, 0.932825, 1.68725e-05
496, 0.932825, 1.6857e-05
497, 0.932826, 1.68339e-05
498, 0.932826, 1.68469e-05
499, 0.932825, 1.68355e-05
500, 0.932826, 1.68718e-05
501, 0.932825, 1.68525e-05
502, 0.932825, 1.68757e-05
503, 0.932824, 1.6897e-05
504, 0.932825, 1.68745e-05
505, 0.932825, 1.68569e-05
506, 0.932825, 1.68625e-05
507, 0.932824, 1.68626e-05
508, 0.932826, 1.6863e-05
509, 0.932825, 1.68634e-05
510, 0.932824, 1.68466e-05
511, 0.932825, 1.68732e-05
512, 0.932826, 1.69432e-05

1.91363
1, 0.900857, 2.00785e-05
2, 0.881606, 2.66756e-05
3, 0.87685, 2.9161e-05
4, 0.87543, 3.02846e-05
5, 0.874941, 3.07981e-05
6, 0.87476, 3.10132e-05
7, 0.874687, 3.11525e-05
8, 0.874658, 3.11938e-05
9, 0.874645, 3.11824e-05
10, 0.87464, 3.1142e-05
11, 0.874636, 3.11958e-05
12, 0.874636, 3.12187e-05
13, 0.874635, 3.12661e-05
14, 0.874633, 3.12774e-05
15, 0.874632, 3.12955e-05
16, 0.874633, 3.12798e-05
17, 0.874632, 3.1286e-05
18, 0.874635, 3.13218e-05
19, 0.874634, 3.13566e-05
20, 0.874636, 3.1318e-05
21, 0.874635, 3.13174e-05
22, 0.874635, 3.12445e-05
23, 0.874635, 3.12449e-05
24, 0.874632, 3.12594e-05
25, 0.87463, 3.12554e-05
26, 0.87463, 3.12503e-05
27, 0.874632, 3.12333e-05
28, 0.874633, 3.12964e-05
29, 0.874631, 3.13323e-05
30, 0.874633, 3.13143e-05
31, 0.874634, 3.12333e-05
32, 0.874634, 3.1214e-05
33, 0.874633, 3.12053e-05
34, 0.874635, 3.12322e-05
35, 0.874633, 3.13117e-05
36, 0.874633, 3.13055e-05
37, 0.874634, 3.12921e-05
38, 0.874633, 3.12451e-05
39, 0.874633, 3.12329e-05
40, 0.874632, 3.12646e-05
41, 0.874632, 3.12681e-05
42, 0.874632, 3.12996e-05
43, 0.874634, 3.1267e-05
44, 0.874636, 3.11969e-05
45, 0.874637, 3.12039e-05
46, 0.874635, 3.12166e-05
47, 0.874636, 3.12073e-05
48, 0.874634, 3.12502e-05
49, 0.874635, 3.12718e-05
50, 0.874634, 3.13116e-05
51, 0.874632, 3.12997e-05
52, 0.87463, 3.13073e-05
53, 0.874631, 3.12663e-05
54, 0.874631, 3.12729e-05
55, 0.874633, 3.1282e-05
56, 0.874634, 3.12729e-05
57, 0.874635, 3.12681e-05
58, 0.874637, 3.12327e-05
59, 0.874635, 3.12366e-05
60, 0.874634, 3.12561e-05
61, 0.874635, 3.1246e-05
62, 0.874635, 3.11821e-05
63, 0.874633, 3.12294e-05
64, 0.874631, 3.12423e-05
65, 0.874632, 3.12667e-05
66, 0.874635, 3.12479e-05
67, 0.874634, 3.12589e-05
68, 0.874633, 3.12844e-05
69, 0.874633, 3.12406e-05
70, 0.874633, 3.12544e-05
71, 0.874631, 3.1234e-05
72, 0.87463, 3.12753e-05
73, 0.874633, 3.12596e-05
74, 0.874633, 3.12352e-05
75, 0.874632, 3.12557e-05
76, 0.874633, 3.12246e-05
77, 0.874627, 3.12369e-05
78, 0.874627, 3.12916e-05
79, 0.874629, 3.12608e-05
80, 0.874631, 3.12332e-05
81, 0.874631, 3.12449e-05
82, 0.874635, 3.12545e-05
83, 0.874635, 3.12514e-05
84, 0.874636, 3.12241e-05
85, 0.874634, 3.12216e-05
86, 0.874629, 3.12432e-05
87, 0.87463, 3.12008e-05
88, 0.874632, 3.12367e-05
89, 0.874631, 3.12041e-05
90, 0.874633, 3.11992e-05
91, 0.874631, 3.12125e-05
92, 0.874631, 3.12382e-05
93, 0.87463, 3.12307e-05
94, 0.874633, 3.12333e-05
95, 0.874632, 3.12707e-05
96, 0.87463, 3.12816e-05
97, 0.87463, 3.12885e-05
98, 0.87463, 3.12817e-05
99, 0.87463, 3.12987e-05
100, 0.874631, 3.12805e-05
101, 0.87463, 3.12488e-05
102, 0.874634, 3.12492e-05
103, 0.874635, 3.1285e-05
104, 0.874632, 3.12573e-05
105, 0.874632, 3.12333e-05
106, 0.874633, 3.11895e-05
107, 0.874633, 3.12275e-05
108, 0.87463, 3.12562e-05
109, 0.87463, 3.12237e-05
110, 0.874632, 3.12224e-05
111, 0.87463, 3.12241e-05
112, 0.874634, 3.12714e-05
113, 0.874635, 3.12171e-05
114, 0.874634, 3.12749e-05
115, 0.874633, 3.12781e-05
116, 0.874633, 3.1253e-05
117, 0.874632, 3.12646e-05
118, 0.874633, 3.12426e-05
119, 0.874628, 3.12804e-05
120, 0.874629, 3.12822e-05
121, 0.874632, 3.12232e-05
122, 0.874634, 3.12459e-05
123, 0.874635, 3.12269e-05
124, 0.874635, 3.12573e-05
125, 0.874634, 3.12513e-05
126, 0.874633, 3.12472e-05
127, 0.874635, 3.12195e-05
128, 0.874635, 3.12704e-05
129, 0.874635, 3.12428e-05
130, 0.874636, 3.12421e-05
131, 0.874634, 3.12637e-05
132, 0.874634, 3.12703e-05
133, 0.874634, 3.12314e-05
134, 0.874631, 3.12392e-05
135, 0.87463, 3.12679e-05
136, 0.87463, 3.12318e-05
137, 0.874631, 3.1235e-05
138, 0.874635, 3.12374e-05
139, 0.874634, 3.12154e-05
140, 0.874634, 3.12256e-05
141, 0.874634, 3.12359e-05
142, 0.874633, 3.12772e-05
143, 0.874634, 3.12589e-05
144, 0.874635, 3.12598e-05
145, 0.874633, 3.12598e-05
146, 0.874633, 3.12712e-05
147, 0.874633, 3.12731e-05
148, 0.874635, 3.12742e-05
149, 0.874637, 3.1272e-05
150, 0.874636, 3.12526e-05
151, 0.874636, 3.12357e-05
152, 0.874635, 3.12489e-05
153, 0.874634, 3.12415e-05
154, 0.874634, 3.12135e-05
155, 0.874636, 3.12239e-05
156, 0.874635, 3.12352e-05
157, 0.874633, 3.12451e-05
158, 0.874635, 3.12366e-05
159, 0.874636, 3.12195e-05
160, 0.874635, 3.12074e-05
161, 0.874634, 3.11931e-05
162, 0.874631, 3.12133e-05
163, 0.87463, 3.12577e-05
164, 0.874633, 3.12339e-05
165, 0.874633, 3.12409e-05
166, 0.874633, 3.12405e-05
167, 0.874634, 3.12983e-05
168, 0.874635, 3.13181e-05
169, 0.874635, 3.12945e-05
170, 0.874635, 3.12614e-05
171, 0.874633, 3.12293e-05
172, 0.874633, 3.1225e-05
173, 0.874637, 3.12388e-05
174, 0.874637, 3.12453e-05
175, 0.874639, 3.12435e-05
176, 0.874639, 3.125e-05
177, 0.874636, 3.13109e-05
178, 0.874637, 3.12511e-05
179, 0.874634, 3.13037e-05
180, 0.874632, 3.12657e-05
181, 0.874632, 3.12697e-05
182, 0.874632, 3.1276e-05
183, 0.874632, 3.12867e-05
184, 0.874634, 3.127e-05
185, 0.874634, 3.12682e-05
186, 0.874634, 3.12173e-05
187, 0.874631, 3.12417e-05
188, 0.874634, 3.12525e-05
189, 0.874634, 3.12975e-05
190, 0.874637, 3.12716e-05
191, 0.874635, 3.12767e-05
192, 0.874635, 3.13043e-05
193, 0.874633, 3.12694e-05
194, 0.874631, 3.12472e-05
195, 0.874631, 3.12409e-05
196, 0.874631, 3.12587e-05
197, 0.874633, 3.12289e-05
198, 0.874632, 3.12554e-05
199, 0.874633, 3.12855e-05
200, 0.874631, 3.12585e-05
201, 0.874633, 3.12263e-05
202, 0.874634, 3.12471e-05
203, 0.874636, 3.1248e-05
204, 0.874635, 3.12265e-05
205, 0.874635, 3.12535e-05
206, 0.874634, 3.12706e-05
207, 0.874633, 3.12698e-05
208, 0.874632, 3.12718e-05
209, 0.874633, 3.13027e-05
210, 0.874634, 3.12518e-05
211, 0.874635, 3.12397e-05
212, 0.874635, 3.12753e-05
213, 0.874634, 3.12709e-05
214, 0.874633, 3.12444e-05
215, 0.874633, 3.12337e-05
216, 0.874634, 3.12388e-05
217, 0.874631, 3.12457e-05
218, 0.874632, 3.12811e-05
219, 0.874632, 3.12546e-05
220, 0.874629, 3.12449e-05
221, 0.87463, 3.12604e-05
222, 0.874628, 3.12598e-05
223, 0.87463, 3.12737e-05
224, 0.87463, 3.12492e-05
225, 0.874633, 3.12233e-05
226, 0.874633, 3.1232e-05
227, 0.874633, 3.12241e-05
228, 0.874632, 3.12935e-05
229, 0.874632, 3.12216e-05
230, 0.874633, 3.12588e-05
231, 0.874634, 3.12681e-05
232, 0.874635, 3.12797e-05
233, 0.874636, 3.12683e-05
234, 0.874631, 3.12653e-05
235, 0.874632, 3.12869e-05
236, 0.874633, 3.12383e-05
237, 0.874631, 3.12615e-05
238, 0.874631, 3.12763e-05
239, 0.874632, 3.1235e-05
240, 0.87463, 3.12897e-05
241, 0.874631, 3.13445e-05
242, 0.874632, 3.13147e-05
243, 0.874633, 3.1279e-05
244, 0.874632, 3.12843e-05
245, 0.874632, 3.13104e-05
246, 0.87463, 3.13088e-05
247, 0.87463, 3.12626e-05
248, 0.87463, 3.12631e-05
249, 0.874628, 3.12633e-05
250, 0.874628, 3.12883e-05
251, 0.87463, 3.12608e-05
252, 0.874631, 3.12418e-05
253, 0.87463, 3.12537e-05
254, 0.874632, 3.12723e-05
255, 0.874634, 3.12663e-05
256, 0.874634, 3.12879e-05
257, 0.874631, 3.12996e-05
258, 0.874631, 3.12862e-05
259, 0.874633, 3.12534e-05
260, 0.874631, 3.12102e-05
261, 0.874633, 3.12073e-05
262, 0.874633, 3.12432e-05
263, 0.874633, 3.12194e-05
264, 0.87463, 3.12101e-05
265, 0.874633, 3.11998e-05
266, 0.874633, 3.11855e-05
267, 0.874635, 3.12241e-05
268, 0.874634, 3.12377e-05
269, 0.874635, 3.12398e-05
270, 0.874635, 3.12211e-05
271, 0.874633, 3.12358e-05
272, 0.874632, 3.1273e-05
273, 0.874633, 3.12834e-05
274, 0.874632, 3.12622e-05
275, 0.874632, 3.12321e-05
276, 0.874635, 3.1229e-05
277, 0.874633, 3.12175e-05
278, 0.874636, 3.12529e-05
279, 0.874634, 3.12232e-05
280, 0.874633, 3.12555e-05
281, 0.874632, 3.12589e-05
282, 0.87463, 3.13135e-05
283, 0.874629, 3.12966e-05
284, 0.874631, 3.12906e-05
285, 0.874634, 3.12924e-05
286, 0.874631, 3.12869e-05
287, 0.874632, 3.1261e-05
288, 0.874633, 3.12227e-05
289, 0.874632, 3.12315e-05
290, 0.874634, 3.12266e-05
291, 0.874634, 3.12473e-05
292, 0.874632, 3.12543e-05
293, 0.874632, 3.12561e-05
294, 0.874632, 3.12379e-05
295, 0.87463, 3.12265e-05
296, 0.874628, 3.12698e-05
297, 0.874629, 3.12965e-05
298, 0.87463, 3.12936e-05
299, 0.87463, 3.12884e-05
300, 0.874633, 3.12647e-05
301, 0.874632, 3.12464e-05
302, 0.874635, 3.12491e-05
303, 0.874635, 3.12571e-05
304, 0.874638, 3.12395e-05
305, 0.874638, 3.12245e-05
306, 0.874637, 3.12209e-05
307, 0.874632, 3.1247e-05
308, 0.874631, 3.12241e-05
309, 0.874632, 3.12639e-05
310, 0.874635, 3.12352e-05
311, 0.874635, 3.11775e-05
312, 0.874633, 3.12222e-05
313, 0.874635, 3.12645e-05
314, 0.874633, 3.12299e-05
315, 0.874634, 3.12168e-05
316, 0.874631, 3.11945e-05
317, 0.874633, 3.12531e-05
318, 0.874631, 3.1274e-05
319, 0.874631, 3.12919e-05
320, 0.874632, 3.12608e-05
321, 0.874634, 3.12262e-05
322, 0.874635, 3.12806e-05
323, 0.874633, 3.12263e-05
324, 0.874633, 3.12554e-05
325, 0.874632, 3.12792e-05
326, 0.874633, 3.12847e-05
327, 0.874634, 3.12622e-05
328, 0.874636, 3.12767e-05
329, 0.874635, 3.12556e-05
330, 0.874635, 3.12292e-05
331, 0.874634, 3.1259e-05
332, 0.874633, 3.1309e-05
333, 0.874633, 3.13188e-05
334, 0.874633, 3.13125e-05
335, 0.874633, 3.12732e-05
336, 0.874632, 3.12551e-05
337, 0.874634, 3.12488e-05
338, 0.874635, 3.12338e-05
339, 0.874635, 3.1218e-05
340, 0.874632, 3.12611e-05
341, 0.87463, 3.12841e-05
342, 0.874631, 3.12819e-05
343, 0.874632, 3.13047e-05
344, 0.874633, 3.1283e-05
345, 0.874632, 3.13045e-05
346, 0.874631, 3.12829e-05
347, 0.874632, 3.12617e-05
348, 0.874634, 3.12742e-05
349, 0.874633, 3.1288e-05
350, 0.874631, 3.1267e-05
351, 0.87463, 3.12492e-05
352, 0.87463, 3.12033e-05
353, 0.874631, 3.12299e-05
354, 0.874631, 3.12694e-05
355, 0.874633, 3.12613e-05
356, 0.874633, 3.12367e-05
357, 0.874632, 3.12529e-05
358, 0.874633, 3.12873e-05
359, 0.874635, 3.1279e-05
360, 0.874635, 3.12764e-05
361, 0.874631, 3.12737e-05
362, 0.874632, 3.12633e-05
363, 0.874633, 3.12631e-05
364, 0.874632, 3.12702e-05
365, 0.874629, 3.12481e-05
366, 0.874629, 3.12608e-05
367, 0.87463, 3.12266e-05
368, 0.874629, 3.12131e-05
369, 0.874634, 3.12117e-05
370, 0.874635, 3.12244e-05
371, 0.874635, 3.1288e-05
372, 0.874635, 3.12808e-05
373, 0.874635, 3.12721e-05
374, 0.874634, 3.12946e-05
375, 0.874634, 3.12829e-05
376, 0.874633, 3.13189e-05
377, 0.874632, 3.1284e-05
378, 0.874631, 3.13013e-05
379, 0.874631, 3.126e-05
380, 0.874632, 3.12619e-05
381, 0.874634, 3.12324e-05
382, 0.874635, 3.1238e-05
383, 0.874635, 3.12587e-05
384, 0.874634, 3.12676e-05
385, 0.874633, 3.12653e-05
386, 0.874635, 3.12623e-05
387, 0.874637, 3.12141e-05
388, 0.874633, 3.1205e-05
389, 0.874631, 3.11997e-05
390, 0.874631, 3.12258e-05
391, 0.874634, 3.12409e-05
392, 0.874633, 3.12275e-05
393, 0.874633, 3.12431e-05
394, 0.874635, 3.12667e-05
395, 0.874633, 3.12932e-05
396, 0.874634, 3.13054e-05
397, 0.874633, 3.12655e-05
398, 0.874632, 3.12829e-05
399, 0.87463, 3.12603e-05
400, 0.87463, 3.13154e-05
401, 0.874632, 3.13317e-05
402, 0.874631, 3.13242e-05
403, 0.874631, 3.13071e-05
404, 0.874631, 3.12675e-05
405, 0.874631, 3.12669e-05
406, 0.874632, 3.12778e-05
407, 0.874634, 3.12446e-05
408, 0.874633, 3.12386e-05
409, 0.87463, 3.12615e-05
410, 0.874629, 3.12708e-05
411, 0.874627, 3.12828e-05
412, 0.874629, 3.12761e-05
413, 0.87463, 3.12666e-05
414, 0.874633, 3.12425e-05
415, 0.874634, 3.12698e-05
416, 0.874634, 3.12771e-05
417, 0.874634, 3.12957e-05
418, 0.874634, 3.12841e-05
419, 0.874633, 3.12867e-05
420, 0.874632, 3.12778e-05
421, 0.874632, 3.1291e-05
422, 0.874633, 3.12988e-05
423, 0.874632, 3.12409e-05
424, 0.874633, 3.12445e-05
425, 0.874631, 3.12406e-05
426, 0.874633, 3.12511e-05
427, 0.874631, 3.12774e-05
428, 0.87463, 3.12829e-05
429, 0.874631, 3.12671e-05
430, 0.874631, 3.12777e-05
431, 0.874629, 3.12621e-05
432, 0.874632, 3.12776e-05
433, 0.874632, 3.12479e-05
434, 0.874634, 3.12296e-05
435, 0.874632, 3.12388e-05
436, 0.874634, 3.12695e-05
437, 0.874632, 3.12663e-05
438, 0.874631, 3.12543e-05
439, 0.874631, 3.12731e-05
440, 0.874633, 3.12835e-05
441, 0.874633, 3.1211e-05
442, 0.874633, 3.12462e-05
443, 0.874631, 3.12173e-05
444, 0.874632, 3.117e-05
445, 0.874632, 3.12178e-05
446, 0.874634, 3.12315e-05
447, 0.874631, 3.1294e-05
448, 0.874629, 3.12313e-05
449, 0.87463, 3.1233e-05
450, 0.874631, 3.12549e-05
451, 0.874631, 3.12513e-05
452, 0.874633, 3.12624e-05
453, 0.874631, 3.12348e-05
454, 0.874629, 3.12858e-05
455, 0.87463, 3.12814e-05
456, 0.874629, 3.12623e-05
457, 0.874628, 3.12644e-05
458, 0.87463, 3.12458e-05
459, 0.874634, 3.12484e-05
460, 0.874634, 3.12188e-05
461, 0.874635, 3.12716e-05
462, 0.874636, 3.12317e-05
463, 0.874635, 3.12757e-05
464, 0.874635, 3.12767e-05
465, 0.874632, 3.12505e-05
466, 0.874635, 3.12484e-05
467, 0.874633, 3.12611e-05
468, 0.874632, 3.12844e-05
469, 0.874634, 3.12671e-05
470, 0.874632, 3.12863e-05
471, 0.874634, 3.12768e-05
472, 0.874632, 3.12874e-05
473, 0.874632, 3.1235e-05
474, 0.874636, 3.12226e-05
475, 0.874635, 3.12397e-05
476, 0.874638, 3.12399e-05
477, 0.874636, 3.12475e-05
478, 0.874632, 3.12215e-05
479, 0.874632, 3.11928e-05
480, 0.874632, 3.12421e-05
481, 0.874632, 3.13044e-05
482, 0.874634, 3.13038e-05
483, 0.874633, 3.12601e-05
484, 0.874634, 3.12638e-05
485, 0.874633, 3.12189e-05
486, 0.874631, 3.12677e-05
487, 0.874633, 3.12341e-05
488, 0.874633, 3.12769e-05
489, 0.874636, 3.12716e-05
490, 0.874633, 3.12722e-05
491, 0.874636, 3.12507e-05
492, 0.874634, 3.12307e-05
493, 0.874634, 3.12725e-05
494, 0.874635, 3.1271e-05
495, 0.874635, 3.13109e-05
496, 0.874634, 3.12728e-05
497, 0.874634, 3.12361e-05
498, 0.874633, 3.12486e-05
499, 0.874632, 3.1288e-05
500, 0.874631, 3.12788e-05
501, 0.874629, 3.12655e-05
502, 0.87463, 3.12898e-05
503, 0.874631, 3.1267e-05
504, 0.874629, 3.12892e-05
505, 0.874631, 3.12578e-05
506, 0.874632, 3.12581e-05
507, 0.874631, 3.12647e-05
508, 0.874634, 3.12701e-05
509, 0.874632, 3.12904e-05
510, 0.87463, 3.1251e-05
511, 0.874634, 3.12687e-05
512, 0.874631, 3.13995e-05

2.03215
1, 0.860633, 2.93914e-05
2, 0.82745, 4.13595e-05
3, 0.817138, 4.68616e-05
4, 0.813225, 4.97049e-05
5, 0.81153, 5.1331e-05
6, 0.810729, 5.22224e-05
7, 0.810328, 5.27771e-05
8, 0.810117, 5.30924e-05
9, 0.810003, 5.33319e-05
10, 0.809939, 5.34035e-05
11, 0.809905, 5.33857e-05
12, 0.809887, 5.34667e-05
13, 0.809877, 5.34803e-05
14, 0.809871, 5.34539e-05
15, 0.809865, 5.34433e-05
16, 0.809864, 5.34293e-05
17, 0.80986, 5.3451e-05
18, 0.809865, 5.34095e-05
19, 0.809867, 5.33953e-05
20, 0.809865, 5.34107e-05
21, 0.809859, 5.34288e-05
22, 0.809856, 5.34071e-05
23, 0.809856, 5.34197e-05
24, 0.809855, 5.34378e-05
25, 0.809855, 5.34389e-05
26, 0.809855, 5.34837e-05
27, 0.809856, 5.35247e-05
28, 0.809857, 5.35149e-05
29, 0.809858, 5.34537e-05
30, 0.809855, 5.34335e-05
31, 0.809855, 5.34382e-05
32, 0.809856, 5.34551e-05
33, 0.809857, 5.34759e-05
34, 0.809858, 5.34604e-05
35, 0.809857, 5.34754e-05
36, 0.809854, 5.34197e-05
37, 0.80985, 5.34625e-05
38, 0.809852, 5.34365e-05
39, 0.809855, 5.34245e-05
40, 0.809857, 5.34131e-05
41, 0.809859, 5.34473e-05
42, 0.809864, 5.34992e-05
43, 0.809866, 5.35111e-05
44, 0.809861, 5.35091e-05
45, 0.809859, 5.35193e-05
46, 0.809856, 5.35458e-05
47, 0.809856, 5.3535e-05
48, 0.809855, 5.35098e-05
49, 0.809856, 5.34851e-05
50, 0.809858, 5.34586e-05
51, 0.809857, 5.35008e-05
52, 0.80986, 5.34985e-05
53, 0.809861, 5.35237e-05
54, 0.809862, 5.35064e-05
55, 0.809861, 5.34955e-05
56, 0.809857, 5.34969e-05
57, 0.809861, 5.34512e-05
58, 0.809854, 5.3439e-05
59, 0.809851, 5.34411e-05
60, 0.809848, 5.34851e-05
61, 0.809847, 5.34351e-05
62, 0.809851, 5.34079e-05
63, 0.809853, 5.33749e-05
64, 0.809856, 5.33795e-05
65, 0.809856, 5.33956e-05
66, 0.809858, 5.34257e-05
67, 0.809862, 5.34971e-05
68, 0.809863, 5.34655e-05
69, 0.809863, 5.34738e-05
70, 0.809864, 5.3468e-05
71, 0.809863, 5.34416e-05
72, 0.809862, 5.34853e-05
73, 0.809862, 5.34253e-05
74, 0.809863, 5.34132e-05
75, 0.809862, 5.34555e-05
76, 0.809857, 5.3397e-05
77, 0.809857, 5.34054e-05
78, 0.809861, 5.34501e-05
79, 0.809864, 5.34758e-05
80, 0.809865, 5.34647e-05
81, 0.809864, 5.35171e-05
82, 0.809864, 5.35641e-05
83, 0.809862, 5.34912e-05
84, 0.80986, 5.34615e-05
85, 0.809857, 5.34296e-05
86, 0.809859, 5.34754e-05
87, 0.80986, 5.34991e-05
88, 0.809856, 5.34288e-05
89, 0.809858, 5.34824e-05
90, 0.809858, 5.34843e-05
91, 0.809859, 5.35275e-05
92, 0.809861, 5.35118e-05
93, 0.809858, 5.34804e-05
94, 0.809858, 5.3511e-05
95, 0.809856, 5.35016e-05
96, 0.809862, 5.35263e-05
97, 0.809863, 5.35295e-05
98, 0.809863, 5.34631e-05
99, 0.809866, 5.35025e-05
100, 0.809863, 5.3521e-05
101, 0.809859, 5.35087e-05
102, 0.809852, 5.35587e-05
103, 0.809854, 5.35606e-05
104, 0.809856, 5.35333e-05
105, 0.809853, 5.34981e-05
106, 0.809856, 5.35775e-05
107, 0.809858, 5.35948e-05
108, 0.809856, 5.35088e-05
109, 0.809858, 5.3447e-05
110, 0.80986, 5.3445e-05
111, 0.809856, 5.34749e-05
112, 0.80986, 5.34294e-05
113, 0.809862, 5.34556e-05
114, 0.809859, 5.3487e-05
115, 0.809856, 5.35337e-05
116, 0.809858, 5.35114e-05
117, 0.809858, 5.35003e-05
118, 0.809857, 5.34774e-05
119, 0.809858, 5.35624e-05
120, 0.80986, 5.35233e-05
121, 0.809862, 5.35146e-05
122, 0.809859, 5.35437e-05
123, 0.809864, 5.34918e-05
124, 0.809864, 5.34998e-05
125, 0.809864, 5.34727e-05
126, 0.809864, 5.3458e-05
127, 0.809865, 5.34797e-05
128, 0.809857, 5.34896e-05
129, 0.809854, 5.35035e-05
130, 0.809853, 5.3561e-05
131, 0.809856, 5.35484e-05
132, 0.809853, 5.35279e-05
133, 0.809853, 5.34902e-05
134, 0.809853, 5.34815e-05
135, 0.809852, 5.34635e-05
136, 0.809853, 5.34486e-05
137, 0.809855, 5.35003e-05
138, 0.809856, 5.35738e-05
139, 0.809864, 5.35761e-05
140, 0.809863, 5.36323e-05
141, 0.80986, 5.36274e-05
142, 0.809861, 5.35872e-05
143, 0.809859, 5.35322e-05
144, 0.80986, 5.35773e-05
145, 0.809857, 5.35647e-05
146, 0.809854, 5.35797e-05
147, 0.809857, 5.34652e-05
148, 0.809857, 5.34561e-05
149, 0.809859, 5.34451e-05
150, 0.80986, 5.3439e-05
151, 0.809862, 5.34641e-05
152, 0.809861, 5.34046e-05
153, 0.809864, 5.34464e-05
154, 0.809864, 5.34674e-05
155, 0.809867, 5.34163e-05
156, 0.809863, 5.34345e-05
157, 0.809862, 5.3438e-05
158, 0.809859, 5.34035e-05
159, 0.809857, 5.33995e-05
160, 0.80986, 5.33857e-05
161, 0.809859, 5.34147e-05
162, 0.809855, 5.34427e-05
163, 0.809858, 5.34362e-05
164, 0.809858, 5.33714e-05
165, 0.809858, 5.33677e-05
166, 0.809855, 5.34597e-05
167, 0.809854, 5.35162e-05
168, 0.809854, 5.34638e-05
169, 0.809856, 5.34275e-05
170, 0.809858, 5.33999e-05
171, 0.809861, 5.34516e-05
172, 0.80986, 5.34172e-05
173, 0.809857, 5.34513e-05
174, 0.809859, 5.34706e-05
175, 0.80986, 5.34188e-05
176, 0.809861, 5.3445e-05
177, 0.80986, 5.34876e-05
178, 0.809859, 5.34908e-05
179, 0.809861, 5.34891e-05
180, 0.80986, 5.35215e-05
181, 0.809858, 5.34913e-05
182, 0.809858, 5.34535e-05
183, 0.809855, 5.34899e-05
184, 0.809854, 5.34886e-05
185, 0.80986, 5.34852e-05
186, 0.809861, 5.34704e-05
187, 0.809857, 5.34767e-05
188, 0.809857, 5.34789e-05
189, 0.809853, 5.34924e-05
190, 0.809854, 5.35263e-05
191, 0.809854, 5.35866e-05
192, 0.809853, 5.35059e-05
193, 0.809854, 5.35071e-05
194, 0.809854, 5.34764e-05
195, 0.809858, 5.34539e-05
196, 0.809856, 5.34708e-05
197, 0.809858, 5.34737e-05
198, 0.809858, 5.34414e-05
199, 0.80986, 5.34631e-05
200, 0.809864, 5.34595e-05
201, 0.809864, 5.34066e-05
202, 0.809865, 5.34271e-05
203, 0.809864, 5.34896e-05
204, 0.80986, 5.35542e-05
205, 0.809865, 5.35626e-05
206, 0.809866, 5.35309e-05
207, 0.809864, 5.34797e-05
208, 0.80986, 5.34643e-05
209, 0.809857, 5.35105e-05
210, 0.809855, 5.34966e-05
211, 0.809856, 5.348e-05
212, 0.809857, 5.35022e-05
213, 0.809857, 5.34919e-05
214, 0.809857, 5.34118e-05
215, 0.809859, 5.341e-05
216, 0.809858, 5.34822e-05
217, 0.809856, 5.34922e-05
218, 0.809857, 5.35001e-05
219, 0.809854, 5.35147e-05
220, 0.809854, 5.35035e-05
221, 0.809852, 5.34664e-05
222, 0.809855, 5.33839e-05
223, 0.809856, 5.34387e-05
224, 0.809853, 5.34427e-05
225, 0.809854, 5.34688e-05
226, 0.809857, 5.34571e-05
227, 0.809862, 5.34734e-05
228, 0.809861, 5.33822e-05
229, 0.80986, 5.33823e-05
230, 0.80986, 5.34634e-05
231, 0.809863, 5.34456e-05
232, 0.809859, 5.33952e-05
233, 0.809859, 5.34039e-05
234, 0.809858, 5.33845e-05
235, 0.809858, 5.33987e-05
236, 0.809858, 5.34444e-05
237, 0.809859, 5.34582e-05
238, 0.809859, 5.34818e-05
239, 0.809861, 5.34841e-05
240, 0.809861, 5.35103e-05
241, 0.809861, 5.35044e-05
242, 0.809859, 5.3467e-05
243, 0.809855, 5.34508e-05
244, 0.80985, 5.34543e-05
245, 0.809848, 5.34845e-05
246, 0.809847, 5.35276e-05
247, 0.80985, 5.35003e-05
248, 0.809853, 5.35501e-05
249, 0.809855, 5.35437e-05
250, 0.809855, 5.35752e-05
251, 0.809854, 5.35294e-05
252, 0.809858, 5.3496e-05
253, 0.809858, 5.34339e-05
254, 0.809857, 5.34213e-05
255, 0.809858, 5.33928e-05
256, 0.809856, 5.34303e-05
257, 0.809858, 5.34072e-05
258, 0.809858, 5.34217e-05
259, 0.809854, 5.33841e-05
260, 0.809855, 5.34251e-05
261, 0.809853, 5.33833e-05
262, 0.809855, 5.33995e-05
263, 0.809859, 5.33724e-05
264, 0.809858, 5.34417e-05
265, 0.809856, 5.34627e-05
266, 0.809857, 5.35487e-05
267, 0.809857, 5.35014e-05
268, 0.809864, 5.3501e-05
269, 0.809862, 5.35028e-05
270, 0.809863, 5.35095e-05
271, 0.809862, 5.35205e-05
272, 0.80986, 5.35313e-05
273, 0.809856, 5.35276e-05
274, 0.809852, 5.34814e-05
275, 0.809853, 5.34591e-05
276, 0.809857, 5.34724e-05
277, 0.809854, 5.34918e-05
278, 0.809853, 5.34502e-05
279, 0.809852, 5.34542e-05
280, 0.809851, 5.33869e-05
281, 0.809859, 5.3358e-05
282, 0.80986, 5.33799e-05
283, 0.809858, 5.34421e-05
284, 0.809862, 5.34727e-05
285, 0.80986, 5.35214e-05
286, 0.809856, 5.35512e-05
287, 0.809854, 5.36013e-05
288, 0.809854, 5.36105e-05
289, 0.809851, 5.35509e-05
290, 0.809851, 5.35459e-05
291, 0.80985, 5.34954e-05
292, 0.809851, 5.35616e-05
293, 0.809851, 5.35801e-05
294, 0.809855, 5.35916e-05
295, 0.809852, 5.34546e-05
296, 0.809855, 5.34304e-05
297, 0.809858, 5.34197e-05
298, 0.809859, 5.3483e-05
299, 0.809856, 5.34952e-05
300, 0.809854, 5.35023e-05
301, 0.809852, 5.34933e-05
302, 0.809857, 5.35188e-05
303, 0.809854, 5.34625e-05
304, 0.809852, 5.3435e-05
305, 0.809846, 5.35036e-05
306, 0.809847, 5.34648e-05
307, 0.809849, 5.34698e-05
308, 0.809849, 5.34792e-05
309, 0.809855, 5.34374e-05
310, 0.809856, 5.33624e-05
311, 0.809859, 5.34555e-05
312, 0.809859, 5.34569e-05
313, 0.809856, 5.34344e-05
314, 0.809854, 5.34751e-05
315, 0.809854, 5.34478e-05
316, 0.809851, 5.3464e-05
317, 0.809852, 5.34927e-05
318, 0.809851, 5.35208e-05
319, 0.809852, 5.35523e-05
320, 0.809853, 5.35262e-05
321, 0.809857, 5.35876e-05
322, 0.809858, 5.35255e-05
323, 0.80986, 5.35451e-05
324, 0.809859, 5.34505e-05
325, 0.809861, 5.34628e-05
326, 0.809862, 5.34916e-05
327, 0.80986, 5.34674e-05
328, 0.809862, 5.34846e-05
329, 0.809858, 5.34568e-05
330, 0.809857, 5.34101e-05
331, 0.809857, 5.34244e-05
332, 0.809861, 5.34108e-05
333, 0.809856, 5.34324e-05
334, 0.809855, 5.34134e-05
335, 0.809854, 5.34484e-05
336, 0.809859, 5.34568e-05
337, 0.809858, 5.34758e-05
338, 0.809856, 5.34685e-05
339, 0.809858, 5.34775e-05
340, 0.80986, 5.3506e-05
341, 0.809861, 5.34747e-05
342, 0.809864, 5.3465e-05
343, 0.809861, 5.35106e-05
344, 0.80986, 5.34837e-05
345, 0.80986, 5.3496e-05
346, 0.809868, 5.34747e-05
347, 0.809868, 5.34722e-05
348, 0.809862, 5.34916e-05
349, 0.809865, 5.34786e-05
350, 0.809865, 5.34427e-05
351, 0.809859, 5.34634e-05
352, 0.80986, 5.35174e-05
353, 0.80986, 5.34604e-05
354, 0.809856, 5.35204e-05
355, 0.809856, 5.35203e-05
356, 0.809854, 5.34828e-05
357, 0.809849, 5.34901e-05
358, 0.809847, 5.35175e-05
359, 0.80985, 5.34987e-05
360, 0.80985, 5.35158e-05
361, 0.809851, 5.34384e-05
362, 0.809852, 5.35161e-05
363, 0.809851, 5.34817e-05
364, 0.809848, 5.3485e-05
365, 0.809851, 5.3397e-05
366, 0.809853, 5.33831e-05
367, 0.809856, 5.34772e-05
368, 0.809857, 5.34734e-05
369, 0.809859, 5.34685e-05
370, 0.80986, 5.35039e-05
371, 0.809857, 5.3497e-05
372, 0.809854, 5.34659e-05
373, 0.809856, 5.34307e-05
374, 0.809854, 5.34519e-05
375, 0.809856, 5.34292e-05
376, 0.809856, 5.34963e-05
377, 0.809862, 5.34781e-05
378, 0.809863, 5.34945e-05
379, 0.809858, 5.34829e-05
380, 0.809864, 5.35171e-05
381, 0.809863, 5.34625e-05
382, 0.80986, 5.35177e-05
383, 0.809862, 5.35418e-05
384, 0.809856, 5.3564e-05
385, 0.809855, 5.35319e-05
386, 0.80985, 5.35211e-05
387, 0.809852, 5.34298e-05
388, 0.809852, 5.33632e-05
389, 0.809852, 5.33837e-05
390, 0.809852, 5.33942e-05
391, 0.809849, 5.34436e-05
392, 0.80985, 5.34362e-05
393, 0.809852, 5.33932e-05
394, 0.809848, 5.34246e-05
395, 0.809852, 5.34172e-05
396, 0.809858, 5.34024e-05
397, 0.809855, 5.34284e-05
398, 0.809857, 5.34479e-05
399, 0.809855, 5.34649e-05
400, 0.809855, 5.34879e-05
401, 0.809855, 5.34712e-05
402, 0.809858, 5.3445e-05
403, 0.809862, 5.34629e-05
404, 0.809859, 5.35065e-05
405, 0.809861, 5.34746e-05
406, 0.80986, 5.34724e-05
407, 0.809861, 5.34807e-05
408, 0.809858, 5.34404e-05
409, 0.809858, 5.34583e-05
410, 0.809859, 5.35e-05
411, 0.809861, 5.34419e-05
412, 0.80986, 5.34723e-05
413, 0.809863, 5.34005e-05
414, 0.809862, 5.3448e-05
415, 0.80986, 5.3459e-05
416, 0.809859, 5.34497e-05
417, 0.80986, 5.34731e-05
418, 0.809861, 5.35094e-05
419, 0.809859, 5.35048e-05
420, 0.809856, 5.35004e-05
421, 0.809856, 5.34773e-05
422, 0.809857, 5.34836e-05
423, 0.809855, 5.34962e-05
424, 0.809857, 5.34929e-05
425, 0.80986, 5.35031e-05
426, 0.809863, 5.35305e-05
427, 0.809857, 5.35474e-05
428, 0.809862, 5.354e-05
429, 0.809861, 5.35259e-05
430, 0.809854, 5.35204e-05
431, 0.809856, 5.34308e-05
432, 0.809856, 5.34673e-05
433, 0.809856, 5.35274e-05
434, 0.809859, 5.35221e-05
435, 0.809862, 5.34427e-05
436, 0.80986, 5.3458e-05
437, 0.809859, 5.34232e-05
438, 0.809859, 5.34186e-05
439, 0.809859, 5.34243e-05
440, 0.809857, 5.3454e-05
441, 0.809856, 5.34842e-05
442, 0.80986, 5.34783e-05
443, 0.809863, 5.34675e-05
444, 0.809858, 5.34397e-05
445, 0.809854, 5.34744e-05
446, 0.80986, 5.35217e-05
447, 0.809861, 5.35309e-05
448, 0.809861, 5.35468e-05
449, 0.809863, 5.35583e-05
450, 0.809862, 5.3591e-05
451, 0.809866, 5.35593e-05
452, 0.809863, 5.34774e-05
453, 0.809861, 5.34106e-05
454, 0.809856, 5.34068e-05
455, 0.809857, 5.34136e-05
456, 0.809859, 5.34031e-05
457, 0.809859, 5.33946e-05
458, 0.809862, 5.34179e-05
459, 0.809857, 5.34288e-05
460, 0.80985, 5.35049e-05
461, 0.809854, 5.34819e-05
462, 0.809855, 5.34431e-05
463, 0.809856, 5.34388e-05
464, 0.809851, 5.34315e-05
465, 0.809853, 5.34145e-05
466, 0.809857, 5.34764e-05
467, 0.809854, 5.34892e-05
468, 0.80985, 5.34816e-05
469, 0.809849, 5.34471e-05
470, 0.809849, 5.34314e-05
471, 0.809855, 5.34161e-05
472, 0.809862, 5.34208e-05
473, 0.809864, 5.34558e-05
474, 0.809864, 5.3491e-05
475, 0.80986, 5.34616e-05
476, 0.809857, 5.34032e-05
477, 0.809859, 5.34037e-05
478, 0.809858, 5.34341e-05
479, 0.80986, 5.34818e-05
480, 0.809858, 5.34951e-05
481, 0.809856, 5.3527e-05
482, 0.809853, 5.35079e-05
483, 0.809856, 5.35186e-05
484, 0.809854, 5.35196e-05
485, 0.809854, 5.35156e-05
486, 0.809855, 5.34874e-05
487, 0.809857, 5.34327e-05
488, 0.809861, 5.3397e-05
489, 0.809859, 5.34331e-05
490, 0.809857, 5.34331e-05
491, 0.809857, 5.34109e-05
492, 0.809857, 5.34007e-05
493, 0.809856, 5.33982e-05
494, 0.809857, 5.34458e-05
495, 0.809856, 5.3456e-05
496, 0.809853, 5.34829e-05
497, 0.809856, 5.35018e-05
498, 0.809857, 5.353e-05
499, 0.809859, 5.3498e-05
500, 0.809857, 5.34766e-05
501, 0.809858, 5.34689e-05
502, 0.809858, 5.34454e-05
503, 0.809853, 5.34518e-05
504, 0.809853, 5.34325e-05
505, 0.809857, 5.34825e-05
506, 0.809861, 5.34979e-05
507, 0.809863, 5.35213e-05
508, 0.809865, 5.34853e-05
509, 0.809865, 5.34935e-05
510, 0.809863, 5.34947e-05
511, 0.809859, 5.35149e-05
512, 0.809861, 5.37164e-05

2.11116
1, 0.825639, 3.8371e-05
2, 0.778055, 5.60109e-05
3, 0.760841, 6.52475e-05
4, 0.753205, 7.05676e-05
5, 0.74934, 7.37278e-05
6, 0.747207, 7.58131e-05
7, 0.745968, 7.72157e-05
8, 0.745223, 7.81028e-05
9, 0.744755, 7.86875e-05
10, 0.744455, 7.9049e-05
11, 0.744263, 7.94047e-05
12, 0.744139, 7.9649e-05
13, 0.744058, 7.98504e-05
14, 0.744005, 7.99985e-05
15, 0.74397, 8.01329e-05
16, 0.743947, 8.01872e-05
17, 0.743927, 8.02574e-05
18, 0.743916, 8.03001e-05
19, 0.743908, 8.02877e-05
20, 0.743897, 8.0287e-05
21, 0.74389, 8.03203e-05
22, 0.743892, 8.03668e-05
23, 0.743887, 8.03722e-05
24, 0.743888, 8.04374e-05
25, 0.74389, 8.04031e-05
26, 0.743888, 8.038e-05
27, 0.743892, 8.0342e-05
28, 0.743889, 8.04084e-05
29, 0.743886, 8.04885e-05
30, 0.74389, 8.05164e-05
31, 0.743887, 8.05027e-05
32, 0.743894, 8.04576e-05
33, 0.743895, 8.04476e-05
34, 0.743894, 8.0408e-05
35, 0.743892, 8.04367e-05
36, 0.743892, 8.03766e-05
37, 0.743889, 8.03124e-05
38, 0.743889, 8.02951e-05
39, 0.74389, 8.02921e-05
40, 0.74389, 8.0296e-05
41, 0.74389, 8.03456e-05
42, 0.743882, 8.04206e-05
43, 0.743881, 8.03872e-05
44, 0.743881, 8.04298e-05
45, 0.743883, 8.04507e-05
46, 0.743888, 8.03738e-05
47, 0.743887, 8.04308e-05
48, 0.743886, 8.0433e-05
49, 0.743888, 8.04156e-05
50, 0.74389, 8.04202e-05
51, 0.743899, 8.03986e-05
52, 0.743895, 8.03965e-05
53, 0.743894, 8.03652e-05
54, 0.743886, 8.0437e-05
55, 0.743881, 8.0477e-05
56, 0.743882, 8.04626e-05
57, 0.743883, 8.05512e-05
58, 0.743885, 8.04727e-05
59, 0.743881, 8.04486e-05
60, 0.743882, 8.04371e-05
61, 0.743889, 8.04158e-05
62, 0.743897, 8.04465e-05
63, 0.7439, 8.04586e-05
64, 0.743897, 8.05305e-05
65, 0.743897, 8.06439e-05
66, 0.743901, 8.06924e-05
67, 0.7439, 8.05955e-05
68, 0.743909, 8.04826e-05
69, 0.743912, 8.04926e-05
70, 0.743908, 8.04304e-05
71, 0.743906, 8.05029e-05
72, 0.743901, 8.05168e-05
73, 0.7439, 8.05644e-05
74, 0.743896, 8.05624e-05
75, 0.743889, 8.06244e-05
76, 0.743891, 8.06427e-05
77, 0.74389, 8.05983e-05
78, 0.743896, 8.06183e-05
79, 0.743895, 8.0587e-05
80, 0.743902, 8.05168e-05
81, 0.7439, 8.05665e-05
82, 0.743903, 8.05667e-05
83, 0.743905, 8.05186e-05
84, 0.743905, 8.0617e-05
85, 0.743908, 8.05806e-05
86, 0.743907, 8.05025e-05
87, 0.743907, 8.03997e-05
88, 0.743911, 8.02735e-05
89, 0.743914, 8.03274e-05
90, 0.743912, 8.02872e-05
91, 0.743904, 8.03184e-05
92, 0.743905, 8.03152e-05
93, 0.743906, 8.03114e-05
94, 0.743905, 8.03574e-05
95, 0.743902, 8.0358e-05
96, 0.7439, 8.03403e-05
97, 0.743898, 8.02802e-05
98, 0.743897, 8.03748e-05
99, 0.743897, 8.047e-05
100, 0.7439, 8.05402e-05
101, 0.7439, 8.05397e-05
102, 0.7439, 8.05774e-05
103, 0.7439, 8.05774e-05
104, 0.743895, 8.06341e-05
105, 0.743897, 8.05327e-05
106, 0.743898, 8.04321e-05
107, 0.743898, 8.04403e-05
108, 0.743899, 8.04777e-05
109, 0.7439, 8.05462e-05
110, 0.743898, 8.05374e-05
111, 0.743899, 8.05708e-05
112, 0.743899, 8.04802e-05
113, 0.7439, 8.0438e-05
114, 0.743897, 8.04147e-05
115, 0.743892, 8.03784e-05
116, 0.743891, 8.0475e-05
117, 0.743895, 8.05058e-05
118, 0.743901, 8.04499e-05
119, 0.743904, 8.0418e-05
120, 0.743906, 8.04858e-05
121, 0.743903, 8.05427e-05
122, 0.743896, 8.0532e-05
123, 0.743893, 8.05658e-05
124, 0.743893, 8.04706e-05
125, 0.743901, 8.0495e-05
126, 0.743905, 8.04316e-05
127, 0.743904, 8.04697e-05
128, 0.743908, 8.05274e-05
129, 0.743911, 8.05127e-05
130, 0.743914, 8.04879e-05
131, 0.743918, 8.04129e-05
132, 0.743918, 8.03914e-05
133, 0.743912, 8.03384e-05
134, 0.743905, 8.03836e-05
135, 0.743898, 8.03766e-05
136, 0.743891, 8.0451e-05
137, 0.743892, 8.04622e-05
138, 0.743896, 8.04326e-05
139, 0.743896, 8.0477e-05
140, 0.743897, 8.04839e-05
141, 0.743905, 8.04849e-05
142, 0.743908, 8.05013e-05
143, 0.743907, 8.04635e-05
144, 0.743906, 8.03524e-05
145, 0.743911, 8.04374e-05
146, 0.743914, 8.05499e-05
147, 0.743916, 8.05441e-05
148, 0.743908, 8.05375e-05
149, 0.743903, 8.05482e-05
150, 0.7439, 8.04802e-05
151, 0.743905, 8.04546e-05
152, 0.743903, 8.0355e-05
153, 0.743907, 8.03619e-05
154, 0.743903, 8.03259e-05
155, 0.743908, 8.03453e-05
156, 0.743909, 8.03437e-05
157, 0.743909, 8.04135e-05
158, 0.743917, 8.04472e-05
159, 0.743918, 8.04905e-05
160, 0.74392, 8.0474e-05
161, 0.743915, 8.04024e-05
162, 0.743917, 8.03828e-05
163, 0.743913, 8.03808e-05
164, 0.743909, 8.0348e-05
165, 0.743905, 8.04052e-05
166, 0.743897, 8.04789e-05
167, 0.743897, 8.04987e-05
168, 0.743895, 8.04936e-05
169, 0.743896, 8.05232e-05
170, 0.743899, 8.0587e-05
171, 0.743903, 8.06239e-05
172, 0.743905, 8.06657e-05
173, 0.743904, 8.07296e-05
174, 0.7439, 8.07679e-05
175, 0.743893, 8.07951e-05
176, 0.74389, 8.07978e-05
177, 0.743888, 8.06932e-05
178, 0.743892, 8.06373e-05
179, 0.743897, 8.05886e-05
180, 0.743897, 8.05257e-05
181, 0.743891, 8.05099e-05
182, 0.743894, 8.04337e-05
183, 0.743899, 8.05695e-05
184, 0.743897, 8.04796e-05
185, 0.743896, 8.04545e-05
186, 0.743896, 8.044e-05
187, 0.743897, 8.04449e-05
188, 0.743895, 8.04438e-05
189, 0.743896, 8.03604e-05
190, 0.743903, 8.04382e-05
191, 0.743906, 8.03959e-05
192, 0.74391, 8.04263e-05
193, 0.743909, 8.04285e-05
194, 0.743902, 8.04861e-05
195, 0.743897, 8.04503e-05
196, 0.743893, 8.04585e-05
197, 0.743889, 8.04218e-05
198, 0.743887, 8.03598e-05
199, 0.743889, 8.03511e-05
200, 0.743896, 8.03432e-05
201, 0.743896, 8.03713e-05
202, 0.743905, 8.04279e-05
203, 0.743904, 8.04399e-05
204, 0.743905, 8.0404e-05
205, 0.743906, 8.03586e-05
206, 0.743899, 8.03277e-05
207, 0.743899, 8.03028e-05
208, 0.7439, 8.04255e-05
209, 0.743893, 8.03966e-05
210, 0.7439, 8.04991e-05
211, 0.743896, 8.04968e-05
212, 0.74389, 8.04303e-05
213, 0.743885, 8.04104e-05
214, 0.743889, 8.03734e-05
215, 0.743886, 8.03756e-05
216, 0.743887, 8.0366e-05
217, 0.743881, 8.03412e-05
218, 0.743887, 8.04295e-05
219, 0.743893, 8.043e-05
220, 0.743891, 8.04555e-05
221, 0.743891, 8.04489e-05
222, 0.743889, 8.04751e-05
223, 0.74388, 8.05575e-05
224, 0.743878, 8.05669e-05
225, 0.743878, 8.05407e-05
226, 0.743877, 8.05182e-05
227, 0.743876, 8.05112e-05
228, 0.743879, 8.04331e-05
229, 0.743885, 8.05039e-05
230, 0.743888, 8.05156e-05
231, 0.743886, 8.05214e-05
232, 0.743887, 8.06042e-05
233, 0.743882, 8.05058e-05
234, 0.743884, 8.05336e-05
235, 0.743882, 8.04964e-05
236, 0.743885, 8.04529e-05
237, 0.743891, 8.04484e-05
238, 0.743894, 8.03659e-05
239, 0.74389, 8.04767e-05
240, 0.743892, 8.04505e-05
241, 0.743893, 8.05496e-05
242, 0.743896, 8.04546e-05
243, 0.743902, 8.04137e-05
244, 0.743899, 8.03797e-05
245, 0.743901, 8.03739e-05
246, 0.743897, 8.03918e-05
247, 0.74389, 8.03898e-05
248, 0.743887, 8.03491e-05
249, 0.743877, 8.02707e-05
250, 0.743878, 8.02605e-05
251, 0.743888, 8.03739e-05
252, 0.74389, 8.02552e-05
253, 0.743887, 8.02642e-05
254, 0.743894, 8.02503e-05
255, 0.7439, 8.03269e-05
256, 0.743897, 8.03165e-05
257, 0.74389, 8.03982e-05
258, 0.743888, 8.04376e-05
259, 0.743887, 8.04606e-05
260, 0.743893, 8.04739e-05
261, 0.743889, 8.04112e-05
262, 0.743889, 8.04749e-05
263, 0.743892, 8.0394e-05
264, 0.743893, 8.03494e-05
265, 0.743897, 8.03764e-05
266, 0.743901, 8.03394e-05
267, 0.743899, 8.03652e-05
268, 0.743899, 8.03828e-05
269, 0.743894, 8.04019e-05
270, 0.743892, 8.04336e-05
271, 0.743887, 8.05047e-05
272, 0.743888, 8.05274e-05
273, 0.74389, 8.0505e-05
274, 0.74389, 8.05085e-05
275, 0.743894, 8.05017e-05
276, 0.743899, 8.04135e-05
277, 0.743907, 8.03528e-05
278, 0.743908, 8.02648e-05
279, 0.743908, 8.02353e-05
280, 0.743905, 8.0325e-05
281, 0.743903, 8.03571e-05
282, 0.743897, 8.03592e-05
283, 0.743897, 8.02438e-05
284, 0.743897, 8.02942e-05
285, 0.743894, 8.0263e-05
286, 0.743897, 8.02806e-05
287, 0.743895, 8.03066e-05
288, 0.743894, 8.0436e-05
289, 0.743888, 8.04889e-05
290, 0.743892, 8.04388e-05
291, 0.743894, 8.05233e-05
292, 0.743893, 8.05463e-05
293, 0.743887, 8.05427e-05
294, 0.74389, 8.05288e-05
295, 0.743896, 8.04457e-05
296, 0.743901, 8.03962e-05
297, 0.743896, 8.03957e-05
298, 0.743897, 8.04541e-05
299, 0.743896, 8.0504e-05
300, 0.743899, 8.05543e-05
301, 0.743902, 8.06341e-05
302, 0.743905, 8.06019e-05
303, 0.743902, 8.05291e-05
304, 0.7439, 8.04621e-05
305, 0.743901, 8.04612e-05
306, 0.7439, 8.03763e-05
307, 0.743902, 8.03715e-05
308, 0.743912, 8.03946e-05
309, 0.743918, 8.04298e-05
310, 0.743922, 8.03839e-05
311, 0.743922, 8.03725e-05
312, 0.743917, 8.03581e-05
313, 0.743914, 8.03707e-05
314, 0.743913, 8.04009e-05
315, 0.743911, 8.02658e-05
316, 0.743906, 8.02033e-05
317, 0.743905, 8.02539e-05
318, 0.743906, 8.02083e-05
319, 0.743904, 8.02385e-05
320, 0.743904, 8.02053e-05
321, 0.743901, 8.02239e-05
322, 0.743902, 8.03037e-05
323, 0.743896, 8.03336e-05
324, 0.743902, 8.03047e-05
325, 0.743906, 8.03193e-05
326, 0.743903, 8.04283e-05
327, 0.7439, 8.03845e-05
328, 0.7439, 8.04412e-05
329, 0.743898, 8.04031e-05
330, 0.743899, 8.03908e-05
331, 0.743899, 8.033e-05
332, 0.743906, 8.02874e-05
333, 0.743903, 8.02826e-05
334, 0.743905, 8.02563e-05
335, 0.743903, 8.02927e-05
336, 0.743903, 8.0346e-05
337, 0.7439, 8.03986e-05
338, 0.743897, 8.04358e-05
339, 0.743891, 8.04755e-05
340, 0.743891, 8.06722e-05
341, 0.743896, 8.06076e-05
342, 0.743903, 8.04913e-05
343, 0.743904, 8.05033e-05
344, 0.743906, 8.05035e-05
345, 0.743913, 8.04845e-05
346, 0.743915, 8.04902e-05
347, 0.74392, 8.04491e-05
348, 0.743918, 8.04131e-05
349, 0.743915, 8.03554e-05
350, 0.743912, 8.03714e-05
351, 0.743913, 8.03738e-05
352, 0.743913, 8.0388e-05
353, 0.743914, 8.04194e-05
354, 0.743913, 8.04833e-05
355, 0.743914, 8.04886e-05
356, 0.743916, 8.04765e-05
357, 0.743918, 8.04706e-05
358, 0.743915, 8.0441e-05
359, 0.743914, 8.04642e-05
360, 0.743913, 8.04953e-05
361, 0.743915, 8.04946e-05
362, 0.743913, 8.04486e-05
363, 0.743911, 8.04323e-05
364, 0.743914, 8.03897e-05
365, 0.743914, 8.03594e-05
366, 0.743911, 8.03129e-05
367, 0.743909, 8.03322e-05
368, 0.74391, 8.0304e-05
369, 0.743909, 8.03365e-05
370, 0.743913, 8.02857e-05
371, 0.743914, 8.02812e-05
372, 0.743907, 8.03567e-05
373, 0.743906, 8.03737e-05
374, 0.743907, 8.03868e-05
375, 0.743905, 8.03643e-05
376, 0.743902, 8.03874e-05
377, 0.743897, 8.0385e-05
378, 0.743897, 8.03608e-05
379, 0.743896, 8.03478e-05
380, 0.743892, 8.03607e-05
381, 0.743892, 8.03386e-05
382, 0.743882, 8.03613e-05
383, 0.743879, 8.0404e-05
384, 0.74388, 8.04565e-05
385, 0.743882, 8.04589e-05
386, 0.743882, 8.0569e-05
387, 0.743883, 8.05673e-05
388, 0.743876, 8.05718e-05
389, 0.743876, 8.05953e-05
390, 0.743878, 8.05623e-05
391, 0.743877, 8.05436e-05
392, 0.743881, 8.04733e-05
393, 0.743884, 8.04132e-05
394, 0.743888, 8.03918e-05
395, 0.743893, 8.03368e-05
396, 0.743885, 8.03702e-05
397, 0.743889, 8.04678e-05
398, 0.74389, 8.04269e-05
399, 0.743888, 8.04084e-05
400, 0.743885, 8.03781e-05
401, 0.743887, 8.04768e-05
402, 0.743892, 8.03732e-05
403, 0.743895, 8.03416e-05
404, 0.743898, 8.03705e-05
405, 0.7439, 8.03085e-05
406, 0.7439, 8.03789e-05
407, 0.743898, 8.04166e-05
408, 0.743892, 8.04275e-05
409, 0.74389, 8.03782e-05
410, 0.743885, 8.03887e-05
411, 0.743887, 8.03766e-05
412, 0.743888, 8.03092e-05
413, 0.743889, 8.0271e-05
414, 0.743891, 8.02389e-05
415, 0.743895, 8.02627e-05
416, 0.743897, 8.02323e-05
417, 0.743893, 8.03045e-05
418, 0.74389, 8.03237e-05
419, 0.743886, 8.0387e-05
420, 0.743892, 8.04199e-05
421, 0.743893, 8.04081e-05
422, 0.7439, 8.0368e-05
423, 0.743903, 8.04479e-05
424, 0.743901, 8.05249e-05
425, 0.743898, 8.05292e-05
426, 0.743904, 8.04222e-05
427, 0.743899, 8.04755e-05
428, 0.743897, 8.04742e-05
429, 0.743898, 8.05376e-05
430, 0.743907, 8.053e-05
431, 0.743911, 8.04491e-05
432, 0.743918, 8.04738e-05
433, 0.743915, 8.04662e-05
434, 0.743913, 8.0395e-05
435, 0.743905, 8.0401e-05
436, 0.743903, 8.03723e-05
437, 0.7439, 8.03641e-05
438, 0.743904, 8.03472e-05
439, 0.74391, 8.04171e-05
440, 0.743907, 8.04414e-05
441, 0.743903, 8.05008e-05
442, 0.743896, 8.05325e-05
443, 0.743889, 8.06363e-05
444, 0.743887, 8.06422e-05
445, 0.743888, 8.06205e-05
446, 0.743886, 8.05392e-05
447, 0.743894, 8.05306e-05
448, 0.74389, 8.04521e-05
449, 0.743888, 8.04783e-05
450, 0.743893, 8.05082e-05
451, 0.74389, 8.05595e-05
452, 0.743895, 8.05586e-05
453, 0.743897, 8.05456e-05
454, 0.743896, 8.05242e-05
455, 0.743893, 8.05326e-05
456, 0.743899, 8.05106e-05
457, 0.743892, 8.04891e-05
458, 0.743896, 8.04354e-05
459, 0.743895, 8.047e-05
460, 0.743891, 8.04665e-05
461, 0.743888, 8.04582e-05
462, 0.743888, 8.05035e-05
463, 0.743888, 8.05194e-05
464, 0.743888, 8.04959e-05
465, 0.743886, 8.04454e-05
466, 0.743887, 8.03964e-05
467, 0.743891, 8.04054e-05
468, 0.743888, 8.04454e-05
469, 0.743884, 8.04813e-05
470, 0.74388, 8.05115e-05
471, 0.743882, 8.04998e-05
472, 0.743884, 8.04705e-05
473, 0.743884, 8.05194e-05
474, 0.743889, 8.04689e-05
475, 0.743893, 8.04009e-05
476, 0.743895, 8.03898e-05
477, 0.743897, 8.04223e-05
478, 0.743903, 8.03564e-05
479, 0.743902, 8.03433e-05
480, 0.743903, 8.0362e-05
481, 0.743903, 8.03402e-05
482, 0.743904, 8.02707e-05
483, 0.743905, 8.03074e-05
484, 0.743901, 8.02928e-05
485, 0.743898, 8.02791e-05
486, 0.743901, 8.03598e-05
487, 0.743897, 8.03124e-05
488, 0.743896, 8.0339e-05
489, 0.743897, 8.0384e-05
490, 0.743904, 8.03758e-05
491, 0.743906, 8.0402e-05
492, 0.743909, 8.03953e-05
493, 0.74391, 8.0486e-05
494, 0.743905, 8.04985e-05
495, 0.743904, 8.0465e-05
496, 0.743904, 8.04229e-05
497, 0.743907, 8.03974e-05
498, 0.743911, 8.04467e-05
499, 0.743906, 8.04981e-05
500, 0.743906, 8.04569e-05
501, 0.743903, 8.04384e-05
502, 0.743906, 8.0453e-05
503, 0.743901, 8.03968e-05
504, 0.743897, 8.03884e-05
505, 0.7439, 8.04198e-05
506, 0.743901, 8.03994e-05
507, 0.743897, 8.03827e-05
508, 0.743899, 8.04317e-05
509, 0.743899, 8.04626e-05
510, 0.743895, 8.05675e-05
511, 0.743896, 8.06632e-05
512, 0.743896, 8.07416e-05

2.16384
