1.5
2, 0.973642, 0.000239015, -0.0267118, 0.000245486
4, 0.973402, 0.000246487, -0.0269582, 0.000253222
6, 0.973379, 0.000246952, -0.0269815, 0.000253706
8, 0.973388, 0.000246201, -0.0269722, 0.000252932
10, 0.973383, 0.000246714, -0.0269778, 0.000253461
12, 0.97338, 0.000246455, -0.0269802, 0.000253195
14, 0.973393, 0.000246325, -0.0269674, 0.000253058
16, 0.973386, 0.000247216, -0.0269746, 0.000253976

1.72222
2, 0.938093, 0.000400591, -0.0639062, 0.000427027
4, 0.936584, 0.000429238, -0.0655165, 0.000458301
6, 0.936503, 0.000433603, -0.0656028, 0.000463002
8, 0.936494, 0.000433268, -0.0656124, 0.000462649
10, 0.936477, 0.000434687, -0.0656299, 0.000464172
12, 0.936539, 0.000433318, -0.0655636, 0.00046268
14, 0.936498, 0.000435002, -0.0656074, 0.000464498
16, 0.936449, 0.000435903, -0.0656604, 0.000465485

1.94444
2, 0.86951, 0.000646293, -0.139825, 0.000743284
4, 0.861889, 0.000761215, -0.148629, 0.000883195
6, 0.860883, 0.000797266, -0.149797, 0.000926103
8, 0.860578, 0.000811085, -0.150151, 0.000942489
10, 0.860459, 0.00081899, -0.150289, 0.000951805
12, 0.860547, 0.000815612, -0.150187, 0.000947783
14, 0.860659, 0.00081371, -0.150057, 0.00094545
16, 0.860667, 0.000819976, -0.150048, 0.000952722

2.16667
2, 0.734307, 0.00114787, -0.308829, 0.00156321
4, 0.697177, 0.0016047, -0.360717, 0.00230171
6, 0.685775, 0.00186775, -0.377205, 0.00272356
8, 0.681057, 0.00203921, -0.38411, 0.00299419
10, 0.679248, 0.00213729, -0.386769, 0.00314655
12, 0.677979, 0.00218862, -0.388639, 0.00322815
14, 0.677393, 0.00222072, -0.389504, 0.00327834
16, 0.677192, 0.00224634, -0.3898, 0.00331714

2.38889
2, 0.457909, 0.00148554, -0.781084, 0.00324418
4, 0.313105, 0.0021972, -1.16122, 0.00701743
6, 0.242757, 0.00268283, -1.41569, 0.0110515
8, 0.200492, 0.00304441, -1.60698, 0.0151847
10, 0.17583, 0.00329248, -1.73824, 0.0187254
12, 0.162105, 0.00348223, -1.81951, 0.0214813
14, 0.156452, 0.00364694, -1.85501, 0.0233103
16, 0.155089, 0.0037467, -1.86376, 0.0241584

2.61111
2, 0.310682, 0.00110993, -1.16898, 0.00357255
4, 0.144675, 0.00142004, -1.93327, 0.0098154
6, 0.0764621, 0.00157985, -2.57096, 0.0206619
8, 0.0444344, 0.00165161, -3.11374, 0.0371697
10, 0.0294371, 0.00170222, -3.5255, 0.0578257
12, 0.0232801, 0.00179587, -3.76016, 0.0771419
14, 0.0198738, 0.00196355, -3.91835, 0.098801
16, 0.0196227, 0.00215712, -3.93107, 0.10993

2.83333
2, 0.232326, 0.000939461, -1.45961, 0.00404372
4, 0.0799727, 0.00109344, -2.52607, 0.0136727
6, 0.0326676, 0.00114046, -3.42137, 0.0349111
8, 0.013902, 0.00116408, -4.27573, 0.083735
10, 0.00555625, 0.00118105, -5.19283, 0.212563
12, 0.00303828, 0.00120722, -5.79646, 0.397337
14, 0.0033332, 0.00134549, -5.70382, 0.403662
16, 0.00418594, 0.00162023, -5.47602, 0.387066

3.05556
2, 0.184297, 0.000849813, -1.69121, 0.00461111
4, 0.0495887, 0.000950818, -3.00399, 0.0191741
6, 0.0159266, 0.000991504, -4.13977, 0.0622548
8, 0.00539687, 0.00097888, -5.22194, 0.181379
10, 0.00272656, 0.000995434, -5.90471, 0.365087
12, 0.00149102, 0.00100305, -6.5083, 0.672731
14, 0.000785547, 0.00109323, -7.14913, 1.39168
16, 0.000848828, 0.00134296, -7.07165, 1.58214

3.27778
2, 0.14832, 0.00081502, -1.90839, 0.00549503
4, 0.0307797, 0.000877887, -3.4809, 0.0285216
6, 0.00831133, 0.000888717, -4.79014, 0.106928
8, 0.00327344, 0.000886435, -5.72191, 0.270796
10, 0.00192812, 0.000903395, -6.25121, 0.468536
12, 0.00122813, 0.000906027, -6.70227, 0.737732
14, 0.000165625, 0.000951797, -8.70578, 5.7467
16, -0.000521094, 0.00124198, -7.55958, 2.38341

3.5
2, 0.124314, 0.000789709, -2.08494, 0.00635251
4, 0.0218379, 0.000822468, -3.82411, 0.0376624
6, 0.0040125, 0.000819285, -5.51834, 0.204183
8, 0.000205859, 0.000826763, -8.48832, 4.01615
10, -0.00108633, 0.000826098, -6.82495, 0.760449
12, -0.000622266, 0.00083339, -7.38214, 1.33928
14, -0.00143789, 0.00088693, -6.54458, 0.616827
16, -0.00137344, 0.00118004, -6.59044, 0.85919

