1.5
1, 0.00223713, 0.000143142, -6.10256, 0.0639846
2, 5.74402e-05, 5.03209e-05, -9.07162, 0.876057
3, -0.000126935, 3.54441e-05, -7.87322, 0.27923
4, -0.000153497, 3.45065e-05, -7.39553, 0.224802
5, -0.00016131, 3.3272e-05, -7.12275, 0.206262
6, -0.000169122, 3.39203e-05, -6.89313, 0.200567
7, -0.000172247, 3.46558e-05, -6.72067, 0.201198
8, -0.000147247, 5.2858e-05, -6.74396, 0.358974

1.72222
1, 0.00933348, 0.00039503, -4.67415, 0.042324
2, 0.00155692, 0.000206679, -5.7719, 0.132749
3, -1.18347e-05, 0.000124232, -10.2459, 10.4972
4, -0.000379022, 0.000100996, -6.49162, 0.266465
5, -0.000405585, 9.35366e-05, -6.20074, 0.230622
6, -0.000413397, 9.00875e-05, -5.99934, 0.21792
7, -0.000457147, 9.13516e-05, -5.74459, 0.19983
8, -0.000482147, 0.000125759, -5.55782, 0.260832

1.94444
1, 0.027494, 0.000743274, -3.59379, 0.0270341
2, 0.00603146, 0.000412772, -4.41762, 0.0684364
3, 0.000717401, 0.000261065, -6.14126, 0.363904
4, -0.000756036, 0.000204853, -5.80113, 0.270956
5, -0.00136385, 0.000187264, -4.98801, 0.137306
6, -0.00169354, 0.000185959, -4.58918, 0.109805
7, -0.00189822, 0.000202804, -4.32093, 0.106839
8, -0.00176385, 0.000266049, -4.26082, 0.150834

2.16667
1, 0.108122, 0.00235825, -2.22449, 0.0218109
2, 0.0445287, 0.00162784, -2.41847, 0.036557
3, 0.0183287, 0.00116223, -2.90067, 0.06341
4, 0.00513969, 0.000918782, -3.88447, 0.178762
5, -0.00153375, 0.000881651, -4.8706, 0.574833
6, -0.00487438, 0.00093139, -3.532, 0.191079
7, -0.00654313, 0.0010091, -3.08343, 0.154223
8, -0.00725719, 0.0011019, -2.84632, 0.151836

2.38889
1, 0.314427, 0.00338932, -1.157, 0.0107793
2, 0.162948, 0.002553, -1.12118, 0.0156676
3, 0.0838524, 0.00203788, -1.38009, 0.0243032
4, 0.035568, 0.00184507, -1.95001, 0.0518744
5, 0.00386956, 0.00189341, -3.94518, 0.48931
6, -0.0168101, 0.00212034, -2.29401, 0.126135
7, -0.027807, 0.00240221, -1.63656, 0.0863887
8, -0.0309101, 0.00259905, -1.39723, 0.0840839

2.61111
1, 0.384033, 0.00225012, -0.957026, 0.00585918
2, 0.189613, 0.00202014, -0.969623, 0.010654
3, 0.093413, 0.00190567, -1.27211, 0.0204005
4, 0.0374317, 0.00187288, -1.89894, 0.0500344
5, 0.0028333, 0.00197247, -4.25687, 0.696174
6, -0.0176808, 0.00219153, -2.24352, 0.12395
7, -0.0291511, 0.00249709, -1.58935, 0.0856602
8, -0.0329386, 0.00275308, -1.33367, 0.0835824

2.83333
1, 0.381701, 0.00162688, -0.963117, 0.00426218
2, 0.170809, 0.00166129, -1.07406, 0.00972602
3, 0.072264, 0.00167476, -1.52882, 0.0231756
4, 0.0189936, 0.00169386, -2.57736, 0.0891801
5, -0.0110782, 0.00179039, -2.89334, 0.161613
6, -0.0289189, 0.00198341, -1.7515, 0.0685854
7, -0.0381845, 0.00229118, -1.31942, 0.0600029
8, -0.0398142, 0.00257965, -1.14409, 0.0647923

3.05556
1, 0.355513, 0.00142938, -1.03419, 0.00402062
2, 0.141255, 0.0015574, -1.26404, 0.0110254
3, 0.0514017, 0.00160158, -1.86947, 0.0311581
4, 0.00768763, 0.00162987, -3.48185, 0.212012
5, -0.0143983, 0.00168943, -2.63121, 0.117335
6, -0.0245264, 0.00182523, -1.91624, 0.074419
7, -0.0292733, 0.00207645, -1.58517, 0.0709332
8, -0.0309827, 0.00242999, -1.39489, 0.0784305

3.27778
1, 0.330161, 0.00137386, -1.10817, 0.00416118
2, 0.118708, 0.00153465, -1.43794, 0.0129279
3, 0.0382564, 0.00156698, -2.16483, 0.04096
4, 0.0035814, 0.00157618, -4.24571, 0.440102
5, -0.013467, 0.00159472, -2.69807, 0.118416
6, -0.0219045, 0.00167458, -2.0293, 0.0764491
7, -0.0247592, 0.00192445, -1.75265, 0.0777268
8, -0.0260592, 0.00230988, -1.56794, 0.0886396

3.5
1, 0.306177, 0.00131213, -1.18359, 0.00428551
2, 0.0989491, 0.00146393, -1.62, 0.0147948
3, 0.0257303, 0.00147398, -2.56147, 0.0572857
4, -0.00246498, 0.00148021, -4.61928, 0.600494
5, -0.0143994, 0.0015184, -2.63113, 0.105449
6, -0.0199259, 0.00158741, -2.12397, 0.0796654
7, -0.0233509, 0.00179707, -1.81121, 0.0769594
8, -0.0242697, 0.00218006, -1.63909, 0.0898263

