1.5
1 0.975991 0.00173378 -15.5229 0.00971756 241.206 0.283671 0.655497 1.10429
2 0.986442 0.00024183 -15.574 0.00646151 242.659 0.199461 0.289818 0.755622
3 0.986245 0.000252915 -15.5724 0.00663335 242.615 0.20455 0.305437 0.775271
4 0.986466 0.000247392 -15.5771 0.00654054 242.757 0.201853 0.29695 0.76485
5 0.986433 0.000246451 -15.5769 0.00644435 242.746 0.198885 0.28828 0.753596
6 0.986702 0.000243606 -15.5824 0.0064609 242.921 0.19946 0.289763 0.75579
7 0.986506 0.0002415 -15.5765 0.00646984 242.736 0.199765 0.290565 0.756743
8 0.986538 0.000245871 -15.5822 0.00640469 242.913 0.197751 0.284742 0.749258
9 0.986558 0.000244086 -15.5797 0.00645577 242.834 0.199268 0.289303 0.755059
10 0.986795 0.000244712 -15.5854 0.00652985 243.016 0.20156 0.295981 0.763875


3.5
1 0.124178 0.001823 -5.22382 0.0170964 28.0492 0.182817 0.869535 0.292102
2 0.126834 0.00185964 -5.27171 0.0173293 28.5727 0.185823 0.893396 0.297831
3 0.123254 0.00181037 -5.26914 0.0172193 28.5356 0.185068 0.882082 0.296215
4 0.122059 0.00177877 -5.23955 0.0170837 28.2126 0.181735 0.868252 0.291544
5 0.125542 0.00185136 -5.25559 0.0170275 28.3759 0.181694 0.862544 0.291476
6 0.123764 0.00181674 -5.25533 0.0171803 28.3868 0.183472 0.878096 0.294205
7 0.123516 0.00178317 -5.2623 0.0169843 28.4427 0.181373 0.858175 0.291034
8 0.12342 0.0018398 -5.23287 0.0173707 28.1684 0.185033 0.897665 0.296455
9 0.122173 0.00179949 -5.23465 0.0169238 28.1471 0.180368 0.852068 0.288954
10 0.125926 0.00183056 -5.26131 0.0167596 28.4126 0.179136 0.835621 0.287289


