0.00 0 -16.0626 -16.0626
0.02 0.000672422 -16.0632 -16.0626
0.04 0.00183146 -16.0644 -16.0626
0.06 0.0019978 -16.0646 -16.0626
0.08 0.000959252 -16.0635 -16.0626
0.1 4.14981e-05 -16.0626 -16.0626
0.12 0.00041542 -16.063 -16.0626
0.14 0.00160339 -16.0642 -16.0626
0.16 0.00209006 -16.0647 -16.0626
0.18 0.0012544 -16.0638 -16.0626
0.2 0.000162129 -16.0627 -16.0626
0.22 0.000207929 -16.0628 -16.0626
0.24 0.00133377 -16.0639 -16.0626
0.26 0.00210194 -16.0647 -16.0626
0.28 0.0015322 -16.0641 -16.0626
0.3 0.000352052 -16.0629 -16.0626
0.32 6.7089e-05 -16.0626 -16.0626
0.34 0.00104086 -16.0636 -16.0626
0.36 0.00203106 -16.0646 -16.0626
0.38 0.00177404 -16.0643 -16.0626
0.4 0.000597718 -16.0632 -16.0626
0.42 7.1301e-06 -16.0626 -16.0626
0.44 0.000509456 -16.0631 -16.0626
0.46 0.00123812 -16.0638 -16.0626
0.48 0.00131387 -16.0639 -16.0626
0.5 0.000646257 -16.0632 -16.0626
0.52 4.19374e-05 -16.0626 -16.0626
0.54 0.000229815 -16.0628 -16.0626
0.56 0.000980987 -16.0635 -16.0626
0.58 0.00138825 -16.0639 -16.0626
0.6 0.000962375 -16.0635 -16.0626
0.62 0.000224192 -16.0628 -16.0626
0.64 0.000292421 -16.0629 -16.0626
0.66 0.00134024 -16.0639 -16.0626
0.68 0.00204246 -16.0646 -16.0626
0.7 0.00148471 -16.064 -16.0626
0.72 0.000355624 -16.0629 -16.0626
0.74 0.000119533 -16.0627 -16.0626
0.76 0.00109801 -16.0637 -16.0626
0.78 0.00201486 -16.0646 -16.0626
0.8 0.0016846 -16.0642 -16.0626
0.82 0.00055893 -16.0631 -16.0626
0.84 0.000345568 -16.0629 -16.0626
0.86 0.00102663 -16.0636 -16.0626
0.88 0.00170248 -16.0643 -16.0626
0.9 0.00153456 -16.0641 -16.0626
0.92 0.000750296 -16.0633 -16.0626
0.94 0.000360361 -16.0629 -16.0626
0.96 0.000861308 -16.0634 -16.0626
0.98 0.00161302 -16.0642 -16.0626
1 0.00165282 -16.0642 -16.0626
1.02 0.000951565 -16.0635 -16.0626
1.04 0.000763462 -16.0633 -16.0626
1.06 0.00105071 -16.0636 -16.0626
1.08 0.00159021 -16.0642 -16.0626
1.1 0.00142896 -16.064 -16.0626
1.12 0.000764864 -16.0633 -16.0626
1.14 0.000484542 -16.063 -16.0626
1.16 0.000962904 -16.0635 -16.0626
1.18 0.00155448 -16.0641 -16.0626
1.2 0.00148027 -16.064 -16.0626
1.22 0.000917158 -16.0635 -16.0626
1.24 0.000663172 -16.0632 -16.0626
1.26 0.00118565 -16.0637 -16.0626
1.28 0.00184858 -16.0644 -16.0626
1.3 0.0014913 -16.0641 -16.0626
1.32 0.000580394 -16.0631 -16.0626
1.34 0.00027551 -16.0628 -16.0626
1.36 0.000966081 -16.0635 -16.0626
1.38 0.00177426 -16.0643 -16.0626
1.4 0.00165716 -16.0642 -16.0626
1.42 0.000756603 -16.0633 -16.0626
1.44 0.000238899 -16.0628 -16.0626
1.46 0.000802063 -16.0634 -16.0626
1.48 0.00134544 -16.0639 -16.0626
1.5 0.00110028 -16.0637 -16.0626
1.52 0.000375623 -16.0629 -16.0626
1.54 4.80871e-05 -16.0626 -16.0626
1.56 0.000499133 -16.0631 -16.0626
1.58 0.00117991 -16.0637 -16.0626
1.6 0.00128065 -16.0638 -16.0626
1.62 0.00073455 -16.0633 -16.0626
1.64 0.000658761 -16.0632 -16.0626
1.66 0.00160838 -16.0642 -16.0626
1.68 0.0018537 -16.0644 -16.0626
1.7 0.00106217 -16.0636 -16.0626
1.72 0.000251328 -16.0628 -16.0626
1.74 0.00047106 -16.063 -16.0626
1.76 0.0014396 -16.064 -16.0626
1.78 0.00191606 -16.0645 -16.0626
1.8 0.00129508 -16.0639 -16.0626
1.82 0.00102797 -16.0636 -16.0626
1.84 0.00125983 -16.0638 -16.0626
1.86 0.000950584 -16.0635 -16.0626
1.88 0.00033897 -16.0629 -16.0626
1.9 0.000193524 -16.0628 -16.0626
1.92 0.000676351 -16.0632 -16.0626
1.94 0.0011737 -16.0637 -16.0626
1.96 0.00132455 -16.0639 -16.0626
1.98 0.00119257 -16.0638 -16.0626
2 0.00177644 -16.0643 -16.0626
2.02 0.00186804 -16.0644 -16.0626
2.04 0.000966958 -16.0635 -16.0626
2.06 0.000195645 -16.0628 -16.0626
2.08 0.000490285 -16.063 -16.0626
2.1 0.00146868 -16.064 -16.0626
2.12 0.00191987 -16.0645 -16.0626
2.14 0.00130245 -16.0639 -16.0626
2.16 0.00134855 -16.0639 -16.0626
2.18 0.00115386 -16.0637 -16.0626
2.2 0.000523907 -16.0631 -16.0626
2.22 0.000201354 -16.0628 -16.0626
2.24 0.000475252 -16.063 -16.0626
2.26 0.00101419 -16.0636 -16.0626
2.28 0.00117751 -16.0637 -16.0626
2.3 0.00151184 -16.0641 -16.0626
2.32 0.00167722 -16.0642 -16.0626
2.34 0.00109694 -16.0637 -16.0626
2.36 0.000448554 -16.063 -16.0626
2.38 0.00052045 -16.0631 -16.0626
2.4 0.00124435 -16.0638 -16.0626
2.42 0.00175621 -16.0643 -16.0626
2.44 0.00143521 -16.064 -16.0626
2.46 0.000652444 -16.0632 -16.0626
2.48 0.00115106 -16.0637 -16.0626
2.5 0.00121037 -16.0638 -16.0626
2.52 0.00124337 -16.0638 -16.0626
2.54 0.000778596 -16.0633 -16.0626
2.56 0.000972077 -16.0635 -16.0626
2.58 0.00168955 -16.0642 -16.0626
2.6 0.00165693 -16.0642 -16.0626
2.62 0.000944327 -16.0635 -16.0626
2.64 0.000396005 -16.0629 -16.0626
2.66 0.00072574 -16.0633 -16.0626
2.68 0.00146888 -16.064 -16.0626
2.7 0.0020774 -16.0646 -16.0626
2.72 0.00263686 -16.0652 -16.0626
2.74 0.00420331 -16.0668 -16.0626
2.76 0.00601479 -16.0686 -16.0626
2.78 0.00909093 -16.0716 -16.0626
2.8 0.0148533 -16.0774 -16.0626
2.82 0.0243351 -16.0869 -16.0626
2.84 0.038383 -16.1009 -16.0626
2.86 0.0589087 -16.1215 -16.0626
2.88 0.090743 -16.1533 -16.0626
2.9 0.139223 -16.2018 -16.0626
2.92 0.213459 -16.276 -16.0626
2.94 0.32774 -16.3903 -16.0626
2.96 0.502952 -16.5655 -16.0626
2.98 0.76988 -16.8324 -16.0626
3 1.17454 -17.2371 -16.0626
3.02 1.78535 -17.8479 -16.0626
3.04 2.69888 -18.7614 -16.0626
3.06 4.04609 -20.1086 -16.0626
3.08 5.98615 -22.0487 -16.0626
3.1 8.66956 -24.7321 -16.0626
3.12 12.119 -28.1815 -16.0626
3.14 15.8953 -31.9578 -16.0626
3.16 18.2945 -34.3571 -16.0626
3.18 15.2979 -31.3605 -16.0626
3.2 4.9629 -21.0254 -16.0625
3.22 1.78155 -17.8441 -16.0625
3.24 11.6621 -27.7246 -16.0626
3.26 17.862 -33.9246 -16.0626
3.28 17.4913 -33.5539 -16.0625
3.3 14.6064 -30.669 -16.0625
3.32 11.79 -27.8525 -16.0625
3.34 10.0232 -26.0857 -16.0625
3.36 9.38994 -25.4524 -16.0625
3.38 9.9089 -25.9714 -16.0625
3.4 11.6922 -27.7547 -16.0625
3.42 14.4111 -30.4736 -16.0625
3.44 17.1259 -33.1884 -16.0625
3.46 17.7557 -33.8182 -16.0625
3.48 12.9575 -29.0201 -16.0625
3.5 5.24738 -21.3099 -16.0625
3.52 7.31151 -23.374 -16.0625
3.54 15.3766 -31.4391 -16.0625
3.56 18.6974 -34.7599 -16.0625
3.58 18.2237 -34.2862 -16.0625
3.6 17.0752 -33.1378 -16.0625
3.62 16.6698 -32.7323 -16.0625
3.64 17.3508 -33.4132 -16.0625
3.66 18.452 -34.5144 -16.0625
3.68 17.9077 -33.9702 -16.0625
3.7 12.8573 -28.9198 -16.0625
3.72 6.68904 -22.7515 -16.0625
3.74 8.86053 -24.923 -16.0625
3.76 14.9922 -31.0547 -16.0625
3.78 17.4478 -33.5103 -16.0625
3.8 16.6508 -32.7133 -16.0625
3.82 14.7627 -30.8252 -16.0625
3.84 13.2753 -29.3378 -16.0625
3.86 12.9743 -29.0368 -16.0625
3.88 13.9825 -30.045 -16.0625
3.9 15.9462 -32.0086 -16.0625
3.92 18.0164 -34.0789 -16.0625
3.94 17.2415 -33.304 -16.0625
3.96 9.71361 -25.7761 -16.0625
3.98 1.58897 -17.6514 -16.0625
4 7.30714 -23.3696 -16.0625
4.02 15.7258 -31.7884 -16.0625
4.04 17.4026 -33.465 -16.0625
4.06 15.1744 -31.2369 -16.0625
4.08 11.8355 -27.898 -16.0625
4.1 8.33899 -24.4015 -16.0625
4.12 5.43411 -21.4966 -16.0625
4.14 3.97279 -20.0353 -16.0625
4.16 3.55636 -19.6189 -16.0625
4.18 3.05964 -19.1221 -16.0625
4.2 2.58166 -18.6442 -16.0625
4.22 2.72221 -18.7847 -16.0625
4.24 3.16288 -19.2254 -16.0625
4.26 3.76822 -19.8307 -16.0625
4.28 5.17813 -21.2407 -16.0625
4.3 7.32606 -23.3886 -16.0625
4.32 9.06769 -25.1302 -16.0625
4.34 10.2551 -26.3176 -16.0625
4.36 11.3958 -27.4584 -16.0625
4.38 11.6139 -27.6764 -16.0625
4.4 10.6211 -26.6836 -16.0625
4.42 10.6959 -26.7584 -16.0625
4.44 12.4186 -28.4811 -16.0625
4.46 12.9213 -28.9838 -16.0625
4.48 11.6745 -27.737 -16.0625
4.5 11.2329 -27.2954 -16.0625
4.52 11.8204 -27.8829 -16.0626
4.54 11.2905 -27.3531 -16.0626
4.56 9.68892 -25.7515 -16.0625
4.58 8.91886 -24.9814 -16.0625
4.6 9.32508 -25.3876 -16.0625
4.62 9.26272 -25.3253 -16.0625
4.64 8.99761 -25.0601 -16.0625
4.66 9.57647 -25.639 -16.0625
4.68 9.46113 -25.5236 -16.0625
4.7 8.42276 -24.4852 -16.0625
4.72 8.48278 -24.5453 -16.0625
4.74 10.0233 -26.0858 -16.0625
4.76 11.6021 -27.6646 -16.0625
4.78 12.3217 -28.3842 -16.0625
4.8 12.7119 -28.7744 -16.0625
4.82 12.4498 -28.5123 -16.0625
4.84 10.674 -26.7364 -16.0625
4.86 9.34085 -25.4033 -16.0625
4.88 10.2755 -26.338 -16.0625
4.9 10.3599 -26.4224 -16.0625
4.92 9.54753 -25.61 -16.0625
4.94 10.107 -26.1695 -16.0625
4.96 10.1919 -26.2544 -16.0625
4.98 9.82529 -25.8878 -16.0625
5 10.3297 -26.3922 -16.0625
5.02 11.0786 -27.1411 -16.0625
5.04 11.7299 -27.7924 -16.0625
5.06 12.3931 -28.4555 -16.0625
5.08 13.2241 -29.2866 -16.0625
5.1 14.211 -30.2735 -16.0625
5.12 14.2425 -30.305 -16.0625
5.14 14.0316 -30.0941 -16.0624
5.16 14.0117 -30.0742 -16.0625
5.18 11.4442 -27.5066 -16.0625
5.2 9.89155 -25.954 -16.0625
5.22 10.4186 -26.481 -16.0625
5.24 11.829 -27.8915 -16.0625
5.26 12.9997 -29.0622 -16.0625
5.28 12.587 -28.6495 -16.0625
5.3 11.5615 -27.624 -16.0625
5.32 11.0011 -27.0636 -16.0625
5.34 11.6979 -27.7604 -16.0625
5.36 13.5842 -29.6467 -16.0625
5.38 14.8718 -30.9343 -16.0625
5.4 15.2218 -31.2844 -16.0626
5.42 14.1239 -30.1864 -16.0625
5.44 12.4745 -28.537 -16.0625
5.46 10.0235 -26.086 -16.0625
5.48 7.86382 -23.9263 -16.0625
5.5 10.6173 -26.6798 -16.0625
5.52 10.7677 -26.8302 -16.0625
5.54 10.136 -26.1985 -16.0625
5.56 9.93315 -25.9956 -16.0625
5.58 7.14086 -23.2033 -16.0624
5.6 6.10725 -22.1697 -16.0624
5.62 8.0756 -24.138 -16.0624
5.64 9.40219 -25.4646 -16.0624
5.66 8.41744 -24.4798 -16.0624
5.68 7.8297 -23.892 -16.0624
5.7 9.8453 -25.9077 -16.0624
5.72 9.86847 -25.9309 -16.0624
5.74 8.88209 -24.9445 -16.0624
5.76 9.32991 -25.3923 -16.0624
5.78 8.82291 -24.8853 -16.0624
5.8 6.64438 -22.7068 -16.0624
5.82 7.83021 -23.8926 -16.0624
5.84 10.0185 -26.0808 -16.0624
5.86 10.4845 -26.5468 -16.0623
5.88 9.64465 -25.707 -16.0623
5.9 8.52406 -24.5864 -16.0623
5.92 9.36881 -25.4311 -16.0623
5.94 11.3324 -27.3947 -16.0623
5.96 12.4502 -28.5125 -16.0623
5.98 11.79 -27.8522 -16.0623
6 11.8635 -27.9258 -16.0623
6.02 14.0168 -30.0791 -16.0623
6.04 15.482 -31.5443 -16.0623
6.06 14.8688 -30.9311 -16.0623
6.08 14.4708 -30.5331 -16.0623
6.1 14.65 -30.7123 -16.0623
6.12 11.8204 -27.8827 -16.0623
6.14 9.58698 -25.6493 -16.0623
6.16 10.6322 -26.6946 -16.0623
6.18 10.6932 -26.7555 -16.0623
6.2 10.1436 -26.2059 -16.0623
6.22 10.7257 -26.7879 -16.0623
6.24 12.8541 -28.9164 -16.0623
6.26 13.1882 -29.2504 -16.0622
6.28 11.3725 -27.4347 -16.0621
6.3 11.0297 -27.0919 -16.0622
6.32 9.95752 -26.0197 -16.0622
6.34 7.29887 -23.361 -16.0622
6.36 8.35676 -24.4189 -16.0622
6.38 9.57146 -25.6336 -16.0622
6.4 9.84399 -25.9061 -16.0622
6.42 12.3494 -28.4115 -16.0621
6.44 14.9581 -31.0202 -16.0622
6.46 15.6818 -31.744 -16.0622
6.48 15.9333 -31.9955 -16.0622
6.5 13.0228 -29.0851 -16.0623
6.52 11.2798 -27.3421 -16.0623
6.54 14.0513 -30.1136 -16.0623
6.56 13.7813 -29.8436 -16.0623
6.58 9.27435 -25.3366 -16.0622
6.6 10.8608 -26.923 -16.0622
6.62 11.1897 -27.252 -16.0622
6.64 6.84338 -22.9056 -16.0622
6.66 7.7784 -23.8406 -16.0622
6.68 10.7701 -26.8324 -16.0623
6.7 10.3079 -26.3702 -16.0623
6.72 10.5516 -26.6138 -16.0623
6.74 11.8627 -27.925 -16.0623
6.76 11.7446 -27.8069 -16.0622
6.78 9.49136 -25.5537 -16.0623
6.8 7.61519 -23.6775 -16.0623
6.82 9.42522 -25.4876 -16.0623
6.84 13.0122 -29.0746 -16.0624
6.86 14.4132 -30.4755 -16.0624
6.88 14.5668 -30.6292 -16.0624
6.9 13.5334 -29.5958 -16.0624
6.92 9.47218 -25.5346 -16.0624
6.94 7.39168 -23.454 -16.0623
6.96 10.882 -26.9444 -16.0624
6.98 12.3819 -28.4443 -16.0624
7 12.3155 -28.3778 -16.0624
7.02 13.9507 -30.0131 -16.0624
7.04 14.8785 -30.9408 -16.0623
7.06 14.5057 -30.568 -16.0623
7.08 12.6962 -28.7586 -16.0624
7.1 10.3391 -26.4015 -16.0624
7.12 10.8849 -26.9473 -16.0624
7.14 12.7054 -28.7677 -16.0623
7.16 11.0042 -27.0665 -16.0623
7.18 8.20783 -24.2701 -16.0623
7.2 10.8312 -26.8936 -16.0624
7.22 13.0378 -29.1002 -16.0624
7.24 12.9771 -29.0395 -16.0623
7.26 12.4653 -28.5276 -16.0623
7.28 11.4877 -27.55 -16.0623
7.3 13.7845 -29.8468 -16.0623
7.32 13.8938 -29.9561 -16.0623
7.34 10.1894 -26.2517 -16.0623
7.36 8.5672 -24.6295 -16.0623
7.38 9.82619 -25.8885 -16.0623
7.4 11.3564 -27.4188 -16.0623
7.42 11.6536 -27.7159 -16.0623
7.44 12.5891 -28.6514 -16.0624
7.46 14.0436 -30.1059 -16.0624
7.48 13.9952 -30.0575 -16.0623
7.5 12.9274 -28.9896 -16.0623
7.52 11.1587 -27.2211 -16.0623
7.54 9.68698 -25.7493 -16.0623
7.56 10.8327 -26.895 -16.0623
7.58 13.1343 -29.1966 -16.0623
7.6 13.2656 -29.3279 -16.0623
7.62 10.9226 -26.9848 -16.0622
7.64 9.90059 -25.9628 -16.0622
7.66 11.9772 -28.0395 -16.0623
7.68 14.0904 -30.1527 -16.0623
7.7 13.0787 -29.141 -16.0623
7.72 11.0274 -27.0897 -16.0623
7.74 11.023 -27.0853 -16.0623
7.76 10.557 -26.6193 -16.0623
7.78 11.0221 -27.0843 -16.0623
7.8 12.5744 -28.6366 -16.0623
7.82 12.2912 -28.3535 -16.0623
7.84 10.8674 -26.9297 -16.0623
7.86 9.1259 -25.1882 -16.0623
7.88 8.02881 -24.0911 -16.0623
7.9 8.69796 -24.7602 -16.0623
7.92 11.1497 -27.2119 -16.0622
7.94 12.1326 -28.1948 -16.0622
7.96 11.6627 -27.7249 -16.0622
7.98 11.2058 -27.268 -16.0622
8 12.3531 -28.4153 -16.0622
8.02 13.6348 -29.6971 -16.0623
8.04 12.3205 -28.3827 -16.0623
8.06 9.83194 -25.8942 -16.0623
8.08 12.0091 -28.0714 -16.0623
8.1 12.821 -28.8832 -16.0623
8.12 13.2747 -29.337 -16.0623
8.14 15.0218 -31.0841 -16.0624
8.16 13.5827 -29.6451 -16.0624
8.18 12.9312 -28.9936 -16.0624
8.2 13.3013 -29.3637 -16.0624
8.22 11.5013 -27.5637 -16.0625
8.24 8.95873 -25.0212 -16.0625
8.26 7.68266 -23.7451 -16.0624
8.28 7.6904 -23.7528 -16.0624
8.3 9.96835 -26.0308 -16.0624
8.32 11.9657 -28.0282 -16.0624
8.34 12.1979 -28.2602 -16.0624
8.36 13.1205 -29.1828 -16.0624
8.38 12.018 -28.0804 -16.0624
8.4 7.98417 -24.0466 -16.0624
8.42 10.9289 -26.9913 -16.0624
8.44 15.0722 -31.1346 -16.0624
8.46 10.0522 -26.1146 -16.0624
8.48 8.67306 -24.7355 -16.0624
8.5 14.5297 -30.5921 -16.0624
8.52 13.7041 -29.7665 -16.0623
8.54 9.89404 -25.9563 -16.0623
8.56 11.6395 -27.7018 -16.0623
8.58 11.7822 -27.8445 -16.0623
8.6 9.78475 -25.847 -16.0623
8.62 9.38887 -25.4512 -16.0623
8.64 10.8553 -26.9176 -16.0623
8.66 14.0927 -30.155 -16.0623
8.68 14.5433 -30.6056 -16.0623
8.7 10.1213 -26.1836 -16.0623
8.72 10.0559 -26.1182 -16.0623
8.74 10.2641 -26.3264 -16.0623
8.76 9.16506 -25.2274 -16.0623
8.78 13.3564 -29.4188 -16.0624
8.8 12.994 -29.0563 -16.0624
8.82 9.99125 -26.0536 -16.0623
8.84 12.3868 -28.4492 -16.0623
8.86 12.1538 -28.2161 -16.0623
8.88 11.4294 -27.4917 -16.0623
8.9 10.787 -26.8493 -16.0623
8.92 10.8424 -26.9046 -16.0623
8.94 12.6248 -28.6871 -16.0623
8.96 11.6646 -27.7269 -16.0623
8.98 9.65531 -25.7176 -16.0623
9 8.68383 -24.746 -16.0622
9.02 11.0857 -27.1478 -16.0622
9.04 11.5994 -27.6616 -16.0622
9.06 11.6745 -27.7367 -16.0622
9.08 13.2234 -29.2855 -16.0621
9.1 11.941 -28.0031 -16.0621
9.12 12.2603 -28.3225 -16.0621
9.14 12.484 -28.5462 -16.0622
9.16 10.7121 -26.7742 -16.0621
9.18 10.7446 -26.8067 -16.0621
9.2 10.7323 -26.7944 -16.0622
9.22 11.2372 -27.2994 -16.0622
9.24 12.5608 -28.623 -16.0622
9.26 12.5949 -28.6571 -16.0622
9.28 11.0478 -27.11 -16.0622
9.3 9.91695 -25.9791 -16.0622
9.32 10.1029 -26.165 -16.0622
9.34 9.65959 -25.7217 -16.0622
9.36 9.99689 -26.059 -16.0621
9.38 11.9571 -28.0193 -16.0622
9.4 10.7229 -26.7851 -16.0621
9.42 7.51248 -23.5746 -16.0621
9.44 9.40725 -25.4693 -16.0621
9.46 10.8996 -26.9617 -16.0621
9.48 10.482 -26.544 -16.0621
9.5 11.9339 -27.996 -16.0621
9.52 13.4502 -29.5123 -16.0622
9.54 14.262 -30.3242 -16.0622
9.56 14.2484 -30.3106 -16.0622
9.58 13.4536 -29.5158 -16.0622
9.6 13.1588 -29.2211 -16.0622
9.62 11.2167 -27.279 -16.0623
9.64 10.2825 -26.3448 -16.0623
9.66 12.6995 -28.7618 -16.0623
9.68 12.23 -28.2923 -16.0623
9.7 9.91854 -25.9808 -16.0623
9.72 10.5366 -26.5989 -16.0623
9.74 11.9933 -28.0556 -16.0623
9.76 12.4504 -28.5126 -16.0622
9.78 12.1209 -28.1831 -16.0623
9.8 10.9644 -27.0267 -16.0623
9.82 10.7396 -26.8018 -16.0623
9.84 11.3245 -27.3868 -16.0623
9.86 11.1077 -27.17 -16.0623
9.88 11.1983 -27.2606 -16.0623
9.9 11.4498 -27.5122 -16.0623
9.92 10.5839 -26.6463 -16.0624
9.94 12.971 -29.0334 -16.0624
9.96 14.1787 -30.2411 -16.0624
9.98 10.7324 -26.7947 -16.0623
10 9.64442 -25.7067 -16.0623
10.02 10.3944 -26.4567 -16.0623
10.04 9.7415 -25.8038 -16.0623
10.06 10.3902 -26.4525 -16.0623
10.08 12.0085 -28.0709 -16.0623
10.1 13.18 -29.2424 -16.0624
10.12 11.0331 -27.0955 -16.0624
10.14 7.66679 -23.7292 -16.0624
10.16 7.72411 -23.7865 -16.0624
10.18 10.5873 -26.6497 -16.0624
10.2 12.2993 -28.3617 -16.0624
10.22 13.0695 -29.1319 -16.0623
10.24 13.3607 -29.423 -16.0623
10.26 11.5769 -27.6392 -16.0623
10.28 11.7819 -27.8442 -16.0624
10.3 9.1634 -25.2258 -16.0624
10.32 8.6009 -24.6632 -16.0623
10.34 12.6545 -28.7169 -16.0624
10.36 15.0361 -31.0985 -16.0623
10.38 13.0034 -29.0657 -16.0624
10.4 8.78004 -24.8424 -16.0624
10.42 7.99876 -24.0611 -16.0624
10.44 11.3359 -27.3983 -16.0624
10.46 13.0789 -29.1412 -16.0624
10.48 13.3402 -29.4025 -16.0623
10.5 14.2515 -30.3138 -16.0623
10.52 13.4795 -29.5418 -16.0623
10.54 11.8091 -27.8714 -16.0623
10.56 11.3847 -27.447 -16.0623
10.58 12.2568 -28.3191 -16.0623
10.6 10.497 -26.5593 -16.0623
10.62 10.3853 -26.4475 -16.0623
10.64 11.0424 -27.1047 -16.0623
10.66 10.4293 -26.4916 -16.0623
10.68 11.7015 -27.7638 -16.0623
10.7 13.8219 -29.8841 -16.0623
10.72 13.0807 -29.143 -16.0623
10.74 11.809 -27.8713 -16.0623
10.76 10.4487 -26.511 -16.0623
10.78 11.1272 -27.1895 -16.0623
10.8 11.2774 -27.3396 -16.0623
10.82 9.79665 -25.8589 -16.0623
10.84 9.34647 -25.4087 -16.0623
10.86 9.87971 -25.942 -16.0623
10.88 10.249 -26.3112 -16.0623
10.9 11.3879 -27.4501 -16.0623
10.92 11.2498 -27.312 -16.0622
10.94 10.6877 -26.75 -16.0622
10.96 10.6303 -26.6925 -16.0622
10.98 12.3929 -28.4552 -16.0623
11 11.2379 -27.3002 -16.0623
11.02 9.09667 -25.1589 -16.0623
11.04 10.598 -26.6604 -16.0624
11.06 10.5396 -26.6019 -16.0624
11.08 9.62644 -25.6888 -16.0624
11.1 10.6325 -26.6949 -16.0624
11.12 11.3323 -27.3946 -16.0624
11.14 10.4316 -26.494 -16.0624
11.16 11.7334 -27.7958 -16.0624
11.18 12.3897 -28.4521 -16.0624
11.2 11.0159 -27.0782 -16.0624
11.22 11.9082 -27.9706 -16.0624
11.24 11.4039 -27.4664 -16.0624
11.26 10.4473 -26.5097 -16.0624
11.28 11.328 -27.3904 -16.0624
11.3 11.8494 -27.9119 -16.0625
11.32 12.0403 -28.1028 -16.0625
11.34 11.6933 -27.7558 -16.0625
11.36 10.8962 -26.9587 -16.0625
11.38 10.5985 -26.661 -16.0625
11.4 11.8105 -27.873 -16.0625
11.42 12.6228 -28.6852 -16.0625
11.44 12.0306 -28.0931 -16.0625
11.46 11.1771 -27.2396 -16.0625
11.48 9.99625 -26.0587 -16.0625
11.5 11.3653 -27.4277 -16.0625
11.52 15.1952 -31.2577 -16.0625
11.54 15.1277 -31.1902 -16.0626
11.56 12.7406 -28.8031 -16.0625
11.58 10.6463 -26.709 -16.0626
11.6 8.52771 -24.5903 -16.0626
11.62 8.96543 -25.028 -16.0626
11.64 9.46618 -25.5287 -16.0625
11.66 8.64247 -24.705 -16.0625
11.68 8.77695 -24.8394 -16.0625
11.7 10.4036 -26.4661 -16.0625
11.72 12.2685 -28.3309 -16.0624
11.74 14.1883 -30.2508 -16.0624
11.76 13.7548 -29.8172 -16.0624
11.78 10.795 -26.8575 -16.0624
11.8 11.6905 -27.753 -16.0624
11.82 14.2973 -30.3597 -16.0624
11.84 14.754 -30.8164 -16.0624
11.86 12.0128 -28.0752 -16.0624
11.88 6.73005 -22.7924 -16.0624
11.9 4.70095 -20.7633 -16.0624
11.92 7.01147 -23.0739 -16.0624
11.94 10.0436 -26.106 -16.0624
11.96 10.8836 -26.946 -16.0624
11.98 11.5302 -27.5926 -16.0623
12 12.6702 -28.7325 -16.0623
12.02 12.324 -28.3864 -16.0623
12.04 10.8036 -26.8659 -16.0623
12.06 10.0107 -26.0729 -16.0623
12.08 11.5949 -27.6572 -16.0623
12.1 12.9408 -29.003 -16.0622
12.12 11.6113 -27.6736 -16.0623
12.14 10.3962 -26.4584 -16.0623
12.16 11.8752 -27.9375 -16.0623
12.18 13.7473 -29.8096 -16.0623
12.2 13.2398 -29.302 -16.0622
12.22 12.3155 -28.3778 -16.0622
12.24 12.0321 -28.0944 -16.0622
12.26 10.3083 -26.3705 -16.0623
12.28 9.3516 -25.4139 -16.0623
12.3 10.2407 -26.303 -16.0623
12.32 10.8456 -26.9078 -16.0623
12.34 12.5085 -28.5708 -16.0623
12.36 14.7708 -30.8331 -16.0623
12.38 14.1571 -30.2195 -16.0623
12.4 11.3278 -27.3902 -16.0623
12.42 10.7666 -26.8289 -16.0623
12.44 12.7856 -28.8479 -16.0623
12.46 13.7832 -29.8455 -16.0623
12.48 12.7173 -28.7796 -16.0623
12.5 11.8212 -27.8835 -16.0623
12.52 10.7325 -26.7948 -16.0623
12.54 8.29546 -24.3578 -16.0623
12.56 8.5029 -24.5652 -16.0623
12.58 11.6844 -27.7467 -16.0623
12.6 12.5689 -28.6312 -16.0623
12.62 11.2881 -27.3504 -16.0623
12.64 12.2625 -28.3247 -16.0623
12.66 12.9377 -29 -16.0623
12.68 10.8523 -26.9146 -16.0623
12.7 10.7257 -26.7879 -16.0623
12.72 12.2591 -28.3214 -16.0623
12.74 10.8304 -26.8927 -16.0623
12.76 8.15216 -24.2144 -16.0623
12.78 7.42425 -23.4865 -16.0623
12.8 8.23857 -24.3008 -16.0622
12.82 10.8143 -26.8765 -16.0622
12.84 11.9673 -28.0296 -16.0622
12.86 10.9241 -26.9863 -16.0622
12.88 9.58139 -25.6436 -16.0622
12.9 10.4107 -26.4728 -16.0622
12.92 13.6437 -29.706 -16.0622
12.94 15.5523 -31.6146 -16.0622
12.96 12.9486 -29.0109 -16.0623
12.98 10.0238 -26.0861 -16.0623
13 11.5655 -27.6278 -16.0623
13.02 13.3524 -29.4147 -16.0624
13.04 12.2961 -28.3584 -16.0624
13.06 11.7291 -27.7915 -16.0624
13.08 12.1174 -28.1798 -16.0624
13.1 9.89255 -25.9549 -16.0624
13.12 9.21299 -25.2754 -16.0624
13.14 13.3591 -29.4214 -16.0624
13.16 15.8075 -31.8699 -16.0624
13.18 12.8285 -28.8908 -16.0623
13.2 11.3124 -27.3747 -16.0623
13.22 11.2607 -27.323 -16.0624
13.24 11.6706 -27.733 -16.0624
13.26 10.7854 -26.8478 -16.0623
13.28 8.05617 -24.1185 -16.0623
13.3 8.7902 -24.8525 -16.0623
13.32 10.9122 -26.9745 -16.0623
13.34 12.5101 -28.5725 -16.0624
13.36 11.4186 -27.4809 -16.0624
13.38 9.12501 -25.1874 -16.0623
13.4 11.5507 -27.6131 -16.0624
13.42 14.6458 -30.7082 -16.0624
13.44 10.8406 -26.903 -16.0624
13.46 9.49761 -25.5601 -16.0624
13.48 12.7272 -28.7896 -16.0625
13.5 12.7744 -28.8368 -16.0624
13.52 11.0232 -27.0857 -16.0624
13.54 10.8467 -26.9092 -16.0625
13.56 12.2193 -28.2817 -16.0625
13.58 11.2736 -27.3361 -16.0625
13.6 8.82822 -24.8907 -16.0625
13.62 10.7423 -26.8048 -16.0625
13.64 13.9197 -29.9823 -16.0625
13.66 13.4864 -29.5489 -16.0625
13.68 10.687 -26.7495 -16.0625
13.7 10.1174 -26.1798 -16.0625
13.72 11.481 -27.5435 -16.0625
13.74 11.901 -27.9635 -16.0625
13.76 12.9058 -28.9684 -16.0625
13.78 11.9213 -27.9839 -16.0625
13.8 10.5639 -26.6265 -16.0626
13.82 11.6562 -27.7188 -16.0625
13.84 11.9589 -28.0214 -16.0625
13.86 10.7787 -26.8412 -16.0625
13.88 7.82982 -23.8924 -16.0625
13.9 8.46114 -24.5237 -16.0626
13.92 12.3648 -28.4274 -16.0626
13.94 13.6867 -29.7493 -16.0626
13.96 14.1691 -30.2317 -16.0626
13.98 12.6096 -28.6722 -16.0626
14 9.95614 -26.0187 -16.0626
14.02 11.713 -27.7756 -16.0626
14.04 12.8407 -28.9034 -16.0626
14.06 9.64123 -25.7038 -16.0626
14.08 8.41833 -24.4809 -16.0626
14.1 10.4998 -26.5623 -16.0626
14.12 11.7672 -27.8298 -16.0626
14.14 11.2693 -27.3318 -16.0625
14.16 9.421 -25.4835 -16.0625
14.18 9.56999 -25.6325 -16.0625
14.2 13.3756 -29.4381 -16.0625
14.22 15.4324 -31.4949 -16.0625
14.24 13.6568 -29.7192 -16.0624
14.26 12.5307 -28.5931 -16.0624
14.28 12.1477 -28.2102 -16.0624
14.3 11.4128 -27.4751 -16.0624
14.32 10.8685 -26.9309 -16.0624
14.34 8.21249 -24.2749 -16.0624
14.36 9.52749 -25.5899 -16.0624
14.38 11.9912 -28.0536 -16.0624
14.4 11.5796 -27.642 -16.0624
14.42 13.3683 -29.4306 -16.0624
14.44 14.0603 -30.1227 -16.0623
14.46 11.4232 -27.4855 -16.0624
14.48 10.4586 -26.521 -16.0623
14.5 11.9894 -28.0517 -16.0623
14.52 11.078 -27.1403 -16.0623
14.54 10.2588 -26.3211 -16.0623
14.56 11.593 -27.6553 -16.0623
14.58 11.5247 -27.587 -16.0623
14.6 10.0776 -26.1398 -16.0622
14.62 11.2944 -27.3567 -16.0623
14.64 13.2019 -29.2643 -16.0623
14.66 12.9808 -29.0432 -16.0623
14.68 13.1526 -29.215 -16.0624
14.7 12.1024 -28.1647 -16.0623
14.72 12.8252 -28.8876 -16.0623
14.74 12.2491 -28.3113 -16.0623
14.76 10.0343 -26.0966 -16.0623
14.78 11.4488 -27.5111 -16.0623
14.8 11.2223 -27.2846 -16.0623
14.82 8.77438 -24.8367 -16.0623
14.84 8.95908 -25.0214 -16.0623
14.86 11.6472 -27.7095 -16.0623
14.88 10.2915 -26.3538 -16.0623
14.9 10.0337 -26.096 -16.0623
14.92 13.7679 -29.8302 -16.0623
14.94 12.6743 -28.7365 -16.0622
14.96 11.4759 -27.5381 -16.0623
14.98 13.2915 -29.3538 -16.0623
15 12.9662 -29.0285 -16.0623
15.02 11.1226 -27.1848 -16.0623
15.04 9.90373 -25.966 -16.0623
15.06 11.8908 -27.953 -16.0623
15.08 11.5344 -27.5966 -16.0622
15.1 12.2484 -28.3106 -16.0622
15.12 14.1185 -30.1807 -16.0622
15.14 12.9437 -29.0059 -16.0622
15.16 12.2643 -28.3265 -16.0622
15.18 10.2553 -26.3175 -16.0622
15.2 9.88301 -25.9452 -16.0622
15.22 11.4913 -27.5535 -16.0622
15.24 11.3614 -27.4236 -16.0622
15.26 11.04 -27.1022 -16.0622
15.28 13.3289 -29.3911 -16.0622
15.3 13.5999 -29.6621 -16.0622
15.32 12.6049 -28.6671 -16.0622
15.34 8.53004 -24.5922 -16.0622
15.36 6.61999 -22.6821 -16.0622
15.38 13.3232 -29.3854 -16.0622
15.4 15.3201 -31.3822 -16.0622
15.42 15.1334 -31.1956 -16.0622
15.44 13.5565 -29.6187 -16.0622
15.46 10.5373 -26.5995 -16.0622
15.48 11.4372 -27.4994 -16.0622
15.5 10.7101 -26.7724 -16.0623
15.52 9.84328 -25.9055 -16.0623
15.54 13.0628 -29.1251 -16.0623
15.56 14.6074 -30.6697 -16.0623
15.58 12.8457 -28.908 -16.0623
15.6 11.3375 -27.3998 -16.0623
15.62 12.6516 -28.7139 -16.0623
15.64 14.2393 -30.3015 -16.0622
15.66 13.025 -29.0872 -16.0622
15.68 10.6877 -26.7499 -16.0622
15.7 10.4592 -26.5214 -16.0622
15.72 9.13976 -25.2019 -16.0622
15.74 7.35566 -23.4178 -16.0621
15.76 9.71687 -25.779 -16.0622
15.78 12.1219 -28.1841 -16.0622
15.8 12.3844 -28.4465 -16.0622
15.82 14.9332 -30.9953 -16.0621
15.84 17.2699 -33.3319 -16.062
15.86 15.3019 -31.3639 -16.062
15.88 13.348 -29.41 -16.062
15.9 12.2393 -28.3014 -16.0621
15.92 10.9342 -26.9962 -16.062
15.94 9.51535 -25.5774 -16.062
15.96 8.81449 -24.8766 -16.0621
15.98 8.92447 -24.9865 -16.0621
16 9.56956 -25.6317 -16.0621
16.02 11.865 -27.9271 -16.0621
16.04 12.9314 -28.9935 -16.0621
16.06 13.1033 -29.1653 -16.0621
16.08 12.0237 -28.0858 -16.0621
16.1 9.35195 -25.4141 -16.0621
16.12 8.64793 -24.71 -16.0621
16.14 10.6327 -26.6949 -16.0622
16.16 13.1271 -29.1892 -16.0621
16.18 13.1999 -29.262 -16.0621
16.2 11.9216 -27.9838 -16.0622
16.22 13.5948 -29.657 -16.0622
16.24 14.6788 -30.7411 -16.0623
16.26 10.5077 -26.5699 -16.0622
16.28 7.28668 -23.3489 -16.0622
16.3 10.1777 -26.2399 -16.0622
16.32 13.4585 -29.5207 -16.0622
16.34 12.7528 -28.8151 -16.0622
16.36 11.1992 -27.2615 -16.0622
16.38 11.0594 -27.1217 -16.0622
16.4 10.8947 -26.9569 -16.0622
16.42 12.4965 -28.5588 -16.0623
16.44 13.8579 -29.9202 -16.0623
16.46 13.3846 -29.447 -16.0624
16.48 12.5337 -28.5961 -16.0624
16.5 12.9174 -28.9799 -16.0625
16.52 14.24 -30.3025 -16.0625
16.54 11.9305 -27.993 -16.0624
16.56 11.0359 -27.0983 -16.0624
16.58 12.7317 -28.7941 -16.0624
16.6 14.4304 -30.4928 -16.0624
16.62 12.4852 -28.5477 -16.0624
16.64 8.48998 -24.5524 -16.0624
16.66 8.39568 -24.4581 -16.0624
16.68 9.36358 -25.426 -16.0625
16.7 7.40319 -23.4657 -16.0625
16.72 6.96948 -23.032 -16.0625
16.74 11.143 -27.2055 -16.0624
16.76 14.7 -30.7624 -16.0624
16.78 15.3853 -31.4477 -16.0625
16.8 12.4055 -28.468 -16.0625
16.82 8.88251 -24.945 -16.0625
16.84 10.8888 -26.9513 -16.0625
16.86 13.1207 -29.1831 -16.0625
16.88 11.613 -27.6754 -16.0625
16.9 8.54007 -24.6026 -16.0625
16.92 8.96614 -25.0286 -16.0625
16.94 13.1504 -29.2129 -16.0625
16.96 17.0038 -33.0664 -16.0625
16.98 16.6693 -32.7319 -16.0626
17 12.5466 -28.6092 -16.0626
17.02 9.18293 -25.2455 -16.0626
17.04 10.3145 -26.3772 -16.0626
17.06 13.0002 -29.0628 -16.0626
17.08 13.5396 -29.6022 -16.0626
17.1 10.3036 -26.3661 -16.0625
17.12 8.02161 -24.0841 -16.0625
17.14 11.0816 -27.1441 -16.0625
17.16 12.6704 -28.7329 -16.0625
17.18 12.026 -28.0886 -16.0626
17.2 10.1357 -26.1982 -16.0626
17.22 9.86081 -25.9233 -16.0625
17.24 11.3889 -27.4514 -16.0625
17.26 12.8792 -28.9417 -16.0625
17.28 11.9411 -28.0037 -16.0626
17.3 8.45014 -24.5127 -16.0625
17.32 9.84828 -25.9108 -16.0625
17.34 12.6741 -28.7366 -16.0625
17.36 10.7465 -26.809 -16.0625
17.38 9.26294 -25.3254 -16.0625
17.4 10.3601 -26.4226 -16.0625
17.42 10.7581 -26.8207 -16.0625
17.44 12.3092 -28.3717 -16.0625
17.46 13.0601 -29.1226 -16.0625
17.48 10.187 -26.2494 -16.0624
17.5 8.2802 -24.3427 -16.0625
17.52 11.5087 -27.5712 -16.0625
17.54 11.5189 -27.5814 -16.0625
17.56 11.5892 -27.6517 -16.0625
17.58 14.8883 -30.9509 -16.0625
17.6 13.0228 -29.0853 -16.0625
17.62 7.82989 -23.8924 -16.0625
17.64 11.3695 -27.432 -16.0625
17.66 14.6306 -30.693 -16.0625
17.68 12.0646 -28.127 -16.0625
17.7 9.80738 -25.8698 -16.0624
17.72 11.1778 -27.2402 -16.0624
17.74 12.4955 -28.558 -16.0625
17.76 12.9983 -29.0608 -16.0625
17.78 11.9745 -28.037 -16.0625
17.8 11.4635 -27.526 -16.0625
17.82 11.397 -27.4595 -16.0626
17.84 10.0273 -26.0898 -16.0626
17.86 10.7266 -26.7891 -16.0625
17.88 12.5253 -28.5878 -16.0625
17.9 10.783 -26.8455 -16.0626
17.92 8.76889 -24.8314 -16.0626
17.94 10.5887 -26.6513 -16.0626
17.96 12.468 -28.5306 -16.0626
17.98 10.8788 -26.9414 -16.0626
18 9.98009 -26.0426 -16.0625
18.02 11.195 -27.2575 -16.0625
18.04 12.8914 -28.954 -16.0626
18.06 13.925 -29.9876 -16.0626
18.08 13.5963 -29.6589 -16.0625
18.1 12.2176 -28.2801 -16.0625
18.12 10.6698 -26.7323 -16.0625
18.14 10.3126 -26.3752 -16.0625
18.16 11.9831 -28.0456 -16.0625
18.18 14.159 -30.2216 -16.0626
18.2 13.3594 -29.422 -16.0625
18.22 10.6527 -26.7152 -16.0625
18.24 10.7861 -26.8486 -16.0625
18.26 12.0636 -28.1261 -16.0625
18.28 11.5336 -27.596 -16.0625
18.3 9.11934 -25.1818 -16.0624
18.32 8.2509 -24.3133 -16.0624
18.34 8.54794 -24.6104 -16.0624
18.36 10.2387 -26.3011 -16.0624
18.38 13.9087 -29.9711 -16.0624
18.4 14.7501 -30.8125 -16.0624
18.42 12.5246 -28.5869 -16.0624
18.44 10.3934 -26.4557 -16.0623
18.46 10.1267 -26.1891 -16.0624
18.48 8.64674 -24.7092 -16.0624
18.5 11.11 -27.1725 -16.0624
18.52 11.8501 -27.9125 -16.0624
18.54 12.0761 -28.1385 -16.0624
18.56 11.9721 -28.0346 -16.0625
18.58 12.9834 -29.0459 -16.0625
18.6 10.9147 -26.9772 -16.0625
18.62 11.8284 -27.8909 -16.0625
18.64 13.1938 -29.2563 -16.0625
18.66 10.8622 -26.9247 -16.0625
18.68 9.71932 -25.7818 -16.0625
18.7 13.2432 -29.3058 -16.0625
18.72 12.6851 -28.7476 -16.0625
18.74 11.8202 -27.8826 -16.0624
18.76 11.8291 -27.8915 -16.0625
18.78 11.8804 -27.9429 -16.0625
18.8 10.9722 -27.0347 -16.0625
18.82 11.9458 -28.0082 -16.0625
18.84 13.676 -29.7384 -16.0624
18.86 13.5699 -29.6324 -16.0625
18.88 9.9885 -26.051 -16.0625
18.9 8.24181 -24.3043 -16.0625
18.92 10.2464 -26.3089 -16.0625
18.94 10.3243 -26.3869 -16.0625
18.96 9.18852 -25.2511 -16.0625
18.98 7.95367 -24.0162 -16.0625
19 10.934 -26.9966 -16.0626
19.02 12.2871 -28.3497 -16.0626
19.04 12.1192 -28.1818 -16.0626
19.06 10.7726 -26.8353 -16.0626
19.08 7.83923 -23.9018 -16.0626
19.1 8.4925 -24.5551 -16.0626
19.12 13.5213 -29.584 -16.0626
19.14 15.7748 -31.8373 -16.0625
19.16 13.7418 -29.8044 -16.0625
19.18 11.9729 -28.0355 -16.0625
19.2 12.9008 -28.9633 -16.0625
19.22 12.8166 -28.8791 -16.0625
19.24 11.5115 -27.5739 -16.0625
19.26 11.564 -27.6265 -16.0626
19.28 10.8844 -26.9469 -16.0626
19.3 9.12624 -25.1888 -16.0626
19.32 9.52745 -25.59 -16.0626
19.34 12.739 -28.8016 -16.0626
19.36 14.211 -30.2736 -16.0626
19.38 9.9909 -26.0535 -16.0626
19.4 7.80028 -23.8628 -16.0626
19.42 10.4189 -26.4815 -16.0625
19.44 12.3636 -28.4262 -16.0626
19.46 12.3628 -28.4253 -16.0625
19.48 11.1647 -27.2272 -16.0625
19.5 10.7112 -26.7737 -16.0625
19.52 11.2197 -27.2822 -16.0625
19.54 12.5506 -28.613 -16.0625
19.56 13.191 -29.2535 -16.0625
19.58 11.2281 -27.2907 -16.0625
19.6 7.62813 -23.6907 -16.0625
19.62 11.5053 -27.5678 -16.0625
19.64 13.6093 -29.6718 -16.0625
19.66 12.1194 -28.182 -16.0626
19.68 9.69242 -25.7549 -16.0625
19.7 9.81456 -25.8771 -16.0625
19.72 9.58898 -25.6515 -16.0625
19.74 9.0356 -25.0981 -16.0625
19.76 10.7598 -26.8223 -16.0625
19.78 12.1688 -28.2313 -16.0626
19.8 10.5294 -26.5919 -16.0626
19.82 8.13491 -24.1974 -16.0625
19.84 10.3483 -26.4109 -16.0626
19.86 12.7646 -28.8271 -16.0626
19.88 12.9335 -28.9961 -16.0625
19.9 11.376 -27.4385 -16.0625
19.92 10.3119 -26.3745 -16.0626
19.94 12.688 -28.7506 -16.0626
19.96 15.2167 -31.2792 -16.0626
19.98 12.2419 -28.3045 -16.0625
20 12.7244 -28.787 -16.0626
20.02 14.2069 -30.2695 -16.0626
20.04 11.8947 -27.9572 -16.0625
20.06 10.996 -27.0586 -16.0626
20.08 10.9782 -27.0408 -16.0626
20.1 11.1297 -27.1922 -16.0626
20.12 11.2974 -27.3599 -16.0626
20.14 12.0013 -28.0638 -16.0626
20.16 13.4239 -29.4865 -16.0626
20.18 12.1691 -28.2318 -16.0627
20.2 10.0102 -26.0729 -16.0627
20.22 8.05614 -24.1188 -16.0627
20.24 7.95864 -24.0213 -16.0627
20.26 11.3261 -27.3888 -16.0627
20.28 12.8001 -28.8627 -16.0626
20.3 12.5896 -28.6522 -16.0626
20.32 12.333 -28.3956 -16.0626
20.34 11.1999 -27.2625 -16.0626
20.36 8.76114 -24.8237 -16.0626
20.38 10.3394 -26.402 -16.0627
20.4 12.1311 -28.1937 -16.0627
20.42 10.3205 -26.3831 -16.0627
20.44 10.2875 -26.3502 -16.0627
20.46 11.7421 -27.8048 -16.0627
20.48 10.5158 -26.5785 -16.0627
20.5 9.97804 -26.0408 -16.0627
20.52 11.5417 -27.6044 -16.0628
20.54 11.5376 -27.6004 -16.0628
20.56 8.70086 -24.7637 -16.0628
20.58 11.2058 -27.2686 -16.0628
20.6 14.2203 -30.2832 -16.0628
20.62 14.3496 -30.4124 -16.0628
20.64 11.8225 -27.8854 -16.0628
20.66 9.34405 -25.4069 -16.0628
20.68 11.9748 -28.0376 -16.0629
20.7 11.5422 -27.6051 -16.0628
20.72 9.99268 -26.0555 -16.0629
20.74 11.8582 -27.9211 -16.0629
20.76 13.769 -29.8319 -16.0628
20.78 13.5779 -29.6407 -16.0628
20.8 12.3303 -28.3931 -16.0628
20.82 12.5543 -28.6172 -16.0628
20.84 10.2746 -26.3374 -16.0629
20.86 7.0054 -23.0682 -16.0628
20.88 9.11951 -25.1823 -16.0628
20.9 12.7744 -28.8373 -16.0628
20.92 13.3707 -29.4335 -16.0628
20.94 12.4048 -28.4676 -16.0627
20.96 13.0965 -29.1592 -16.0627
20.98 11.5156 -27.5783 -16.0627
21 8.29033 -24.353 -16.0627
21.02 9.57322 -25.636 -16.0627
21.04 9.51786 -25.5806 -16.0627
21.06 9.96745 -26.0301 -16.0627
21.08 10.2962 -26.3589 -16.0627
21.1 9.85664 -25.9193 -16.0627
21.12 11.8254 -27.8881 -16.0627
21.14 14.2371 -30.2998 -16.0627
21.16 14.4813 -30.544 -16.0627
21.18 12.0895 -28.1521 -16.0627
21.2 10.4901 -26.5528 -16.0626
21.22 10.8143 -26.8769 -16.0627
21.24 10.5151 -26.5778 -16.0627
21.26 10.1791 -26.2418 -16.0627
21.28 10.3656 -26.4283 -16.0627
21.3 9.34924 -25.4119 -16.0627
21.32 10.4567 -26.5194 -16.0627
21.34 13.86 -29.9227 -16.0627
21.36 14.1098 -30.1724 -16.0626
21.38 13.0036 -29.0662 -16.0626
21.4 15.2399 -31.3025 -16.0626
21.42 15.7757 -31.8383 -16.0626
21.44 11.8946 -27.9572 -16.0626
21.46 10.8792 -26.9418 -16.0626
21.48 10.7252 -26.7878 -16.0626
21.5 7.15578 -23.2183 -16.0626
21.52 9.1131 -25.1757 -16.0626
21.54 13.9919 -30.0545 -16.0626
21.56 13.0289 -29.0915 -16.0626
21.58 11.515 -27.5776 -16.0626
21.6 13.2026 -29.2652 -16.0626
21.62 12.5968 -28.6593 -16.0625
21.64 13.2007 -29.2632 -16.0625
21.66 13.7833 -29.8458 -16.0625
21.68 11.6097 -27.6722 -16.0625
21.7 9.07889 -25.1414 -16.0625
21.72 8.14384 -24.2064 -16.0625
21.74 9.65319 -25.7157 -16.0625
21.76 13.7114 -29.7739 -16.0625
21.78 16.3226 -32.3851 -16.0625
21.8 14.5484 -30.611 -16.0625
21.82 12.2916 -28.3542 -16.0626
21.84 10.5217 -26.5842 -16.0625
21.86 9.20288 -25.2654 -16.0625
21.88 11.4718 -27.5343 -16.0625
21.9 12.187 -28.2495 -16.0625
21.92 11.111 -27.1735 -16.0625
21.94 11.6185 -27.681 -16.0625
21.96 9.88931 -25.9518 -16.0625
21.98 8.65768 -24.7202 -16.0625
22 9.33962 -25.402 -16.0624
22.02 8.57751 -24.6399 -16.0624
22.04 6.50318 -22.5657 -16.0625
22.06 8.7237 -24.7862 -16.0625
22.08 10.6462 -26.7088 -16.0625
22.1 11.7115 -27.774 -16.0626
22.12 15.7537 -31.8163 -16.0626
22.14 14.2606 -30.3232 -16.0626
22.16 11.2686 -27.3312 -16.0626
22.18 12.2316 -28.2943 -16.0627
22.2 11.3629 -27.4256 -16.0627
22.22 10.9491 -27.0118 -16.0627
22.24 12.0409 -28.1036 -16.0627
22.26 11.1489 -27.2116 -16.0628
22.28 9.55674 -25.6195 -16.0627
22.3 10.8453 -26.9081 -16.0628
22.32 13.4469 -29.5097 -16.0628
22.34 12.1477 -28.2104 -16.0627
22.36 9.36223 -25.4249 -16.0627
22.38 10.5343 -26.597 -16.0626
22.4 12.5481 -28.6108 -16.0627
22.42 13.1532 -29.2158 -16.0627
22.44 13.1059 -29.1686 -16.0627
22.46 11.8659 -27.9287 -16.0627
22.48 10.8884 -26.9511 -16.0627
22.5 10.5266 -26.5893 -16.0627
22.52 9.47043 -25.5331 -16.0627
22.54 10.1021 -26.1647 -16.0627
22.56 11.829 -27.8917 -16.0627
22.58 12.7133 -28.7759 -16.0626
22.6 13.372 -29.4346 -16.0627
22.62 13.3493 -29.4119 -16.0626
22.64 13.5693 -29.632 -16.0627
22.66 13.5685 -29.6312 -16.0627
22.68 10.9946 -27.0574 -16.0628
22.7 8.91716 -24.9799 -16.0628
22.72 9.09344 -25.1562 -16.0628
22.74 9.0734 -25.1362 -16.0628
22.76 9.89608 -25.9589 -16.0628
22.78 12.1259 -28.1887 -16.0628
22.8 10.9932 -27.056 -16.0628
22.82 9.12844 -25.1913 -16.0628
22.84 11.4389 -27.5017 -16.0628
22.86 13.9411 -30.0039 -16.0628
22.88 12.996 -29.0588 -16.0628
22.9 12.1393 -28.2021 -16.0628
22.92 10.5876 -26.6504 -16.0628
22.94 9.46984 -25.5326 -16.0628
22.96 11.4847 -27.5475 -16.0628
22.98 11.5823 -27.6452 -16.0629
23 9.89583 -25.9587 -16.0628
23.02 9.83366 -25.8965 -16.0628
23.04 10.0002 -26.063 -16.0628
23.06 13.6039 -29.6667 -16.0628
23.08 14.2102 -30.2731 -16.0629
23.1 11.313 -27.3759 -16.0629
23.12 11.0029 -27.0658 -16.0629
23.14 11.4139 -27.4768 -16.0629
23.16 9.74712 -25.81 -16.0628
23.18 10.1683 -26.2312 -16.0629
23.2 11.3147 -27.3777 -16.0629
23.22 10.1774 -26.2403 -16.0629
23.24 11.4341 -27.497 -16.0629
23.26 13.3258 -29.3887 -16.0629
23.28 11.195 -27.258 -16.0629
23.3 11.2252 -27.2881 -16.0629
23.32 11.28 -27.3429 -16.0629
23.34 11.4168 -27.4797 -16.0629
23.36 15.0767 -31.1396 -16.063
23.38 13.6814 -29.7444 -16.063
23.4 8.88602 -24.9489 -16.0629
23.42 8.484 -24.547 -16.063
23.44 9.79632 -25.8593 -16.063
23.46 9.56184 -25.6248 -16.063
23.48 11.1546 -27.2176 -16.063
23.5 11.0841 -27.1471 -16.063
23.52 8.64769 -24.7107 -16.063
23.54 9.18779 -25.2508 -16.063
23.56 13.2322 -29.2952 -16.063
23.58 14.6109 -30.6739 -16.063
23.6 13.5708 -29.6338 -16.063
23.62 11.2549 -27.3179 -16.063
23.64 8.1054 -24.1684 -16.063
23.66 9.68247 -25.7455 -16.063
23.68 12.2238 -28.2868 -16.063
23.7 11.8951 -27.9581 -16.063
23.72 13.3374 -29.4004 -16.063
23.74 12.7939 -28.8569 -16.063
23.76 9.46497 -25.528 -16.063
23.78 10.7533 -26.8164 -16.063
23.8 11.7833 -27.8463 -16.063
23.82 8.97634 -25.0393 -16.063
23.84 8.52842 -24.5914 -16.063
23.86 10.229 -26.292 -16.063
23.88 9.44434 -25.5073 -16.063
23.9 11.4219 -27.4849 -16.063
23.92 14.3517 -30.4147 -16.063
23.94 13.7056 -29.7686 -16.063
23.96 13.2066 -29.2697 -16.063
23.98 12.7521 -28.8151 -16.063
24 10.6985 -26.7615 -16.063
24.02 10.0051 -26.0682 -16.063
24.04 10.2834 -26.3464 -16.063
24.06 10.9675 -27.0305 -16.063
24.08 11.9938 -28.0568 -16.063
24.1 9.95626 -26.0192 -16.063
24.12 10.6313 -26.6943 -16.063
24.14 12.371 -28.4339 -16.0629
24.16 11.231 -27.2939 -16.0629
24.18 12.6091 -28.672 -16.0629
24.2 12.8987 -28.9616 -16.0629
24.22 10.4935 -26.5564 -16.0629
24.24 9.70625 -25.7691 -16.0629
24.26 8.60134 -24.6642 -16.0628
24.28 9.13995 -25.2028 -16.0628
24.3 12.951 -29.0139 -16.0628
24.32 14.797 -30.8599 -16.0629
24.34 12.7837 -28.8466 -16.0629
24.36 9.65835 -25.7212 -16.0629
24.38 9.51192 -25.5748 -16.0629
24.4 12.9271 -28.99 -16.0629
24.42 14.1952 -30.2582 -16.0629
24.44 10.799 -26.8619 -16.0629
24.46 9.89304 -25.9559 -16.0629
24.48 11.7729 -27.8358 -16.0629
24.5 11.9813 -28.0442 -16.0629
24.52 13.081 -29.1439 -16.063
24.54 14.7663 -30.8293 -16.063
24.56 12.0171 -28.0801 -16.063
24.58 11.1273 -27.1903 -16.063
24.6 12.5673 -28.6303 -16.063
24.62 11.2595 -27.3225 -16.063
24.64 10.7715 -26.8344 -16.063
24.66 11.8281 -27.8911 -16.063
24.68 11.6482 -27.7112 -16.063
24.7 10.3626 -26.4256 -16.0629
24.72 8.69994 -24.7629 -16.0629
24.74 9.31548 -25.3785 -16.063
24.76 11.0005 -27.0635 -16.063
24.78 10.7586 -26.8216 -16.063
24.8 11.2875 -27.3504 -16.063
24.82 11.2107 -27.2736 -16.0629
24.84 11.3853 -27.4483 -16.0629
24.86 13.2025 -29.2654 -16.063
24.88 11.1704 -27.2334 -16.063
24.9 7.4645 -23.5275 -16.063
24.92 12.4538 -28.5168 -16.063
24.94 13.3535 -29.4165 -16.063
24.96 11.3287 -27.3916 -16.063
24.98 9.68447 -25.7474 -16.063
25 10.4061 -26.4691 -16.063
25.02 12.5601 -28.6231 -16.063
25.04 13.6131 -29.676 -16.063
25.06 12.9183 -28.9813 -16.063
25.08 12.656 -28.719 -16.063
25.1 11.5098 -27.5729 -16.063
25.12 9.86354 -25.9266 -16.063
25.14 10.3628 -26.4258 -16.063
25.16 10.8358 -26.8988 -16.063
25.18 9.51251 -25.5755 -16.063
25.2 8.48853 -24.5515 -16.063
25.22 10.1304 -26.1934 -16.063
25.24 11.2624 -27.3254 -16.063
25.26 13.5095 -29.5725 -16.063
25.28 14.4331 -30.496 -16.0629
25.3 13.6419 -29.7048 -16.0629
25.32 10.6403 -26.7032 -16.0629
25.34 9.71901 -25.7819 -16.0628
25.36 8.13998 -24.2028 -16.0628
25.38 7.97381 -24.0366 -16.0628
25.4 10.4194 -26.4822 -16.0628
25.42 9.96524 -26.0281 -16.0628
25.44 11.278 -27.3408 -16.0628
25.46 15.1655 -31.2283 -16.0628
25.48 14.8593 -30.9222 -16.0629
25.5 13.1849 -29.2478 -16.0629
25.52 11.3854 -27.4483 -16.0629
25.54 11.1503 -27.2132 -16.0629
25.56 12.1425 -28.2054 -16.0629
25.58 9.89936 -25.9622 -16.0629
25.6 8.27789 -24.3408 -16.0629
25.62 9.38475 -25.4477 -16.0629
25.64 10.9455 -27.0084 -16.0629
25.66 11.711 -27.7739 -16.0629
25.68 12.8136 -28.8764 -16.0629
25.7 13.5274 -29.5902 -16.0629
25.72 11.2007 -27.2637 -16.063
25.74 8.52867 -24.5916 -16.0629
25.76 10.7582 -26.8212 -16.063
25.78 11.0056 -27.0685 -16.063
25.8 9.01033 -25.0733 -16.063
25.82 10.8139 -26.8768 -16.0629
25.84 12.7656 -28.8285 -16.0629
25.86 11.9636 -28.0266 -16.0629
25.88 9.64881 -25.7117 -16.0629
25.9 9.54324 -25.6061 -16.0629
25.92 11.9858 -28.0487 -16.0629
25.94 13.9847 -30.0476 -16.0629
25.96 12.9567 -29.0196 -16.0629
25.98 11.1877 -27.2505 -16.0629
26 10.2885 -26.3515 -16.063
26.02 9.98783 -26.0508 -16.063
26.04 10.9932 -27.0562 -16.0629
26.06 11.0984 -27.1613 -16.0629
26.08 9.86348 -25.9264 -16.0629
26.1 11.116 -27.1789 -16.0629
26.12 11.7857 -27.8486 -16.0629
26.14 11.5182 -27.581 -16.0629
26.16 11.2125 -27.2754 -16.0629
26.18 11.2142 -27.2771 -16.0629
26.2 10.6907 -26.7536 -16.0629
26.22 12.1115 -28.1744 -16.0629
26.24 14.5238 -30.5867 -16.0629
26.26 14.3894 -30.4524 -16.0629
26.28 10.6737 -26.7366 -16.0629
26.3 9.65194 -25.7149 -16.0629
26.32 12.1458 -28.2088 -16.063
26.34 12.1795 -28.2424 -16.063
26.36 9.38316 -25.4461 -16.0629
26.38 7.45396 -23.5169 -16.0629
26.4 8.21981 -24.2827 -16.0629
26.42 11.4465 -27.5095 -16.0629
26.44 14.7976 -30.8605 -16.0629
26.46 16.0192 -32.0821 -16.0629
26.48 14.8787 -30.9416 -16.0629
26.5 12.893 -28.9559 -16.0629
26.52 11.8586 -27.9215 -16.0629
26.54 10.1103 -26.1732 -16.0629
26.56 8.4639 -24.5268 -16.0629
26.58 9.52407 -25.587 -16.0629
26.6 10.413 -26.4759 -16.0629
26.62 9.15107 -25.214 -16.0629
26.64 10.1544 -26.2173 -16.0629
26.66 12.6291 -28.692 -16.063
26.68 11.6983 -27.7612 -16.0629
26.7 10.765 -26.8278 -16.0629
26.72 12.6252 -28.6881 -16.0629
26.74 12.4289 -28.4918 -16.0629
26.76 12.8109 -28.8738 -16.063
26.78 13.1115 -29.1744 -16.063
26.8 11.5116 -27.5746 -16.063
26.82 11.638 -27.701 -16.063
26.84 9.73242 -25.7954 -16.063
26.86 7.49425 -23.5573 -16.063
26.88 9.0963 -25.1593 -16.063
26.9 11.2326 -27.2956 -16.063
26.92 11.8345 -27.8975 -16.063
26.94 9.43024 -25.4933 -16.063
26.96 10.8336 -26.8967 -16.0631
26.98 14.7632 -30.8263 -16.0631
27 13.9941 -30.0572 -16.0631
27.02 14.6108 -30.6739 -16.0631
27.04 15.9521 -32.0151 -16.0631
27.06 12.2126 -28.2757 -16.0631
27.08 9.17309 -25.2362 -16.0631
27.1 10.983 -27.0461 -16.0631
27.12 12.2875 -28.3506 -16.0631
27.14 11.9384 -28.0015 -16.0631
27.16 11.6929 -27.756 -16.0631
27.18 11.211 -27.2741 -16.0631
27.2 10.1001 -26.1632 -16.0631
27.22 10.1312 -26.1943 -16.0631
27.24 10.2866 -26.3497 -16.0631
27.26 11.856 -27.9191 -16.0631
27.28 13.0909 -29.154 -16.0631
27.3 12.8013 -28.8644 -16.0631
27.32 12.8069 -28.87 -16.0632
27.34 11.6442 -27.7074 -16.0631
27.36 10.6146 -26.6777 -16.0632
27.38 10.6042 -26.6674 -16.0632
27.4 12.0444 -28.1076 -16.0632
27.42 11.8203 -27.8836 -16.0632
27.44 10.1843 -26.2476 -16.0633
27.46 10.598 -26.6612 -16.0633
27.48 11.541 -27.6042 -16.0633
27.5 12.8974 -28.9607 -16.0633
27.52 13.7941 -29.8574 -16.0633
27.54 13.0397 -29.1029 -16.0633
27.56 10.4747 -26.538 -16.0633
27.58 8.71259 -24.7759 -16.0633
27.6 12.2641 -28.3273 -16.0633
27.62 15.3251 -31.3884 -16.0633
27.64 13.9202 -29.9834 -16.0633
27.66 11.3371 -27.4004 -16.0633
27.68 8.87535 -24.9386 -16.0632
27.7 7.46127 -23.5245 -16.0632
27.72 8.67563 -24.7388 -16.0632
27.74 10.6131 -26.6763 -16.0632
27.76 10.5268 -26.59 -16.0632
27.78 8.66203 -24.7252 -16.0632
27.8 9.92727 -25.9905 -16.0632
27.82 13.1058 -29.169 -16.0632
27.84 12.9161 -28.9793 -16.0632
27.86 11.9105 -27.9737 -16.0632
27.88 14.1489 -30.2121 -16.0631
27.9 13.6578 -29.7209 -16.0631
27.92 11.0563 -27.1194 -16.0631
27.94 12.2319 -28.295 -16.0631
27.96 12.8065 -28.8695 -16.063
27.98 12.606 -28.669 -16.0631
28 13.152 -29.2151 -16.0631
28.02 12.2929 -28.3559 -16.063
28.04 12.806 -28.869 -16.063
28.06 11.6396 -27.7026 -16.063
28.08 8.94434 -25.0074 -16.0631
28.1 7.45745 -23.5205 -16.0631
28.12 8.39948 -24.4626 -16.0631
28.14 10.5848 -26.6479 -16.0631
28.16 12.1743 -28.2374 -16.0631
28.18 11.7794 -27.8425 -16.0631
28.2 10.5494 -26.6125 -16.0631
28.22 9.35841 -25.4215 -16.0631
28.24 9.43399 -25.4971 -16.0631
28.26 10.2704 -26.3335 -16.0631
28.28 10.2058 -26.2689 -16.0631
28.3 12.5896 -28.6527 -16.0631
28.32 14.9617 -31.0248 -16.0631
28.34 13.705 -29.7681 -16.0631
28.36 9.78615 -25.8493 -16.0632
28.38 7.2734 -23.3366 -16.0632
28.4 10.4989 -26.562 -16.0632
28.42 14.1828 -30.246 -16.0632
28.44 14.657 -30.7202 -16.0632
28.46 11.08 -27.1431 -16.0631
28.48 10.4 -26.4632 -16.0631
28.5 13.4709 -29.534 -16.0631
28.52 12.8263 -28.8894 -16.0631
28.54 10.6971 -26.7601 -16.0631
28.56 11.1348 -27.1978 -16.063
28.58 11.6083 -27.6713 -16.063
28.6 13.268 -29.3311 -16.063
28.62 13.3567 -29.4199 -16.0631
28.64 10.5348 -26.5979 -16.0631
28.66 9.76618 -25.8293 -16.0631
28.68 11.4628 -27.5259 -16.0631
28.7 12.4174 -28.4805 -16.0631
28.72 12.6864 -28.7495 -16.0631
28.74 12.3853 -28.4485 -16.0631
28.76 12.7902 -28.8533 -16.0632
28.78 11.8378 -27.901 -16.0632
28.8 10.0712 -26.1343 -16.0632
28.82 10.9122 -26.9754 -16.0632
28.84 11.2125 -27.2758 -16.0633
28.86 9.91797 -25.9812 -16.0633
28.88 8.6415 -24.7048 -16.0633
28.9 8.48735 -24.5507 -16.0633
28.92 8.76421 -24.8275 -16.0633
28.94 9.75105 -25.8143 -16.0633
28.96 9.92791 -25.9912 -16.0633
28.98 8.63715 -24.7004 -16.0633
29 9.56918 -25.6325 -16.0633
29.02 12.1191 -28.1824 -16.0633
29.04 11.7696 -27.833 -16.0634
29.06 8.37547 -24.4388 -16.0634
29.08 8.54914 -24.6125 -16.0634
29.1 13.3354 -29.3987 -16.0634
29.12 14.1712 -30.2346 -16.0634
29.14 10.962 -27.0254 -16.0634
29.16 11.3894 -27.4528 -16.0634
29.18 14.9797 -31.0431 -16.0634
29.2 16.552 -32.6154 -16.0633
29.22 15.2775 -31.3409 -16.0633
29.24 12.3877 -28.451 -16.0633
29.26 9.05716 -25.1205 -16.0633
29.28 7.92003 -23.9834 -16.0633
29.3 8.09337 -24.1567 -16.0633
29.32 8.2334 -24.2967 -16.0633
29.34 10.1723 -26.2356 -16.0633
29.36 12.991 -29.0543 -16.0634
29.38 14.5406 -30.6039 -16.0633
29.4 14.0355 -30.0988 -16.0633
29.42 11.9863 -28.0496 -16.0633
29.44 12.3814 -28.4447 -16.0633
29.46 12.9263 -28.9895 -16.0633
29.48 12.5577 -28.6209 -16.0633
29.5 12.5811 -28.6443 -16.0633
29.52 11.8309 -27.8942 -16.0633
29.54 10.4738 -26.5371 -16.0634
29.56 10.4535 -26.5168 -16.0634
29.58 11.9599 -28.0232 -16.0633
29.6 11.4745 -27.5379 -16.0634
29.62 9.68417 -25.7475 -16.0633
29.64 10.1808 -26.2442 -16.0634
29.66 10.7419 -26.8053 -16.0634
29.68 9.36659 -25.43 -16.0634
29.7 9.40261 -25.466 -16.0634
29.72 13.207 -29.2704 -16.0634
29.74 13.9237 -29.9871 -16.0634
29.76 12.274 -28.3374 -16.0634
29.78 11.4433 -27.5068 -16.0634
29.8 12.0366 -28.1 -16.0634
29.82 13.2308 -29.2942 -16.0634
29.84 13.1284 -29.1918 -16.0634
29.86 12.1164 -28.1798 -16.0634
29.88 11.1428 -27.2062 -16.0634
29.9 9.75759 -25.821 -16.0634
29.92 8.62826 -24.6916 -16.0634
29.94 9.252 -25.3154 -16.0634
29.96 10.4587 -26.522 -16.0634
29.98 12.456 -28.5193 -16.0633
30 14.1957 -30.259 -16.0634
30.02 13.4365 -29.4998 -16.0633
30.04 11.3615 -27.4248 -16.0633
30.06 11.2397 -27.303 -16.0633
30.08 10.6204 -26.6837 -16.0633
30.1 9.9306 -25.9939 -16.0633
30.12 12.6149 -28.6782 -16.0633
30.14 14.5059 -30.5692 -16.0633
30.16 11.458 -27.5213 -16.0633
30.18 7.82425 -23.8875 -16.0633
30.2 8.3488 -24.4121 -16.0633
30.22 11.5961 -27.6594 -16.0633
30.24 13.0591 -29.1224 -16.0633
30.26 12.081 -28.1442 -16.0633
30.28 10.7848 -26.8481 -16.0632
30.3 10.5499 -26.6132 -16.0632
30.32 11.1441 -27.2073 -16.0633
30.34 13.0491 -29.1123 -16.0632
30.36 15.772 -31.8353 -16.0633
30.38 13.7025 -29.7659 -16.0633
30.4 8.93882 -25.0021 -16.0633
30.42 11.0593 -27.1227 -16.0633
30.44 12.1228 -28.1862 -16.0634
30.46 8.3673 -24.4307 -16.0634
30.48 6.34676 -22.4102 -16.0634
30.5 10.8299 -26.8933 -16.0634
30.52 16.2275 -32.2909 -16.0634
30.54 15.3759 -31.4392 -16.0633
30.56 10.9981 -27.0614 -16.0633
30.58 11.2887 -27.352 -16.0633
30.6 11.3832 -27.4465 -16.0633
30.62 11.2881 -27.3514 -16.0633
30.64 13.0333 -29.0966 -16.0634
30.66 14.9251 -30.9884 -16.0633
30.68 14.3153 -30.3786 -16.0633
30.7 14.1206 -30.184 -16.0634
30.72 14.0831 -30.1465 -16.0633
30.74 12.5134 -28.5767 -16.0633
30.76 9.18883 -25.2521 -16.0633
30.78 7.74975 -23.813 -16.0633
30.8 11.7218 -27.7851 -16.0633
30.82 13.225 -29.2883 -16.0634
30.84 8.8525 -24.9158 -16.0633
30.86 7.78377 -23.8472 -16.0634
30.88 8.68454 -24.7479 -16.0634
30.9 8.06281 -24.1262 -16.0633
30.92 7.95098 -24.0143 -16.0633
30.94 7.06584 -23.1292 -16.0633
30.96 8.35968 -24.423 -16.0633
30.98 10.6796 -26.7429 -16.0633
31 10.9381 -27.0014 -16.0633
31.02 8.65047 -24.7138 -16.0633
31.04 6.5093 -22.5726 -16.0633
31.06 8.03921 -24.1025 -16.0633
31.08 10.9345 -26.9978 -16.0633
31.1 10.481 -26.5443 -16.0633
31.12 8.62667 -24.69 -16.0633
31.14 8.6984 -24.7617 -16.0633
31.16 9.38654 -25.4498 -16.0633
31.18 10.4863 -26.5496 -16.0633
31.2 12.7171 -28.7805 -16.0633
31.22 13.8922 -29.9556 -16.0634
31.24 13.1612 -29.2245 -16.0633
31.26 13.4224 -29.4857 -16.0633
31.28 15.6336 -31.697 -16.0633
31.3 16.3462 -32.4095 -16.0633
31.32 13.5455 -29.6087 -16.0632
31.34 10.5093 -26.5725 -16.0632
31.36 9.82935 -25.8926 -16.0632
31.38 10.9926 -27.0559 -16.0633
31.4 13.8143 -29.8776 -16.0632
31.42 15.8714 -31.9347 -16.0633
31.44 12.428 -28.4912 -16.0633
31.46 8.82106 -24.8843 -16.0633
31.48 9.85292 -25.9162 -16.0633
31.5 10.721 -26.7843 -16.0633
31.52 8.68871 -24.752 -16.0633
31.54 7.64504 -23.7083 -16.0633
31.56 9.79981 -25.8631 -16.0633
31.58 12.212 -28.2753 -16.0633
31.6 13.6804 -29.7437 -16.0633
31.62 13.2807 -29.344 -16.0632
31.64 10.0564 -26.1197 -16.0633
31.66 8.58295 -24.6462 -16.0632
31.68 10.7223 -26.7855 -16.0633
31.7 12.9406 -29.0039 -16.0633
31.72 14.0535 -30.1168 -16.0632
31.74 12.1921 -28.2553 -16.0632
31.76 10.1274 -26.1906 -16.0632
31.78 12.3771 -28.4403 -16.0632
31.8 13.3082 -29.3714 -16.0632
31.82 12.4574 -28.5205 -16.0632
31.84 11.4143 -27.4775 -16.0631
31.86 10.35 -26.4131 -16.0631
31.88 10.5981 -26.6612 -16.0631
31.9 12.2275 -28.2907 -16.0631
31.92 12.5331 -28.5962 -16.0631
31.94 12.731 -28.7941 -16.0631
31.96 11.1161 -27.1793 -16.0632
31.98 10.4885 -26.5516 -16.0632
32 12.23 -28.2932 -16.0632
32.02 12.5434 -28.6066 -16.0632
32.04 9.32508 -25.3883 -16.0632
32.06 10.2634 -26.3266 -16.0632
32.08 11.1177 -27.1809 -16.0632
32.1 11.5765 -27.6397 -16.0632
32.12 10.9236 -26.9868 -16.0632
32.14 7.60701 -23.6702 -16.0632
32.16 7.98303 -24.0463 -16.0632
32.18 10.1888 -26.252 -16.0632
32.2 12.672 -28.7352 -16.0632
32.22 13.9349 -29.9982 -16.0633
32.24 12.3965 -28.4597 -16.0633
32.26 13.3905 -29.4538 -16.0633
32.28 14.4724 -30.5356 -16.0632
32.3 13.3288 -29.392 -16.0632
32.32 11.9277 -27.991 -16.0633
32.34 12.9743 -29.0376 -16.0633
32.36 10.4648 -26.5282 -16.0634
32.38 10.6979 -26.7613 -16.0634
32.4 12.2879 -28.3513 -16.0634
32.42 11.0022 -27.0656 -16.0634
32.44 12.5006 -28.5639 -16.0633
32.46 12.4794 -28.5427 -16.0633
32.48 10.8787 -26.942 -16.0633
32.5 10.1716 -26.2349 -16.0633
32.52 11.8494 -27.9128 -16.0633
32.54 14.1297 -30.193 -16.0633
32.56 12.9947 -29.058 -16.0633
32.58 9.6834 -25.7467 -16.0633
32.6 7.26127 -23.3246 -16.0633
32.62 8.84823 -24.9115 -16.0633
32.64 11.119 -27.1823 -16.0633
32.66 11.425 -27.4883 -16.0633
32.68 10.3175 -26.3808 -16.0633
32.7 8.11864 -24.1819 -16.0633
32.72 10.4954 -26.5587 -16.0633
32.74 15.7192 -31.7825 -16.0633
32.76 15.4149 -31.4782 -16.0632
32.78 10.4156 -26.4789 -16.0633
32.8 6.37128 -22.4345 -16.0633
32.82 12.2973 -28.3606 -16.0633
32.84 14.9496 -31.0129 -16.0633
32.86 14.3776 -30.4411 -16.0634
32.88 13.0012 -29.0646 -16.0634
32.9 9.11838 -25.1818 -16.0634
32.92 8.84301 -24.9064 -16.0634
32.94 12.5282 -28.5915 -16.0633
32.96 13.5612 -29.6244 -16.0633
32.98 8.50366 -24.5669 -16.0632
33 10.6669 -26.7301 -16.0633
33.02 13.2093 -29.2726 -16.0633
33.04 14.6612 -30.7245 -16.0633
33.06 14.851 -30.9143 -16.0633
33.08 8.19755 -24.2608 -16.0632
33.1 9.38124 -25.4445 -16.0632
33.12 12.7052 -28.7684 -16.0632
33.14 12.5576 -28.6208 -16.0632
33.16 10.4641 -26.5273 -16.0632
33.18 8.34554 -24.4087 -16.0632
33.2 9.26996 -25.3331 -16.0632
33.22 11.8748 -27.9379 -16.0632
33.24 14.098 -30.1612 -16.0632
33.26 11.6429 -27.7061 -16.0633
33.28 7.48647 -23.5497 -16.0632
33.3 9.32688 -25.3901 -16.0632
33.32 11.1617 -27.225 -16.0632
33.34 11.3734 -27.4367 -16.0632
33.36 11.5876 -27.6509 -16.0633
33.38 9.14932 -25.2126 -16.0633
33.4 7.98847 -24.0517 -16.0633
33.42 13.1048 -29.1681 -16.0633
33.44 12.3248 -28.388 -16.0633
33.46 9.99742 -26.0607 -16.0633
33.48 11.4815 -27.5448 -16.0633
33.5 10.0212 -26.0845 -16.0633
33.52 9.99864 -26.0619 -16.0633
33.54 13.9806 -30.0438 -16.0633
33.56 13.4438 -29.507 -16.0632
33.58 11.6784 -27.7416 -16.0632
33.6 11.7402 -27.8034 -16.0633
33.62 10.0446 -26.1078 -16.0632
33.64 12.9172 -28.9805 -16.0633
33.66 12.0054 -28.0687 -16.0633
33.68 9.2677 -25.331 -16.0633
33.7 11.632 -27.6953 -16.0633
33.72 14.3858 -30.4491 -16.0633
33.74 12.1555 -28.2188 -16.0634
33.76 11.1375 -27.2008 -16.0633
33.78 12.1449 -28.2083 -16.0634
33.8 10.4669 -26.5303 -16.0633
33.82 10.4943 -26.5577 -16.0634
33.84 12.102 -28.1654 -16.0634
33.86 10.504 -26.5674 -16.0634
33.88 8.58328 -24.6467 -16.0634
33.9 9.04768 -25.1111 -16.0634
33.92 12.2445 -28.308 -16.0635
33.94 13.3314 -29.3949 -16.0635
33.96 8.85965 -24.9231 -16.0635
33.98 8.19612 -24.2596 -16.0635
34 11.1007 -27.1642 -16.0635
34.02 13.1858 -29.2493 -16.0635
34.04 12.2558 -28.3193 -16.0635
34.06 9.36051 -25.424 -16.0635
34.08 10.0013 -26.0648 -16.0635
34.1 9.15426 -25.2178 -16.0635
34.12 9.16099 -25.2245 -16.0635
34.14 11.6539 -27.7174 -16.0636
34.16 11.7855 -27.8491 -16.0636
34.18 11.3652 -27.4287 -16.0636
34.2 12.184 -28.2476 -16.0636
34.22 11.1858 -27.2494 -16.0636
34.24 9.75098 -25.8146 -16.0636
34.26 7.51431 -23.5779 -16.0636
34.28 9.68966 -25.7532 -16.0636
34.3 12.6079 -28.6715 -16.0636
34.32 12.3352 -28.3988 -16.0636
34.34 11.7877 -27.8512 -16.0635
34.36 13.0326 -29.0961 -16.0635
34.38 11.9292 -27.9927 -16.0635
34.4 8.13496 -24.1984 -16.0635
34.42 9.06177 -25.1252 -16.0635
34.44 14.3727 -30.4362 -16.0635
34.46 14.6403 -30.7038 -16.0635
34.48 10.8787 -26.9422 -16.0635
34.5 13.3195 -29.3831 -16.0636
34.52 13.1464 -29.21 -16.0636
34.54 11.112 -27.1756 -16.0636
34.56 11.5417 -27.6053 -16.0635
34.58 12.1781 -28.2417 -16.0636
34.6 9.18449 -25.2481 -16.0636
34.62 7.49323 -23.5568 -16.0636
34.64 9.78069 -25.8443 -16.0636
34.66 10.4978 -26.5614 -16.0636
34.68 9.53004 -25.5936 -16.0636
34.7 9.09552 -25.1591 -16.0636
34.72 10.514 -26.5775 -16.0636
34.74 13.0176 -29.0812 -16.0636
34.76 14.5547 -30.6183 -16.0636
34.78 12.7596 -28.8233 -16.0636
34.8 10.5269 -26.5906 -16.0636
34.82 12.3861 -28.4497 -16.0637
34.84 13.4975 -29.5612 -16.0637
34.86 11.4309 -27.4946 -16.0637
34.88 9.68916 -25.7528 -16.0636
34.9 10.5488 -26.6125 -16.0636
34.92 10.0705 -26.1341 -16.0636
34.94 10.3049 -26.3686 -16.0636
34.96 14.1178 -30.1814 -16.0636
34.98 15.5282 -31.5918 -16.0636
35 12.0449 -28.1085 -16.0636
35.02 9.8111 -25.8747 -16.0636
35.04 11.6701 -27.7338 -16.0636
35.06 9.91496 -25.9786 -16.0636
35.08 9.16495 -25.2285 -16.0636
35.1 10.7359 -26.7995 -16.0636
35.12 9.08458 -25.1482 -16.0636
35.14 10.4828 -26.5463 -16.0636
35.16 11.1277 -27.1912 -16.0635
35.18 12.8835 -28.947 -16.0635
35.2 13.1031 -29.1667 -16.0636
35.22 10.2194 -26.283 -16.0636
35.24 10.7316 -26.7952 -16.0636
35.26 8.98964 -25.0532 -16.0636
35.28 10.279 -26.3426 -16.0636
35.3 11.956 -28.0196 -16.0635
35.32 11.4052 -27.4687 -16.0635
35.34 9.68089 -25.7444 -16.0635
35.36 10.0132 -26.0767 -16.0635
35.38 13.2251 -29.2887 -16.0635
35.4 15.375 -31.4385 -16.0635
35.42 15.1141 -31.1776 -16.0635
35.44 11.7415 -27.805 -16.0635
35.46 7.46559 -23.5291 -16.0635
35.48 8.68652 -24.75 -16.0635
35.5 12.334 -28.3975 -16.0635
35.52 12.8952 -28.9586 -16.0634
35.54 13.0044 -29.0679 -16.0635
35.56 12.5201 -28.5836 -16.0635
35.58 12.945 -29.0085 -16.0635
35.6 13.3889 -29.4525 -16.0635
35.62 12.5538 -28.6173 -16.0636
35.64 9.31582 -25.3794 -16.0636
35.66 6.36066 -22.4242 -16.0636
35.68 9.31611 -25.3797 -16.0636
35.7 14.4098 -30.4733 -16.0636
35.72 16.2362 -32.2998 -16.0636
35.74 12.3012 -28.3648 -16.0636
35.76 7.04498 -23.1086 -16.0636
35.78 8.21712 -24.2808 -16.0636
35.8 10.5838 -26.6475 -16.0637
35.82 10.9374 -27.001 -16.0636
35.84 11.8941 -27.9577 -16.0636
35.86 12.4218 -28.4854 -16.0636
35.88 9.74452 -25.8081 -16.0636
35.9 10 -26.0636 -16.0636
35.92 13.9198 -29.9834 -16.0636
35.94 13.4879 -29.5514 -16.0636
35.96 11.7528 -27.8164 -16.0636
35.98 10.5313 -26.5949 -16.0636
36 9.0248 -25.0884 -16.0636
36.02 10.9734 -27.037 -16.0636
36.04 14.0733 -30.137 -16.0636
36.06 12.6879 -28.7515 -16.0636
36.08 9.00427 -25.0679 -16.0636
36.1 8.10036 -24.1639 -16.0636
36.12 9.25408 -25.3177 -16.0636
36.14 12.4139 -28.4775 -16.0636
36.16 14.1736 -30.2373 -16.0636
36.18 10.6331 -26.6967 -16.0636
36.2 12.4007 -28.4643 -16.0636
36.22 14.0706 -30.1342 -16.0636
36.24 12.1421 -28.2056 -16.0636
36.26 10.6305 -26.6941 -16.0636
36.28 9.38651 -25.4501 -16.0636
36.3 7.31917 -23.3827 -16.0636
36.32 8.34267 -24.4062 -16.0636
36.34 10.9798 -27.0433 -16.0635
36.36 12.0112 -28.0747 -16.0635
36.38 12.0939 -28.1574 -16.0635
36.4 11.3004 -27.364 -16.0636
36.42 8.55338 -24.6169 -16.0636
36.44 10.0623 -26.1258 -16.0636
36.46 13.9636 -30.0272 -16.0636
36.48 12.9188 -28.9824 -16.0636
36.5 10.1923 -26.2558 -16.0635
36.52 11.8435 -27.9071 -16.0636
36.54 13.6939 -29.7575 -16.0636
36.56 14.013 -30.0766 -16.0636
36.58 12.1149 -28.1785 -16.0636
36.6 10.4619 -26.5254 -16.0636
36.62 10.8041 -26.8677 -16.0636
36.64 9.91709 -25.9807 -16.0636
36.66 10.3151 -26.3786 -16.0636
36.68 12.9439 -29.0075 -16.0636
36.7 15.4044 -31.468 -16.0636
36.72 15.2297 -31.2932 -16.0635
36.74 14.3346 -30.3981 -16.0635
36.76 14.0993 -30.1628 -16.0636
36.78 14.1947 -30.2583 -16.0636
36.8 13.5813 -29.6449 -16.0635
36.82 12.6098 -28.6733 -16.0635
36.84 11.1127 -27.1762 -16.0635
36.86 9.97649 -26.04 -16.0635
36.88 9.24349 -25.307 -16.0635
36.9 7.7374 -23.8009 -16.0635
36.92 6.68604 -22.7496 -16.0635
36.94 7.0211 -23.0846 -16.0635
36.96 9.02981 -25.0933 -16.0635
36.98 11.2982 -27.3617 -16.0635
37 11.4736 -27.5371 -16.0636
37.02 9.87334 -25.9369 -16.0635
37.04 10.1671 -26.2306 -16.0636
37.06 11.869 -27.9326 -16.0635
37.08 13.1733 -29.2368 -16.0635
37.1 13.208 -29.2716 -16.0636
37.12 11.9541 -28.0176 -16.0636
37.14 10.7056 -26.7691 -16.0636
37.16 10.2154 -26.279 -16.0636
37.18 10.1438 -26.2074 -16.0636
37.2 10.3605 -26.4241 -16.0636
37.22 9.07783 -25.1414 -16.0635
37.24 10.0667 -26.1303 -16.0636
37.26 15.1775 -31.2411 -16.0636
37.28 16.7969 -32.8605 -16.0636
37.3 14.8628 -30.9264 -16.0636
37.32 12.2592 -28.3228 -16.0636
37.34 10.3488 -26.4124 -16.0636
37.36 10.1525 -26.2161 -16.0636
37.38 10.2192 -26.2829 -16.0636
37.4 10.4982 -26.5619 -16.0636
37.42 11.5576 -27.6213 -16.0637
37.44 10.7739 -26.8376 -16.0637
37.46 10.8838 -26.9475 -16.0637
37.48 13.2707 -29.3345 -16.0637
37.5 15.2456 -31.3093 -16.0637
37.52 13.3657 -29.4294 -16.0637
37.54 11.0608 -27.1246 -16.0637
37.56 9.8836 -25.9473 -16.0637
37.58 8.71 -24.7737 -16.0637
37.6 11.122 -27.1857 -16.0637
37.62 12.8322 -28.8959 -16.0637
37.64 12.6172 -28.6808 -16.0637
37.66 12.9565 -29.0202 -16.0637
37.68 12.3485 -28.4121 -16.0636
37.7 12.6362 -28.6998 -16.0637
37.72 14.1719 -30.2355 -16.0636
37.74 13.7121 -29.7757 -16.0636
37.76 11.0353 -27.099 -16.0636
37.78 8.72248 -24.7861 -16.0637
37.8 8.81473 -24.8784 -16.0637
37.82 13.0285 -29.0922 -16.0637
37.84 15.1469 -31.2106 -16.0637
37.86 11.4401 -27.5038 -16.0637
37.88 8.18822 -24.2519 -16.0637
37.9 8.36272 -24.4264 -16.0637
37.92 10.2551 -26.3187 -16.0637
37.94 13.9043 -29.968 -16.0637
37.96 13.711 -29.7747 -16.0637
37.98 12.1518 -28.2154 -16.0637
38 10.8312 -26.8949 -16.0637
38.02 10.949 -27.0127 -16.0637
38.04 11.4586 -27.5224 -16.0637
38.06 9.70518 -25.7689 -16.0637
38.08 7.05471 -23.1184 -16.0637
38.1 7.44881 -23.5125 -16.0637
38.12 13.684 -29.7477 -16.0637
38.14 16.255 -32.3186 -16.0636
38.16 12.3676 -28.4312 -16.0636
38.18 9.2837 -25.3474 -16.0637
38.2 9.47031 -25.534 -16.0637
38.22 11.062 -27.1257 -16.0637
38.24 12.8857 -28.9494 -16.0637
38.26 11.7604 -27.824 -16.0637
38.28 9.62867 -25.6923 -16.0636
38.3 9.14631 -25.2099 -16.0636
38.32 11.2057 -27.2693 -16.0636
38.34 11.4165 -27.4801 -16.0636
38.36 11.3126 -27.3763 -16.0637
38.38 11.9905 -28.0542 -16.0637
38.4 11.8828 -27.9464 -16.0637
38.42 14.0959 -30.1596 -16.0637
38.44 14.5416 -30.6053 -16.0637
38.46 11.1898 -27.2534 -16.0636
38.48 8.6481 -24.7117 -16.0636
38.5 9.15919 -25.2228 -16.0636
38.52 11.9823 -28.0459 -16.0636
38.54 13.4677 -29.5313 -16.0636
38.56 11.8548 -27.9185 -16.0637
38.58 11.8503 -27.9139 -16.0636
38.6 13.4961 -29.5597 -16.0636
38.62 13.3308 -29.3944 -16.0636
38.64 11.7069 -27.7705 -16.0636
38.66 10.0053 -26.0689 -16.0636
38.68 8.78014 -24.8437 -16.0636
38.7 10.3038 -26.3674 -16.0636
38.72 13.1645 -29.228 -16.0635
38.74 14.1554 -30.2189 -16.0635
38.76 13.7352 -29.7987 -16.0635
38.78 13.1827 -29.2463 -16.0636
38.8 12.4124 -28.476 -16.0636
38.82 11.9919 -28.0556 -16.0636
38.84 9.18679 -25.2504 -16.0636
38.86 7.48352 -23.5471 -16.0636
38.88 9.17928 -25.2429 -16.0636
38.9 11.1295 -27.193 -16.0636
38.92 11.303 -27.3665 -16.0635
38.94 11.6669 -27.7305 -16.0636
38.96 10.5985 -26.662 -16.0635
38.98 12.1751 -28.2387 -16.0636
39 15.6057 -31.6693 -16.0636
39.02 13.5436 -29.6072 -16.0636
39.04 11.182 -27.2456 -16.0636
39.06 13.0082 -29.0719 -16.0636
39.08 10.8168 -26.8803 -16.0636
39.1 9.60569 -25.6693 -16.0636
39.12 10.3401 -26.4037 -16.0636
39.14 11.9831 -28.0468 -16.0636
39.16 12.4354 -28.4991 -16.0636
39.18 12.6109 -28.6746 -16.0636
39.2 13.3241 -29.3878 -16.0637
39.22 14.0572 -30.1209 -16.0637
39.24 9.75744 -25.8212 -16.0637
39.26 10.3225 -26.3862 -16.0638
39.28 14.0927 -30.1565 -16.0638
39.3 12.8964 -28.9601 -16.0637
39.32 9.20632 -25.27 -16.0637
39.34 8.99769 -25.0614 -16.0638
39.36 9.63317 -25.6969 -16.0637
39.38 14.8055 -30.8692 -16.0637
39.4 16.8411 -32.9048 -16.0638
39.42 12.6489 -28.7127 -16.0638
39.44 7.96516 -24.0289 -16.0638
39.46 8.97954 -25.0434 -16.0638
39.48 12.3269 -28.3907 -16.0639
39.5 13.9206 -29.9845 -16.0639
39.52 11.525 -27.5889 -16.0639
39.54 5.30562 -21.3695 -16.0638
39.56 11.561 -27.6249 -16.0639
39.58 14.0505 -30.1143 -16.0638
39.6 10.3207 -26.3846 -16.0638
39.62 7.92655 -23.9904 -16.0638
39.64 9.82647 -25.8903 -16.0638
39.66 12.6615 -28.7253 -16.0638
39.68 13.745 -29.8089 -16.0639
39.7 13.4501 -29.514 -16.0639
39.72 9.77458 -25.8385 -16.0639
39.74 11.2022 -27.2661 -16.0639
39.76 14.1141 -30.178 -16.0639
39.78 12.3071 -28.3709 -16.0639
39.8 13.4654 -29.5293 -16.0638
39.82 12.1654 -28.2292 -16.0638
39.84 9.11898 -25.1828 -16.0638
39.86 12.7803 -28.8441 -16.0638
39.88 11.8796 -27.9434 -16.0638
39.9 9.84419 -25.908 -16.0638
39.92 10.3151 -26.3789 -16.0638
39.94 11.4118 -27.4756 -16.0638
39.96 11.9189 -27.9826 -16.0637
39.98 15.156 -31.2198 -16.0637
40 12.4759 -28.5395 -16.0637
40.02 8.07788 -24.1415 -16.0637
40.04 7.81548 -23.8792 -16.0637
40.06 8.96715 -25.0308 -16.0637
40.08 11.9688 -28.0324 -16.0637
40.1 12.4995 -28.5632 -16.0637
40.12 10.8199 -26.8836 -16.0637
40.14 10.8274 -26.8911 -16.0637
40.16 12.3116 -28.3753 -16.0637
40.18 11.4758 -27.5395 -16.0637
40.2 6.81148 -22.8752 -16.0637
40.22 11.2269 -27.2906 -16.0637
40.24 13.2672 -29.331 -16.0637
40.26 8.24754 -24.3112 -16.0637
40.28 11.2356 -27.2993 -16.0637
40.3 14.4337 -30.4974 -16.0637
40.32 13.9002 -29.9639 -16.0637
40.34 11.6648 -27.7285 -16.0637
40.36 11.8232 -27.887 -16.0638
40.38 10.55 -26.6138 -16.0638
40.4 12.6462 -28.71 -16.0638
40.42 14.0531 -30.117 -16.0638
40.44 12.5397 -28.6035 -16.0638
40.46 12.5136 -28.5774 -16.0638
40.48 10.226 -26.2897 -16.0638
40.5 10.7975 -26.8613 -16.0638
40.52 12.1147 -28.1785 -16.0638
40.54 11.928 -27.9917 -16.0638
40.56 11.327 -27.3907 -16.0638
40.58 11.1488 -27.2126 -16.0638
40.6 12.6727 -28.7364 -16.0638
40.62 13.7913 -29.8551 -16.0638
40.64 11.6843 -27.7481 -16.0638
40.66 8.62585 -24.6897 -16.0638
40.68 9.66474 -25.7286 -16.0638
40.7 9.00567 -25.0695 -16.0638
40.72 8.49395 -24.5578 -16.0638
40.74 9.33968 -25.4035 -16.0639
40.76 9.79956 -25.8634 -16.0639
40.78 12.8034 -28.8673 -16.0639
40.8 12.898 -28.9619 -16.0638
40.82 12.0516 -28.1154 -16.0638
40.84 13.0248 -29.0886 -16.0638
40.86 13.3386 -29.4024 -16.0638
40.88 12.1902 -28.2541 -16.0638
40.9 9.72592 -25.7897 -16.0638
40.92 11.6678 -27.7316 -16.0639
40.94 13.9117 -29.9756 -16.0638
40.96 12.9196 -28.9834 -16.0638
40.98 12.9279 -28.9917 -16.0639
41 13.5183 -29.5822 -16.0639
41.02 12.1988 -28.2627 -16.0639
41.04 12.2875 -28.3514 -16.0639
41.06 13.9728 -30.0367 -16.0639
41.08 11.135 -27.1989 -16.0639
41.1 10.3635 -26.4274 -16.0639
41.12 12.3811 -28.445 -16.0639
41.14 10.8045 -26.8684 -16.0639
41.16 9.92387 -25.9878 -16.0639
41.18 10.3561 -26.42 -16.0639
41.2 12.3508 -28.4147 -16.0639
41.22 11.733 -27.7969 -16.0639
41.24 9.64037 -25.7043 -16.0639
41.26 10.4949 -26.5588 -16.0639
41.28 11.4281 -27.492 -16.0639
41.3 10.6228 -26.6866 -16.0639
41.32 10.7095 -26.7733 -16.0639
41.34 12.4261 -28.49 -16.0639
41.36 11.469 -27.533 -16.0639
41.38 10.9743 -27.0382 -16.0639
41.4 11.9126 -27.9765 -16.0639
41.42 11.9083 -27.9722 -16.0639
41.44 10.9954 -27.0592 -16.0638
41.46 12.1185 -28.1823 -16.0638
41.48 14.5026 -30.5664 -16.0638
41.5 14.8714 -30.9353 -16.0638
41.52 11.9295 -27.9933 -16.0638
41.54 10.5408 -26.6047 -16.0639
41.56 11.299 -27.3629 -16.0639
41.58 11.8885 -27.9524 -16.0639
41.6 13.4754 -29.5393 -16.0639
41.62 13.111 -29.1749 -16.0639
41.64 10.0996 -26.1635 -16.0639
41.66 9.09374 -25.1576 -16.0639
41.68 10.3286 -26.3925 -16.0639
41.7 10.9299 -26.9938 -16.0639
41.72 11.4147 -27.4786 -16.0639
41.74 10.3236 -26.3876 -16.0639
41.76 8.78933 -24.8533 -16.0639
41.78 10.784 -26.8479 -16.0639
41.8 11.8518 -27.9157 -16.0639
41.82 9.77066 -25.8346 -16.0639
41.84 9.10111 -25.1651 -16.064
41.86 11.5394 -27.6034 -16.064
41.88 10.9132 -26.9771 -16.064
41.9 10.0593 -26.1234 -16.064
41.92 10.6735 -26.7375 -16.064
41.94 13.5423 -29.6064 -16.064
41.96 13.8447 -29.9088 -16.0641
41.98 10.3268 -26.3908 -16.064
42 8.7409 -24.8049 -16.064
42.02 11.6431 -27.7071 -16.064
42.04 13.551 -29.615 -16.064
42.06 14.3047 -30.3687 -16.064
42.08 12.9254 -28.9894 -16.064
42.1 10.5006 -26.5645 -16.0639
42.12 11.504 -27.568 -16.0639
42.14 13.9522 -30.0161 -16.0639
42.16 13.8498 -29.9137 -16.0639
42.18 11.2458 -27.3097 -16.0639
42.2 9.33852 -25.4024 -16.0639
42.22 9.87829 -25.9422 -16.0639
42.24 12.1647 -28.2287 -16.0639
42.26 12.2724 -28.3363 -16.0639
42.28 9.76223 -25.8261 -16.0639
42.3 9.45696 -25.5209 -16.0639
42.32 11.0794 -27.1433 -16.0639
42.34 10.1334 -26.1973 -16.0639
42.36 11.853 -27.9169 -16.0639
42.38 12.7719 -28.8359 -16.064
42.4 9.63463 -25.6986 -16.064
42.42 8.57157 -24.6355 -16.0639
42.44 12.4064 -28.4704 -16.0639
42.46 13.858 -29.9219 -16.0639
42.48 11.9199 -27.9838 -16.0639
42.5 11.0475 -27.1113 -16.0639
42.52 11.7213 -27.7851 -16.0639
42.54 12.7553 -28.8191 -16.0639
42.56 12.1848 -28.2488 -16.0639
42.58 11.0471 -27.111 -16.0639
42.6 10.5096 -26.5736 -16.064
42.62 10.9858 -27.0498 -16.064
42.64 12.602 -28.666 -16.0639
42.66 14.1924 -30.2564 -16.064
42.68 12.8242 -28.8881 -16.064
42.7 11.0996 -27.1636 -16.0639
42.72 14.0866 -30.1506 -16.0639
42.74 14.482 -30.5459 -16.064
42.76 10.859 -26.9229 -16.0639
42.78 7.37055 -23.4345 -16.0639
42.8 7.71848 -23.7824 -16.0639
42.82 10.7917 -26.8556 -16.0639
42.84 12.2765 -28.3404 -16.0639
42.86 11.5289 -27.5927 -16.0639
42.88 11.3173 -27.3811 -16.0639
42.9 10.4821 -26.546 -16.0639
42.92 10.8371 -26.901 -16.0639
42.94 10.7293 -26.7931 -16.0639
42.96 9.6652 -25.7291 -16.0639
42.98 11.1853 -27.2492 -16.0639
43 12.6519 -28.7158 -16.0639
43.02 11.5682 -27.6321 -16.0639
43.04 8.84343 -24.9073 -16.0639
43.06 7.70177 -23.7657 -16.0639
43.08 10.4174 -26.4813 -16.0639
43.1 14.736 -30.7999 -16.0639
43.12 13.9799 -30.0438 -16.0639
43.14 12.0578 -28.1216 -16.0639
43.16 11.535 -27.5988 -16.0638
43.18 11.91 -27.9738 -16.0639
43.2 11.5435 -27.6074 -16.0639
43.22 10.986 -27.0498 -16.0639
43.24 12.1905 -28.2544 -16.0639
43.26 13.0325 -29.0964 -16.0639
43.28 11.6604 -27.7243 -16.0639
43.3 9.68024 -25.7441 -16.0639
43.32 11.2999 -27.3639 -16.0639
43.34 13.8259 -29.8899 -16.064
43.36 14.4759 -30.5398 -16.0639
43.38 11.1827 -27.2467 -16.064
43.4 8.2202 -24.2842 -16.064
43.42 12.7047 -28.7687 -16.064
43.44 15.1103 -31.1743 -16.064
43.46 11.272 -27.3359 -16.0639
43.48 10.3054 -26.3693 -16.064
43.5 11.4961 -27.5601 -16.064
43.52 9.38388 -25.4478 -16.0639
43.54 8.75872 -24.8227 -16.0639
43.56 11.57 -27.6339 -16.0639
43.58 12.6568 -28.7207 -16.0639
43.6 10.3445 -26.4084 -16.0639
43.62 9.24388 -25.3078 -16.0639
43.64 10.59 -26.6539 -16.0639
43.66 12.3565 -28.4204 -16.0639
43.68 11.6642 -27.728 -16.0639
43.7 9.54418 -25.608 -16.0638
43.72 10.2561 -26.3199 -16.0638
43.74 13.6307 -29.6945 -16.0638
43.76 14.4279 -30.4917 -16.0637
43.78 12.1072 -28.1709 -16.0637
43.8 12.0305 -28.0942 -16.0637
43.82 11.903 -27.9667 -16.0637
43.84 10.6741 -26.7377 -16.0637
43.86 12.0834 -28.147 -16.0637
43.88 12.4254 -28.489 -16.0637
43.9 12.2081 -28.2718 -16.0637
43.92 12.6273 -28.6909 -16.0636
43.94 11.3262 -27.3898 -16.0636
43.96 11.9766 -28.0402 -16.0636
43.98 13.486 -29.5496 -16.0636
44 12.1161 -28.1797 -16.0636
44.02 9.33896 -25.4026 -16.0636
44.04 8.18001 -24.2436 -16.0636
44.06 10.9391 -27.0027 -16.0636
44.08 13.9289 -29.9924 -16.0636
44.1 11.9012 -27.9647 -16.0635
44.12 9.86185 -25.9254 -16.0635
44.14 12.1711 -28.2345 -16.0635
44.16 14.0598 -30.1232 -16.0634
44.18 14.306 -30.3694 -16.0635
44.2 11.5797 -27.6432 -16.0635
44.22 8.64274 -24.7062 -16.0635
44.24 10.2945 -26.358 -16.0635
44.26 9.5522 -25.6157 -16.0635
44.28 9.32221 -25.3856 -16.0634
44.3 10.6603 -26.7237 -16.0634
44.32 12.2455 -28.309 -16.0635
44.34 13.1808 -29.2443 -16.0635
44.36 12.1855 -28.249 -16.0634
44.38 8.55498 -24.6184 -16.0634
44.4 10.5355 -26.5989 -16.0634
44.42 13.4712 -29.5346 -16.0634
44.44 13.3316 -29.395 -16.0634
44.46 13.0708 -29.1342 -16.0634
44.48 11.2095 -27.2728 -16.0633
44.5 8.95992 -25.0232 -16.0633
44.52 11.3445 -27.4078 -16.0633
44.54 13.717 -29.7803 -16.0633
44.56 11.8528 -27.916 -16.0632
44.58 9.32089 -25.3841 -16.0632
44.6 11.1054 -27.1687 -16.0633
44.62 13.8852 -29.9485 -16.0633
44.64 13.2798 -29.3431 -16.0633
44.66 10.6341 -26.6973 -16.0632
44.68 9.22974 -25.293 -16.0632
44.7 6.63558 -22.6988 -16.0632
44.72 6.71994 -22.7832 -16.0632
44.74 11.0723 -27.1356 -16.0633
44.76 13.7202 -29.7835 -16.0633
44.78 12.7604 -28.8237 -16.0633
44.8 12.0222 -28.0855 -16.0633
44.82 11.8129 -27.8762 -16.0633
44.84 10.8059 -26.8692 -16.0633
44.86 10.1166 -26.18 -16.0633
44.88 10.661 -26.7244 -16.0634
44.9 13.1468 -29.2102 -16.0634
44.92 15.4904 -31.5538 -16.0634
44.94 15.794 -31.8573 -16.0634
44.96 13.6746 -29.7379 -16.0634
44.98 10.5044 -26.5677 -16.0633
45 11.2111 -27.2745 -16.0633
45.02 11.3723 -27.4357 -16.0634
45.04 11.2571 -27.3205 -16.0634
45.06 12.6621 -28.7254 -16.0634
45.08 13.8494 -29.9128 -16.0634
45.1 13.3893 -29.4526 -16.0633
45.12 10.8125 -26.8758 -16.0633
45.14 9.53382 -25.5971 -16.0633
45.16 11.1351 -27.1984 -16.0633
45.18 12.5595 -28.6228 -16.0633
45.2 11.1864 -27.2497 -16.0634
45.22 10.2833 -26.3466 -16.0633
45.24 11.1182 -27.1816 -16.0633
45.26 12.4596 -28.5229 -16.0633
45.28 12.6088 -28.6721 -16.0633
45.3 11.8776 -27.9409 -16.0633
45.32 9.2504 -25.3137 -16.0633
45.34 10.1782 -26.2415 -16.0633
45.36 12.4115 -28.4747 -16.0633
45.38 12.0305 -28.0938 -16.0633
45.4 10.5422 -26.6054 -16.0633
45.42 10.5525 -26.6157 -16.0633
45.44 13.1326 -29.1959 -16.0633
45.46 15.7477 -31.8109 -16.0633
45.48 14.6521 -30.7154 -16.0633
45.5 11.2111 -27.2743 -16.0632
45.52 9.30059 -25.3638 -16.0632
45.54 10.4554 -26.5186 -16.0632
45.56 13.623 -29.6862 -16.0632
45.58 13.9397 -30.003 -16.0633
45.6 10.9385 -27.0018 -16.0633
45.62 8.2881 -24.3514 -16.0633
45.64 10.2177 -26.2809 -16.0633
45.66 12.1779 -28.2412 -16.0633
45.68 11.3316 -27.3948 -16.0632
45.7 9.63561 -25.6988 -16.0632
45.72 7.96511 -24.0283 -16.0632
45.74 9.16157 -25.2248 -16.0632
45.76 12.9471 -29.0103 -16.0632
45.78 14.3401 -30.4032 -16.0632
45.8 12.0882 -28.1514 -16.0632
45.82 10.285 -26.3481 -16.0632
45.84 9.47906 -25.5422 -16.0631
45.86 10.1822 -26.2453 -16.0632
45.88 10.6599 -26.723 -16.0632
45.9 9.31551 -25.3787 -16.0632
45.92 6.29196 -22.3551 -16.0631
45.94 7.91376 -23.9769 -16.0631
45.96 12.8433 -28.9064 -16.0631
45.98 11.8664 -27.9295 -16.0631
46 10.0784 -26.1415 -16.0631
46.02 11.838 -27.901 -16.0631
46.04 13.3345 -29.3976 -16.0631
46.06 12.6478 -28.7109 -16.0631
46.08 11.1997 -27.2629 -16.0631
46.1 10.675 -26.7381 -16.0631
46.12 12.2697 -28.3328 -16.0632
46.14 13.3361 -29.3993 -16.0632
46.16 12.7377 -28.801 -16.0632
46.18 12.5577 -28.6209 -16.0633
46.2 10.7106 -26.7738 -16.0632
46.22 9.44886 -25.5121 -16.0632
46.24 14.3899 -30.4532 -16.0633
46.26 15.0981 -31.1615 -16.0634
46.28 11.0217 -27.0851 -16.0634
46.3 10.5598 -26.6232 -16.0634
46.32 12.4687 -28.532 -16.0634
46.34 12.0902 -28.1535 -16.0633
46.36 10.78 -26.8433 -16.0633
46.38 8.97961 -25.0429 -16.0633
46.4 9.16702 -25.2303 -16.0633
46.42 11.6116 -27.6749 -16.0633
46.44 12.9233 -28.9866 -16.0633
46.46 14.0829 -30.1462 -16.0633
46.48 13.2417 -29.305 -16.0633
46.5 8.94671 -25.01 -16.0633
46.52 8.2024 -24.2657 -16.0633
46.54 10.3585 -26.4218 -16.0633
46.56 11.7385 -27.8018 -16.0633
46.58 12.2878 -28.3511 -16.0633
46.6 13.7897 -29.853 -16.0633
46.62 13.9322 -29.9956 -16.0633
46.64 13.6086 -29.672 -16.0634
46.66 14.5037 -30.5671 -16.0634
46.68 11.8045 -27.8678 -16.0633
46.7 10.4031 -26.4664 -16.0633
46.72 11.6346 -27.6979 -16.0633
46.74 11.7151 -27.7784 -16.0633
46.76 11.1284 -27.1917 -16.0633
46.78 10.1945 -26.2579 -16.0633
46.8 9.84287 -25.9062 -16.0633
46.82 10.4993 -26.5626 -16.0633
46.84 10.3912 -26.4545 -16.0633
46.86 11.0458 -27.1092 -16.0633
46.88 10.1965 -26.2598 -16.0633
46.9 9.30491 -25.3682 -16.0633
46.92 10.4969 -26.5603 -16.0633
46.94 10.9688 -27.0322 -16.0633
46.96 11.8422 -27.9055 -16.0633
46.98 11.0843 -27.1476 -16.0633
47 9.92531 -25.9887 -16.0634
47.02 10.5983 -26.6617 -16.0634
47.04 11.4618 -27.5252 -16.0634
47.06 12.6983 -28.7617 -16.0634
47.08 14.6643 -30.7277 -16.0634
47.1 15.757 -31.8205 -16.0635
47.12 11.7404 -27.8039 -16.0634
47.14 9.06732 -25.1308 -16.0635
47.16 13.2043 -29.2678 -16.0635
47.18 13.2783 -29.3417 -16.0634
47.2 9.91831 -25.9817 -16.0634
47.22 9.83832 -25.9017 -16.0634
47.24 11.6459 -27.7093 -16.0634
47.26 13.3728 -29.4362 -16.0634
47.28 14.0911 -30.1545 -16.0634
47.3 13.2496 -29.3131 -16.0635
47.32 10.5923 -26.6557 -16.0634
47.34 10.139 -26.2024 -16.0634
47.36 13.6476 -29.711 -16.0634
47.38 16.0606 -32.1241 -16.0635
47.4 13.1194 -29.1828 -16.0634
47.42 8.37513 -24.4385 -16.0634
47.44 7.31599 -23.3794 -16.0634
47.46 7.74793 -23.8114 -16.0634
47.48 9.09185 -25.1553 -16.0635
47.5 10.0104 -26.0739 -16.0635
47.52 11.9963 -28.0598 -16.0635
47.54 14.0032 -30.0667 -16.0635
47.56 13.0811 -29.1446 -16.0635
47.58 11.2002 -27.2637 -16.0635
47.6 9.72018 -25.7836 -16.0634
47.62 8.77284 -24.8363 -16.0634
47.64 8.61063 -24.6741 -16.0634
47.66 8.61913 -24.6826 -16.0634
47.68 12.8316 -28.8951 -16.0635
47.7 15.2244 -31.2879 -16.0635
47.72 13.1119 -29.1754 -16.0636
47.74 11.8322 -27.8957 -16.0636
47.76 12.0608 -28.1244 -16.0636
47.78 10.8719 -26.9355 -16.0636
47.8 12.5778 -28.6414 -16.0636
47.82 14.6476 -30.7112 -16.0636
47.84 13.923 -29.9866 -16.0636
47.86 10.5967 -26.6603 -16.0636
47.88 9.18896 -25.2525 -16.0636
47.9 11.4676 -27.5312 -16.0636
47.92 12.1031 -28.1667 -16.0636
47.94 11.3264 -27.3899 -16.0636
47.96 11.1049 -27.1685 -16.0637
47.98 10.4194 -26.4831 -16.0637
48 9.76322 -25.8269 -16.0637
48.02 10.3447 -26.4083 -16.0637
48.04 11.5402 -27.6038 -16.0637
48.06 10.4508 -26.5145 -16.0637
48.08 8.96787 -25.0315 -16.0637
48.1 10.7372 -26.8008 -16.0637
48.12 12.7713 -28.835 -16.0637
48.14 12.9942 -29.0579 -16.0636
48.16 12.1786 -28.2422 -16.0637
48.18 12.4634 -28.5271 -16.0636
48.2 11.5919 -27.6555 -16.0637
48.22 9.2704 -25.3341 -16.0637
48.24 8.2489 -24.3125 -16.0636
48.26 10.5722 -26.6359 -16.0637
48.28 12.1751 -28.2388 -16.0637
48.3 12.1667 -28.2304 -16.0637
48.32 11.9667 -28.0304 -16.0637
48.34 10.8998 -26.9635 -16.0637
48.36 10.2819 -26.3456 -16.0637
48.38 11.447 -27.5107 -16.0637
48.4 11.3349 -27.3986 -16.0637
48.42 10.4414 -26.5051 -16.0637
48.44 11.7351 -27.7988 -16.0636
48.46 13.223 -29.2866 -16.0636
48.48 12.1732 -28.2368 -16.0636
48.5 11.0745 -27.1381 -16.0636
48.52 13.638 -29.7016 -16.0636
48.54 13.93 -29.9936 -16.0636
48.56 12.3302 -28.3939 -16.0637
48.58 11.0228 -27.0865 -16.0637
48.6 10.3482 -26.4119 -16.0637
48.62 11.7484 -27.812 -16.0637
48.64 12.2977 -28.3614 -16.0636
48.66 11.4748 -27.5385 -16.0636
48.68 10.3826 -26.4463 -16.0636
48.7 8.51124 -24.5749 -16.0636
48.72 9.45192 -25.5156 -16.0636
48.74 11.2058 -27.2694 -16.0636
48.76 10.674 -26.7375 -16.0636
48.78 9.49983 -25.5634 -16.0636
48.8 8.43897 -24.5025 -16.0636
48.82 9.09065 -25.1542 -16.0636
48.84 8.52305 -24.5866 -16.0635
48.86 10.1229 -26.1865 -16.0635
48.88 12.5246 -28.5881 -16.0636
48.9 10.8444 -26.908 -16.0636
48.92 8.94406 -25.0076 -16.0635
48.94 11.0612 -27.1248 -16.0636
48.96 12.2974 -28.3609 -16.0636
48.98 10.3636 -26.4272 -16.0636
49 9.3256 -25.3892 -16.0636
49.02 10.7439 -26.8075 -16.0636
49.04 12.1985 -28.2621 -16.0636
49.06 12.4577 -28.5213 -16.0636
49.08 11.1017 -27.1653 -16.0636
49.1 9.71537 -25.779 -16.0636
49.12 9.01761 -25.0812 -16.0636
49.14 9.89716 -25.9608 -16.0636
49.16 10.3637 -26.4274 -16.0637
49.18 9.70969 -25.7733 -16.0637
49.2 9.41845 -25.4821 -16.0637
49.22 9.42025 -25.4839 -16.0637
49.24 8.10514 -24.1688 -16.0637
49.26 8.05031 -24.114 -16.0637
49.28 9.58521 -25.6489 -16.0637
49.3 7.23795 -23.3017 -16.0637
49.32 6.81524 -22.8789 -16.0637
49.34 11.3225 -27.3863 -16.0637
49.36 12.1438 -28.2075 -16.0637
49.38 9.85267 -25.9164 -16.0637
49.4 9.35148 -25.4152 -16.0637
49.42 11.3965 -27.4602 -16.0637
49.44 12.0371 -28.1008 -16.0637
49.46 9.38339 -25.4471 -16.0637
49.48 9.63646 -25.7001 -16.0637
49.5 12.36 -28.4237 -16.0637
49.52 12.1759 -28.2397 -16.0637
49.54 9.86629 -25.93 -16.0637
49.56 12.5372 -28.6009 -16.0637
49.58 16.2354 -32.2991 -16.0637
49.6 13.5809 -29.6446 -16.0637
49.62 8.65921 -24.7229 -16.0637
49.64 10.3153 -26.379 -16.0637
49.66 13.9694 -30.0331 -16.0637
49.68 13.1412 -29.2049 -16.0637
49.7 11.3175 -27.3812 -16.0638
49.72 13.2506 -29.3143 -16.0637
49.74 14.1442 -30.208 -16.0637
49.76 12.2338 -28.2976 -16.0637
49.78 12.9667 -29.0304 -16.0637
49.8 13.1503 -29.2141 -16.0637
49.82 7.54492 -23.6086 -16.0637
49.84 7.72656 -23.7903 -16.0637
49.86 11.6144 -27.6781 -16.0637
49.88 10.4666 -26.5304 -16.0638
49.9 9.51666 -25.5804 -16.0638
49.92 9.59512 -25.6589 -16.0637
49.94 12.5775 -28.6413 -16.0638
49.96 14.867 -30.9308 -16.0638
49.98 12.8888 -28.9526 -16.0638
