0.00 128 -16.0626 111.937
0.02 91.5105 20.4261 111.937
0.04 65.4226 46.514 111.937
0.06 82.1493 29.7874 111.937
0.08 113.352 -1.4154 111.937
0.1 109.886 2.05006 111.936
0.12 94.8034 17.1331 111.937
0.14 106.978 4.95863 111.936
0.16 85.5117 26.4246 111.936
0.18 63.4801 48.4563 111.936
0.2 89.5027 22.4335 111.936
0.22 94.1231 17.8133 111.936
0.24 76.1935 35.7427 111.936
0.26 81.8264 30.1098 111.936
0.28 101.908 10.0279 111.936
0.3 90.377 21.5592 111.936
0.32 52.7543 59.1821 111.936
0.34 98.401 13.5352 111.936
0.36 110.07 1.86607 111.936
0.38 98.9828 12.9536 111.936
0.4 79.3207 32.6159 111.937
0.42 78.9468 32.9895 111.936
0.44 78.7967 33.1398 111.937
0.46 99.8078 12.1286 111.936
0.48 88.6352 23.3013 111.937
0.5 96.5251 15.4114 111.936
0.52 98.3401 13.5963 111.936
0.54 69.0393 42.8973 111.937
0.56 82.1188 29.8176 111.936
0.58 81.927 30.0096 111.937
0.6 75.002 36.9348 111.937
0.62 91.232 20.7047 111.937
0.64 96.3113 15.6253 111.937
0.66 74.8833 37.0533 111.937
0.68 95.7153 16.2212 111.936
0.7 100.82 11.1165 111.937
0.72 84.5877 27.349 111.937
0.74 71.3376 40.5991 111.937
0.76 104.842 7.09454 111.937
0.78 110.424 1.51285 111.937
0.8 99.1956 12.7411 111.937
0.82 75.9268 36.01 111.937
0.84 75.655 36.2817 111.937
0.86 89.749 22.1876 111.937
0.88 85.9331 26.0037 111.937
0.9 62.6607 49.2764 111.937
0.92 84.1526 27.7842 111.937
0.94 90.1297 21.8071 111.937
0.96 97.7725 14.1642 111.937
0.98 94.4799 17.4567 111.937
1 82.9825 28.9541 111.937
1.02 85.444 26.4925 111.937
1.04 85.3863 26.5502 111.936
1.06 92.1444 19.7923 111.937
1.08 101.955 9.98183 111.937
1.1 84.4615 27.4751 111.937
1.12 105.992 5.94461 111.936
1.14 91.9716 19.965 111.937
1.16 87.8842 24.0522 111.936
1.18 91.9381 19.9984 111.937
1.2 88.3216 23.6149 111.937
1.22 69.6822 42.2544 111.937
1.24 95.3635 16.573 111.936
1.26 83.9062 28.0305 111.937
1.28 107.974 3.9622 111.937
1.3 96.0695 15.867 111.937
1.32 80.6013 31.3352 111.936
1.34 77.0761 34.8603 111.936
1.36 77.3602 34.5765 111.937
1.38 105.268 6.66826 111.936
1.4 85.1324 26.804 111.936
1.42 81.129 30.8073 111.936
1.44 86.2897 25.6465 111.936
1.46 75.2891 36.647 111.936
1.48 73.1205 38.8157 111.936
1.5 95.988 15.948 111.936
1.52 70.2881 41.648 111.936
1.54 87.8558 24.08 111.936
1.56 80.0116 31.9244 111.936
1.58 75.8671 36.069 111.936
1.6 98.7607 13.1753 111.936
1.62 94.4448 17.4911 111.936
1.64 82.1211 29.815 111.936
1.66 91.2308 20.7052 111.936
1.68 64.8306 47.1053 111.936
1.7 50.9903 60.9458 111.936
1.72 94.9893 16.9465 111.936
1.74 80.484 31.452 111.936
1.76 92.1457 19.7904 111.936
1.78 92.3669 19.5689 111.936
1.8 67.8586 44.0773 111.936
1.82 63.0369 48.8995 111.936
1.84 87.9103 24.0259 111.936
1.86 89.2242 22.7121 111.936
1.88 90.6336 21.3028 111.936
1.9 107.939 3.99704 111.936
1.92 80.5539 31.3826 111.937
1.94 102.897 9.03936 111.936
1.96 82.2326 29.7037 111.936
1.98 98.5532 13.3831 111.936
2 85.972 25.9645 111.937
2.02 80.91 31.0264 111.936
2.04 65.3677 46.5689 111.937
2.06 85.0959 26.8405 111.936
2.08 74.3715 37.5651 111.937
2.1 86.9828 24.954 111.937
2.12 98.1464 13.7902 111.937
2.14 92.7823 19.1543 111.937
2.16 77.1018 34.8349 111.937
2.18 83.1573 28.7795 111.937
2.2 83.0774 28.8595 111.937
2.22 83.62 28.317 111.937
2.24 94.6597 17.2771 111.937
2.26 80.6108 31.3261 111.937
2.28 77.1314 34.8055 111.937
2.3 70.6037 41.3333 111.937
2.32 86.4724 25.4644 111.937
2.34 64.3471 47.5899 111.937
2.36 80.086 31.8508 111.937
2.38 83.2613 28.6758 111.937
2.4 110.344 1.59312 111.937
2.42 99.6026 12.3346 111.937
2.44 96.4315 15.5057 111.937
2.46 96.5187 15.4186 111.937
2.48 88.1514 23.7858 111.937
2.5 80.5286 31.4088 111.937
2.52 89.1152 22.8221 111.937
2.54 73.6853 38.252 111.937
2.56 90.5453 21.3916 111.937
2.58 60.5644 51.3728 111.937
2.6 103.154 8.78262 111.937
2.62 94.9263 17.0108 111.937
2.64 70.451 41.4864 111.937
2.66 92.3974 19.5397 111.937
2.68 69.677 42.2604 111.937
2.7 106.485 5.4524 111.937
2.72 100.263 11.6744 111.937
2.74 73.6709 38.2663 111.937
2.76 107.266 4.67126 111.937
2.78 98.6859 13.2515 111.937
2.8 80.6994 31.2381 111.937
2.82 85.9368 26.0006 111.937
2.84 66.9932 44.9443 111.938
2.86 90.7919 21.1457 111.938
2.88 89.8305 22.1072 111.938
2.9 74.4958 37.442 111.938
2.92 84.6199 27.3177 111.938
2.94 88.417 23.5206 111.938
2.96 104.849 7.08899 111.938
2.98 100.073 11.8649 111.938
3 100.748 11.1893 111.938
3.02 76.9863 34.9517 111.938
3.04 76.9698 34.968 111.938
3.06 90.8007 21.1371 111.938
3.08 88.5118 23.426 111.938
3.1 85.0478 26.89 111.938
3.12 104.365 7.57282 111.938
3.14 91.5883 20.3495 111.938
3.16 87.8926 24.0453 111.938
3.18 69.4891 42.449 111.938
3.2 69.0977 42.8406 111.938
3.22 105.902 6.03627 111.938
3.24 85.5099 26.4287 111.939
3.26 94.4206 17.5178 111.938
3.28 98.7167 13.2218 111.939
3.3 98.9934 12.945 111.938
3.32 80.4792 31.4595 111.939
3.34 93.3397 18.5988 111.939
3.36 70.7742 41.1645 111.939
3.38 100.801 11.1378 111.938
3.4 92.4068 19.5318 111.939
3.42 80.237 31.7018 111.939
3.44 94.636 17.3027 111.939
3.46 78.2611 33.6775 111.939
3.48 76.2825 35.656 111.939
3.5 86.2484 25.6903 111.939
3.52 97.3474 14.5912 111.939
3.54 77.1118 34.8269 111.939
3.56 101.761 10.1774 111.939
3.58 102.792 9.14657 111.939
3.6 81.7983 30.1404 111.939
3.62 97.448 14.4905 111.938
3.64 79.8374 32.1011 111.939
3.66 92.679 19.2594 111.938
3.68 89.9232 22.0152 111.938
3.7 76.1086 35.8299 111.939
3.72 89.6938 22.2442 111.938
3.74 85.1393 26.799 111.938
3.76 88.4437 23.4947 111.938
3.78 89.7021 22.2364 111.939
3.8 88.9946 22.9439 111.938
3.82 67.5742 44.3645 111.939
3.84 67.8349 44.1038 111.939
3.86 78.1552 33.7835 111.939
3.88 81.7185 30.2203 111.939
3.9 90.3171 21.6217 111.939
3.92 64.1836 47.7553 111.939
3.94 74.5636 37.3751 111.939
3.96 86.9844 24.9546 111.939
3.98 108.457 3.48191 111.939
4 82.5532 29.386 111.939
4.02 104.605 7.33365 111.939
4.04 83.2124 28.7267 111.939
4.06 71.8012 40.1379 111.939
4.08 92.4279 19.5111 111.939
4.1 66.4758 45.4634 111.939
4.12 76.2461 35.693 111.939
4.14 69.7921 42.1471 111.939
4.16 105.44 6.49858 111.939
4.18 92.1454 19.7936 111.939
4.2 78.5221 33.417 111.939
4.22 93.4704 18.4686 111.939
4.24 73.957 37.9822 111.939
4.26 100.282 11.6574 111.939
4.28 87.6167 24.3227 111.939
4.3 113.993 -2.05368 111.939
4.32 81.6923 30.2469 111.939
4.34 55.8455 56.0938 111.939
4.36 86.7924 25.1468 111.939
4.38 95.1525 16.7868 111.939
4.4 103.262 8.67763 111.939
4.42 75.9669 35.9725 111.939
4.44 69.3521 42.5872 111.939
4.46 71.5845 40.3546 111.939
4.48 73.1435 38.7957 111.939
4.5 96.6123 15.3268 111.939
4.52 79.4009 32.5383 111.939
4.54 84.8084 27.1307 111.939
4.56 116.765 -4.82604 111.939
4.58 112.233 -0.293671 111.939
4.6 89.014 22.9251 111.939
4.62 80.4341 31.505 111.939
4.64 104.628 7.31146 111.939
4.66 122.555 -10.6158 111.939
4.68 108.89 3.04957 111.939
4.7 103.483 8.45615 111.939
4.72 52.2783 59.6611 111.939
4.74 72.5875 39.3516 111.939
4.76 82.237 29.7021 111.939
4.78 100.809 11.1302 111.939
4.8 101.587 10.3523 111.939
4.82 90.6514 21.2877 111.939
4.84 88.8915 23.0478 111.939
4.86 109.617 2.32237 111.939
4.88 69.3366 42.6031 111.94
4.9 77.8809 34.0584 111.939
4.92 60.683 51.2567 111.94
4.94 118.589 -6.64952 111.939
4.96 110.883 1.05657 111.939
4.98 73.4157 38.5237 111.939
5 63.6273 48.312 111.939
5.02 99.2045 12.7347 111.939
5.04 106.87 5.06928 111.94
5.06 95.5775 16.3617 111.939
5.08 74.001 37.9382 111.939
5.1 65.1505 46.789 111.939
5.12 88.861 23.0783 111.939
5.14 96.9532 14.9859 111.939
5.16 74.6661 37.2734 111.939
5.18 106.902 5.03698 111.939
5.2 87.9741 23.9653 111.939
5.22 69.5898 42.3496 111.939
5.24 61.8803 50.0593 111.94
5.26 98.367 13.5725 111.94
5.28 103.576 8.36333 111.939
5.3 85.9756 25.9638 111.939
5.32 85.7351 26.2042 111.939
5.34 78.2058 33.7337 111.94
5.36 72.4296 39.5096 111.939
5.38 73.3026 38.6365 111.939
5.4 88.6691 23.2701 111.939
5.42 88.0635 23.8754 111.939
5.44 70.3937 41.5456 111.939
5.46 112.38 -0.441545 111.939
5.48 76.7041 35.235 111.939
5.5 74.5488 37.3901 111.939
5.52 74.2845 37.6544 111.939
5.54 97.4253 14.5133 111.939
5.56 76.6774 35.2615 111.939
5.58 75.488 36.4506 111.939
5.6 79.0686 32.87 111.939
5.62 84.0601 27.8786 111.939
5.64 85.7817 26.1568 111.938
5.66 88.955 22.9834 111.938
5.68 105.259 6.67914 111.938
5.7 94.0597 17.8783 111.938
5.72 69.9086 42.0295 111.938
5.74 99.4678 12.4703 111.938
5.76 93.1166 18.8217 111.938
5.78 71.639 40.2993 111.938
5.8 88.0318 23.9065 111.938
5.82 83.4782 28.4601 111.938
5.84 76.8416 35.0966 111.938
5.86 99.6156 12.3226 111.938
5.88 103.147 8.79089 111.938
5.9 85.7042 26.2338 111.938
5.92 83.5703 28.3677 111.938
5.94 65.8255 46.1127 111.938
5.96 83.0173 28.9206 111.938
5.98 93.1988 18.7392 111.938
6 105.626 6.31153 111.938
6.02 87.1247 24.8135 111.938
6.04 89.3268 22.6112 111.938
6.06 59.674 52.2642 111.938
6.08 74.2761 37.6622 111.938
6.1 89.3633 22.575 111.938
6.12 93.4498 18.4885 111.938
6.14 91.3486 20.5897 111.938
6.16 92.7574 19.181 111.938
6.18 94.3308 17.6074 111.938
6.2 105.103 6.83554 111.938
6.22 93.7857 18.1524 111.938
6.24 71.4037 40.5349 111.939
6.26 86.4331 25.5053 111.938
6.28 95.5096 16.4286 111.938
6.3 86.401 25.5375 111.938
6.32 78.9452 32.9933 111.939
6.34 89.1482 22.7901 111.938
6.36 88.3642 23.5738 111.938
6.38 104.157 7.78143 111.938
6.4 115.662 -3.72368 111.938
6.42 87.7088 24.2296 111.938
6.44 72.291 39.6475 111.939
6.46 88.7446 23.1937 111.938
6.48 99.9138 12.0245 111.938
6.5 79.0275 32.9111 111.939
6.52 86.2207 25.7177 111.938
6.54 85.0671 26.8714 111.939
6.56 91.9922 19.9462 111.938
6.58 92.8543 19.084 111.938
6.6 84.3733 27.5652 111.938
6.62 101.389 10.5496 111.938
6.64 73.7269 38.2117 111.939
6.66 99.2032 12.735 111.938
6.68 98.1613 13.7774 111.939
6.7 101.288 10.6505 111.938
6.72 71.7769 40.1617 111.939
6.74 88.1633 23.775 111.938
6.76 91.9055 20.0328 111.938
6.78 78.5607 33.3776 111.938
6.8 77.9817 33.9567 111.938
6.82 79.0572 32.8813 111.938
6.84 96.8189 15.1195 111.938
6.86 96.9438 14.9946 111.938
6.88 72.0532 39.8853 111.938
6.9 73.166 38.7724 111.938
6.92 74.2583 37.6802 111.939
6.94 97.8919 14.0464 111.938
6.96 90.9715 20.9668 111.938
6.98 70.7095 41.2289 111.938
7 101.29 10.6486 111.938
7.02 103.453 8.48538 111.938
7.04 66.4427 45.4956 111.938
7.06 71.4196 40.5187 111.938
7.08 115.004 -3.06553 111.938
7.1 85.5005 26.4381 111.939
7.12 83.907 28.0315 111.938
7.14 78.9022 33.0362 111.938
7.16 77.3323 34.6063 111.939
7.18 85.889 26.0495 111.938
7.2 87.3299 24.6085 111.938
7.22 76.1951 35.7436 111.939
7.24 77.2012 34.7374 111.939
7.26 70.7753 41.1631 111.938
7.28 99.0546 12.8836 111.938
7.3 85.5962 26.3423 111.938
7.32 102.599 9.33943 111.938
7.34 95.6292 16.3088 111.938
7.36 84.699 27.2393 111.938
7.38 79.6194 32.3187 111.938
7.4 71.3778 40.5604 111.938
7.42 82.5838 29.3542 111.938
7.44 79.2813 32.6566 111.938
7.46 63.4258 48.5123 111.938
7.48 75.8101 36.128 111.938
7.5 92.0282 19.9099 111.938
7.52 84.2679 27.6705 111.938
7.54 85.5877 26.3507 111.938
7.56 88.4732 23.4652 111.938
7.58 64.3503 47.5884 111.939
7.6 94.1646 17.7738 111.938
7.62 77.8474 34.0913 111.939
7.64 110.512 1.42626 111.938
7.66 100.117 11.821 111.938
7.68 77.4315 34.5068 111.938
7.7 100.479 11.4588 111.938
7.72 80.4338 31.5045 111.938
7.74 90.0595 21.8786 111.938
7.76 79.8449 32.0932 111.938
7.78 104.233 7.70524 111.938
7.8 88.6435 23.2946 111.938
7.82 77.0035 34.9346 111.938
7.84 77.9723 33.966 111.938
7.86 108.233 3.7053 111.938
7.88 97.1703 14.7679 111.938
7.9 83.9474 27.9909 111.938
7.92 93.584 18.3541 111.938
7.94 63.6476 48.291 111.939
7.96 66.211 45.7273 111.938
7.98 96.7666 15.1717 111.938
8 92.6489 19.2892 111.938
8.02 62.3096 49.6287 111.938
8.04 82.4296 29.5086 111.938
8.06 95.3206 16.6176 111.938
8.08 83.6648 28.2734 111.938
8.1 93.1842 18.754 111.938
8.12 93.9984 17.9398 111.938
8.14 99.7692 12.1688 111.938
8.16 86.4266 25.5115 111.938
8.18 98.4887 13.4494 111.938
8.2 93.4427 18.4953 111.938
8.22 108.32 3.61755 111.938
8.24 87.4261 24.5118 111.938
8.26 62.0952 49.8427 111.938
8.28 80.7574 31.1806 111.938
8.3 94.6162 17.3216 111.938
8.32 87.6284 24.3094 111.938
8.34 77.2269 34.7109 111.938
8.36 77.0438 34.8939 111.938
8.38 73.8935 38.0442 111.938
8.4 79.454 32.4838 111.938
8.42 53.8686 58.0699 111.939
8.44 100.416 11.5214 111.938
8.46 98.0257 13.912 111.938
8.48 64.8703 47.0679 111.938
8.5 101.426 10.5112 111.938
8.52 90.3039 21.6338 111.938
8.54 56.9859 54.952 111.938
8.56 97.4743 14.4634 111.938
8.58 103.362 8.57593 111.938
8.6 87.3948 24.5431 111.938
8.62 87.534 24.4038 111.938
8.64 76.5356 35.4024 111.938
8.66 91.318 20.62 111.938
8.68 101.021 10.9168 111.938
8.7 88.5428 23.395 111.938
8.72 84.6885 27.2494 111.938
8.74 104.146 7.79184 111.938
8.76 103.582 8.35532 111.938
8.78 70.3356 41.6022 111.938
8.8 98.9098 13.028 111.938
8.82 105.158 6.77964 111.938
8.84 84.0549 27.883 111.938
8.86 72.5185 39.4193 111.938
8.88 87.2373 24.7004 111.938
8.9 86.6924 25.2454 111.938
8.92 96.907 15.0307 111.938
8.94 99.5634 12.3744 111.938
8.96 78.8073 33.1307 111.938
8.98 94.1852 17.7526 111.938
9 97.7837 14.1542 111.938
9.02 77.3965 34.5417 111.938
9.04 80.954 30.9841 111.938
9.06 103.879 8.05867 111.938
9.08 92.5835 19.3545 111.938
9.1 79.1903 32.7481 111.938
9.12 106.812 5.12596 111.938
9.14 86.3258 25.6124 111.938
9.16 74.5659 37.3724 111.938
9.18 108.303 3.63482 111.938
9.2 109.812 2.12635 111.938
9.22 102.167 9.77117 111.938
9.24 105.086 6.85202 111.938
9.26 88.0381 23.9003 111.938
9.28 85.1131 26.8252 111.938
9.3 88.7766 23.1618 111.938
9.32 84.624 27.3144 111.938
9.34 94.9946 16.9438 111.938
9.36 96.9905 14.9476 111.938
9.38 78.6004 33.338 111.938
9.4 95.3889 16.5493 111.938
9.42 97.6147 14.3234 111.938
9.44 74.2508 37.6873 111.938
9.46 59.1287 52.8093 111.938
9.48 62.863 49.0751 111.938
9.5 77.5615 34.3765 111.938
9.52 54.0814 57.8568 111.938
9.54 89.8565 22.0814 111.938
9.56 88.6584 23.2796 111.938
9.58 95.1419 16.7959 111.938
9.6 88.4481 23.4899 111.938
9.62 72.0089 39.9291 111.938
9.64 95.8266 16.1113 111.938
9.66 92.6168 19.3214 111.938
9.68 75.5286 36.4094 111.938
9.7 67.5181 44.42 111.938
9.72 80.6921 31.246 111.938
9.74 77.9185 34.0196 111.938
9.76 83.1613 28.7769 111.938
9.78 100.918 11.0202 111.938
9.8 97.5732 14.365 111.938
9.82 99.1393 12.7991 111.938
9.84 100.028 11.9105 111.938
9.86 95.6812 16.2573 111.938
9.88 79.4661 32.4724 111.938
9.9 81.4015 30.5369 111.938
9.92 75.9413 35.9974 111.939
9.94 112.29 -0.351878 111.938
9.96 90.0609 21.8773 111.938
9.98 71.3159 40.6223 111.938
10 71.7435 40.1947 111.938
10.02 84.9345 27.0038 111.938
10.04 98.0965 13.8418 111.938
10.06 99.5069 12.4309 111.938
10.08 95.1782 16.7596 111.938
10.1 83.6703 28.2678 111.938
10.12 72.5075 39.4305 111.938
10.14 83.4967 28.4415 111.938
10.16 99.7668 12.1713 111.938
10.18 89.9466 21.9913 111.938
10.2 83.1293 28.8085 111.938
10.22 70.224 41.7141 111.938
10.24 96.723 15.2148 111.938
10.26 100.343 11.595 111.938
10.28 71.7964 40.1417 111.938
10.3 96.6973 15.2404 111.938
10.32 88.5559 23.3819 111.938
10.34 78.5875 33.3503 111.938
10.36 99.8135 12.1243 111.938
10.38 114.159 -2.22128 111.938
10.4 105.799 6.13875 111.938
10.42 93.3247 18.6128 111.938
10.44 63.1824 48.7554 111.938
10.46 103.075 8.86256 111.938
10.48 114.419 -2.48156 111.938
10.5 94.2127 17.7251 111.938
10.52 89.9471 21.9903 111.937
10.54 92.6182 19.3193 111.937
10.56 97.7649 14.1725 111.937
10.58 65.2879 46.6496 111.937
10.6 69.2968 42.6407 111.937
10.62 101.55 10.3875 111.937
10.64 89.8519 22.0857 111.938
10.66 89.5323 22.4052 111.937
10.68 81.5967 30.3408 111.937
10.7 85.9662 25.9714 111.938
10.72 102.164 9.77374 111.937
10.74 72.59 39.3477 111.938
10.76 86.1467 25.7908 111.937
10.78 99.2385 12.699 111.938
10.8 79.1083 32.8293 111.938
10.82 89.3792 22.5584 111.938
10.84 94.8632 17.0745 111.938
10.86 96.6969 15.2407 111.938
10.88 83.2545 28.683 111.938
10.9 59.9311 52.0064 111.938
10.92 64.4806 47.457 111.938
10.94 93.658 18.2795 111.937
10.96 88.4013 23.5361 111.937
10.98 100.978 10.959 111.937
11 102.344 9.59303 111.937
11.02 77.2709 34.6663 111.937
11.04 66.453 45.4839 111.937
11.06 63.3827 48.5544 111.937
11.08 99.2949 12.642 111.937
11.1 100.823 11.1136 111.937
11.12 89.7181 22.2189 111.937
11.14 71.7107 40.2264 111.937
11.16 81.5388 30.3982 111.937
11.18 94.6124 17.3247 111.937
11.2 87.5692 24.3678 111.937
11.22 88.9534 22.9836 111.937
11.24 102.262 9.6753 111.937
11.26 89.3962 22.5411 111.937
11.28 94.2686 17.6684 111.937
11.3 80.3677 31.5694 111.937
11.32 88.1205 23.8165 111.937
11.34 74.7084 37.2287 111.937
11.36 66.2465 45.6908 111.937
11.38 97.815 14.122 111.937
11.4 75.1037 36.8335 111.937
11.42 70.6084 41.3288 111.937
11.44 108.311 3.62652 111.937
11.46 83.1306 28.8067 111.937
11.48 52.2357 59.7019 111.938
11.5 110.05 1.88715 111.937
11.52 105.904 6.03277 111.937
11.54 72.5777 39.3594 111.937
11.56 80.7614 31.1755 111.937
11.58 93.9332 18.0038 111.937
11.6 85.2127 26.7244 111.937
11.62 73.0806 38.8566 111.937
11.64 75.5817 36.3554 111.937
11.66 79.9581 31.9793 111.937
11.68 125.42 -13.4825 111.937
11.7 99.5112 12.4257 111.937
11.72 101.157 10.78 111.937
11.74 98.688 13.2491 111.937
11.76 92.1778 19.7591 111.937
11.78 68.4392 43.4978 111.937
11.8 69.051 42.8862 111.937
11.82 86.9719 24.9651 111.937
11.84 93.6681 18.2689 111.937
11.86 82.032 29.9048 111.937
11.88 64.4755 47.4613 111.937
11.9 62.3456 49.5915 111.937
11.92 99.841 12.0958 111.937
11.94 101.682 10.2549 111.937
11.96 85.17 26.7669 111.937
11.98 67.8265 44.1104 111.937
12 67.5321 44.4049 111.937
12.02 100.9 11.0364 111.937
12.04 103.631 8.30597 111.937
12.06 82.382 29.5549 111.937
12.08 70.0643 41.8725 111.937
12.1 70.4107 41.5261 111.937
12.12 82.753 29.1838 111.937
12.14 115.427 -3.49019 111.937
12.16 76.3797 35.5575 111.937
12.18 106.906 5.03048 111.937
12.2 111.053 0.884267 111.937
12.22 73.3537 38.5835 111.937
12.24 74.449 37.4879 111.937
12.26 76.5508 35.3862 111.937
12.28 82.7323 29.2049 111.937
12.3 106.976 4.96065 111.937
12.32 80.4621 31.4751 111.937
12.34 104.05 7.88709 111.937
12.36 87.3657 24.5715 111.937
12.38 89.5459 22.391 111.937
12.4 57.4884 54.4488 111.937
12.42 91.8638 20.0732 111.937
12.44 97.655 14.2818 111.937
12.46 83.1713 28.7658 111.937
12.48 92.7528 19.1842 111.937
12.5 80.1395 31.7977 111.937
12.52 97.9052 14.0316 111.937
12.54 72.8215 39.1153 111.937
12.56 74.5963 37.3406 111.937
12.58 98.469 13.468 111.937
12.6 85.5021 26.4349 111.937
12.62 92.7259 19.2109 111.937
12.64 103.984 7.95261 111.937
12.66 78.1841 33.7528 111.937
12.68 76.9494 34.9874 111.937
12.7 94.2211 17.7157 111.937
12.72 96.4107 15.526 111.937
12.74 66.6693 45.2675 111.937
12.76 69.0316 42.9052 111.937
12.78 88.7026 23.234 111.937
12.8 74.1432 37.7934 111.937
12.82 69.5667 42.37 111.937
12.84 71.0386 40.8978 111.936
12.86 74.9162 37.0203 111.937
12.88 70.9306 41.006 111.937
12.9 84.8631 27.0733 111.936
12.92 86.628 25.3086 111.937
12.94 77.5096 34.4269 111.936
12.96 75.3219 36.6144 111.936
12.98 68.4631 43.4734 111.936
13 85.19 26.7463 111.936
13.02 101.452 10.4847 111.936
13.04 65.3937 46.5428 111.937
13.06 89.832 22.1044 111.936
13.08 95.8154 16.121 111.936
13.1 88.3507 23.5857 111.936
13.12 89.5021 22.4343 111.936
13.14 78.6032 33.3335 111.937
13.16 101.297 10.6394 111.936
13.18 101.465 10.4711 111.937
13.2 92.5011 19.4356 111.937
13.22 103.403 8.53334 111.937
13.24 93.034 18.9026 111.937
13.26 82.1792 29.7573 111.937
13.28 68.5479 43.3886 111.937
13.3 67.6538 44.2828 111.937
13.32 80.2132 31.723 111.936
13.34 45.7818 66.1547 111.937
13.36 82.6876 29.2488 111.936
13.38 80.3999 31.5366 111.937
13.4 77.6066 34.3298 111.936
13.42 91.0632 20.8733 111.936
13.44 94.0695 17.867 111.936
13.46 79.2394 32.6971 111.937
13.48 77.0073 34.929 111.936
13.5 94.2358 17.7006 111.936
13.52 87.8137 24.1228 111.936
13.54 100.033 11.9028 111.936
13.56 75.3209 36.6157 111.937
13.58 73.7793 38.1571 111.936
13.6 77.4091 34.5272 111.936
13.62 78.6685 33.268 111.937
13.64 80.0008 31.9358 111.937
13.66 66.3216 45.615 111.937
13.68 81.1783 30.7581 111.936
13.7 57.5053 54.4313 111.937
13.72 85.5797 26.3567 111.936
13.74 105.377 6.55997 111.937
13.76 77.3803 34.5562 111.937
13.78 86.9033 25.033 111.936
13.8 76.7802 35.1565 111.937
13.82 90.7851 21.1514 111.937
13.84 77.9416 33.9949 111.937
13.86 91.051 20.8855 111.936
13.88 93.1965 18.7398 111.936
13.9 50.567 61.3698 111.937
13.92 94.1464 17.7901 111.936
13.94 94.6916 17.245 111.937
13.96 98.2389 13.6976 111.936
13.98 64.7202 47.2162 111.936
14 69.0576 42.8787 111.936
14.02 82.96 28.9766 111.937
14.04 79.9288 32.0078 111.937
14.06 85.5538 26.3825 111.936
14.08 75.1471 36.7894 111.936
14.1 89.1048 22.8315 111.936
14.12 80.9392 30.9969 111.936
14.14 78.9912 32.9451 111.936
14.16 95.5073 16.4289 111.936
14.18 90.2103 21.7259 111.936
14.2 64.0011 47.9355 111.937
14.22 94.0743 17.862 111.936
14.24 86.3097 25.6265 111.936
14.26 67.1961 44.7402 111.936
14.28 101.833 10.1037 111.936
14.3 83.8237 28.1127 111.936
14.32 67.5522 44.3843 111.936
14.34 80.7568 31.1796 111.936
14.36 73.8303 38.1061 111.936
14.38 69.5298 42.4065 111.936
14.4 79.3586 32.5778 111.936
14.42 88.6095 23.3266 111.936
14.44 71.9555 39.9809 111.936
14.46 89.5475 22.3888 111.936
14.48 89.5556 22.3804 111.936
14.5 72.9811 38.9548 111.936
14.52 63.4059 48.5303 111.936
14.54 98.0967 13.8393 111.936
14.56 93.3396 18.5966 111.936
14.58 99.3089 12.6269 111.936
14.6 62.1891 49.7471 111.936
14.62 97.5222 14.4138 111.936
14.64 83.9517 27.9846 111.936
14.66 94.6658 17.2703 111.936
14.68 71.9011 40.0352 111.936
14.7 101.426 10.5099 111.936
14.72 88.9661 22.9703 111.936
14.74 106.224 5.71202 111.936
14.76 80.7272 31.2095 111.937
14.78 87.2807 24.6556 111.936
14.8 72.6456 39.2908 111.936
14.82 90.054 21.8824 111.936
14.84 95.9028 16.0337 111.936
14.86 75.4479 36.4886 111.936
14.88 79.54 32.3966 111.937
14.9 118.318 -6.38169 111.936
14.92 75.0783 36.8582 111.937
14.94 100.868 11.0685 111.936
14.96 87.1495 24.787 111.936
14.98 87.3293 24.6071 111.936
15 107.072 4.86383 111.936
15.02 72.9546 38.9816 111.936
15.04 84.7964 27.1399 111.936
15.06 113.119 -1.18331 111.936
15.08 71.1128 40.8235 111.936
15.1 93.1103 18.8258 111.936
15.12 104.211 7.72533 111.936
15.14 81.2389 30.6972 111.936
15.16 79.8159 32.1202 111.936
15.18 104.501 7.43549 111.936
15.2 95.0836 16.8526 111.936
15.22 100.683 11.2527 111.936
15.24 97.7486 14.1874 111.936
15.26 92.9033 19.0327 111.936
15.28 80.9245 31.0115 111.936
15.3 87.418 24.5181 111.936
15.32 82.8189 29.1172 111.936
15.34 69.9264 42.0097 111.936
15.36 80.2946 31.6414 111.936
15.38 71.7767 40.1596 111.936
15.4 87.2458 24.6904 111.936
15.42 79.4108 32.5252 111.936
15.44 95.6567 16.2793 111.936
15.46 104.564 7.37191 111.936
15.48 81.1614 30.7746 111.936
15.5 85.4338 26.5019 111.936
15.52 84.0254 27.9104 111.936
15.54 72.5097 39.4263 111.936
15.56 64.0066 47.9295 111.936
15.58 67.0644 44.8716 111.936
15.6 57.5467 54.3896 111.936
15.62 90.1921 21.7439 111.936
15.64 70.0791 41.8571 111.936
15.66 76.1272 35.8089 111.936
15.68 95.6495 16.2866 111.936
15.7 85.2281 26.7081 111.936
15.72 102.323 9.61257 111.936
15.74 105.018 6.91769 111.936
15.76 98.0346 13.9014 111.936
15.78 85.9651 25.9705 111.936
15.8 54.6984 57.2375 111.936
15.82 70.3265 41.609 111.936
15.84 75.8695 36.0662 111.936
15.86 113.1 -1.16428 111.936
15.88 91.8308 20.1052 111.936
15.9 102.189 9.74699 111.936
15.92 100.922 11.0141 111.936
15.94 86.0095 25.9262 111.936
15.96 67.8438 44.0921 111.936
15.98 107.427 4.50867 111.936
16 81.5406 30.3951 111.936
16.02 82.2834 29.6521 111.935
16.04 83.8078 28.1278 111.936
16.06 101.661 10.2744 111.935
16.08 98.5364 13.3989 111.935
16.1 93.836 18.0991 111.935
16.12 85.0637 26.8716 111.935
16.14 94.3076 17.6278 111.935
16.16 100.801 11.1337 111.935
16.18 63.2132 48.7221 111.935
16.2 81.1174 30.8177 111.935
16.22 83.3205 28.6147 111.935
16.24 94.7748 17.1603 111.935
16.26 95.1393 16.7958 111.935
16.28 82.7223 29.2128 111.935
16.3 72.2933 39.6418 111.935
16.32 79.4387 32.4964 111.935
16.34 94.1172 17.8178 111.935
16.36 93.8246 18.1101 111.935
16.38 81.0942 30.8407 111.935
16.4 91.2487 20.6862 111.935
16.42 91.0247 20.9102 111.935
16.44 75.049 36.8858 111.935
16.46 78.861 33.0737 111.935
16.48 95.3091 16.6259 111.935
16.5 104.588 7.34645 111.935
16.52 92.357 19.5778 111.935
16.54 79.7052 32.2296 111.935
16.56 95.0416 16.8933 111.935
16.58 94.8226 17.1122 111.935
16.6 58.1567 53.7782 111.935
16.62 70.2028 41.7319 111.935
16.64 71.2437 40.6911 111.935
16.66 82.0414 29.8933 111.935
16.68 78.4159 33.5188 111.935
16.7 97.9775 13.9571 111.935
16.72 72.4797 39.4551 111.935
16.74 78.3618 33.5726 111.934
16.76 103.761 8.1739 111.935
16.78 99.4323 12.5024 111.935
16.8 53.7847 58.1504 111.935
16.82 113.915 -1.97996 111.935
16.84 96.8073 15.1278 111.935
16.86 89.6868 22.2481 111.935
16.88 83.4369 28.4981 111.935
16.9 77.1355 34.7995 111.935
16.92 67.4174 44.5175 111.935
16.94 72.4118 39.5233 111.935
16.96 93.0088 18.9262 111.935
16.98 80.4403 31.4948 111.935
17 86.9081 25.0269 111.935
17.02 98.6315 13.3034 111.935
17.04 79.7919 32.1431 111.935
17.06 67.9715 43.9632 111.935
17.08 64.3165 47.6183 111.935
17.1 99.5219 12.4129 111.935
17.12 69.8343 42.1007 111.935
17.14 84.2673 27.6676 111.935
17.16 93.4237 18.5108 111.934
17.18 64.9023 47.0323 111.935
17.2 74.6534 37.2814 111.935
17.22 88.3879 23.5469 111.935
17.24 84.6986 27.2364 111.935
17.26 90.4165 21.5184 111.935
17.28 93.3614 18.5735 111.935
17.3 106.495 5.43986 111.935
17.32 121.575 -9.64042 111.935
17.34 104.883 7.05274 111.935
17.36 88.9262 23.009 111.935
17.38 89.179 22.7565 111.935
17.4 89.7183 22.2171 111.935
17.42 94.6662 17.2692 111.935
17.44 107.855 4.08042 111.935
17.46 96.9565 14.9788 111.935
17.48 98.8654 13.0697 111.935
17.5 72.9042 39.0312 111.935
17.52 91.4061 20.5292 111.935
17.54 95.5462 16.389 111.935
17.56 78.6998 33.2353 111.935
17.58 71.7063 40.229 111.935
17.6 82.3646 29.5704 111.935
17.62 69.9885 41.9466 111.935
17.64 78.284 33.6511 111.935
17.66 96.6657 15.2694 111.935
17.68 83.6494 28.2855 111.935
17.7 83.4166 28.5185 111.935
17.72 93.6925 18.2426 111.935
17.74 100.242 11.6929 111.935
17.76 78.0726 33.8625 111.935
17.78 85.6772 26.2578 111.935
17.8 83.2889 28.6461 111.935
17.82 78.5734 33.3615 111.935
17.84 81.0455 30.8894 111.935
17.86 91.327 20.6079 111.935
17.88 91.9864 19.9486 111.935
17.9 100.966 10.9688 111.935
17.92 99.2462 12.6885 111.935
17.94 107.429 4.50518 111.935
17.96 79.2874 32.6472 111.935
17.98 84.0991 27.8354 111.935
18 94.4333 17.5012 111.934
18.02 101.407 10.5271 111.934
18.04 79.6939 32.2406 111.934
18.06 92.6922 19.2423 111.934
18.08 109.702 2.23277 111.934
18.1 82.1355 29.799 111.934
18.12 96.2905 15.6436 111.934
18.14 78.906 33.0281 111.934
18.16 86.6668 25.2673 111.934
18.18 71.6703 40.2639 111.934
18.2 95.1636 16.7704 111.934
18.22 93.8229 18.111 111.934
18.24 95.985 15.9489 111.934
18.26 90.7365 21.1976 111.934
18.28 90.8889 21.0449 111.934
18.3 83.1518 28.7819 111.934
18.32 62.882 49.0519 111.934
18.34 72.9202 39.0138 111.934
18.36 91.9986 19.9354 111.934
18.38 111.323 0.610414 111.934
18.4 73.818 38.116 111.934
18.42 94.1138 17.8198 111.934
18.44 92.6164 19.3175 111.934
18.46 83.9673 27.9667 111.934
18.48 53.79 58.1441 111.934
18.5 95.9064 16.0274 111.934
18.52 66.0184 45.9158 111.934
18.54 85.8908 26.0431 111.934
18.56 92.4138 19.5202 111.934
18.58 106.009 5.92477 111.934
18.6 102.139 9.7952 111.934
18.62 86.0079 25.926 111.934
18.64 99.9746 11.9591 111.934
18.66 84.9406 26.9933 111.934
18.68 97.1962 14.7375 111.934
18.7 88.2419 23.6921 111.934
18.72 84.2069 27.727 111.934
18.74 68.9722 42.9616 111.934
18.76 68.1738 43.7599 111.934
18.78 88.7838 23.1498 111.934
18.8 100.365 11.5686 111.934
18.82 81.6363 30.2974 111.934
18.84 58.0916 53.842 111.934
18.86 84.7247 27.2089 111.934
18.88 96.9346 14.9991 111.934
18.9 85.1162 26.8179 111.934
18.92 93.984 17.9498 111.934
18.94 62.2806 49.6535 111.934
18.96 84.0137 27.9204 111.934
18.98 109.873 2.06159 111.934
19 85.4541 26.4803 111.934
19.02 87.8599 24.0741 111.934
19.04 65.3786 46.5556 111.934
19.06 86.7481 25.1859 111.934
19.08 85.0516 26.8825 111.934
19.1 87.607 24.3271 111.934
19.12 94.6383 17.2957 111.934
19.14 93.1685 18.7655 111.934
19.16 86.9831 24.9509 111.934
19.18 75.1541 36.7801 111.934
19.2 81.6856 30.2485 111.934
19.22 96.5355 15.3987 111.934
19.24 93.7306 18.2037 111.934
19.26 117.165 -5.23088 111.934
19.28 105.365 6.56894 111.934
19.3 58.078 53.8562 111.934
19.32 99.1372 12.7967 111.934
19.34 80.4737 31.4604 111.934
19.36 100.099 11.8345 111.934
19.38 81.1284 30.8056 111.934
19.4 69.9421 41.9917 111.934
19.42 95.8127 16.1208 111.934
19.44 92.6314 19.3024 111.934
19.46 89.6546 22.2794 111.934
19.48 80.5322 31.4019 111.934
19.5 94.9632 16.9708 111.934
19.52 96.2215 15.7124 111.934
19.54 87.2872 24.6469 111.934
19.56 99.1133 12.8206 111.934
19.58 62.264 49.6702 111.934
19.6 92.1376 19.7964 111.934
19.62 87.2228 24.7113 111.934
19.64 84.4719 27.4621 111.934
19.66 110.022 1.91159 111.934
19.68 96.1535 15.7806 111.934
19.7 85.1764 26.7575 111.934
19.72 82.1839 29.7502 111.934
19.74 90.0746 21.8595 111.934
19.76 88.1682 23.7659 111.934
19.78 107.472 4.46242 111.934
19.8 108.261 3.67276 111.934
19.82 78.7187 33.2158 111.935
19.84 107.531 4.4027 111.934
19.86 84.186 27.7482 111.934
19.88 97.1879 14.7463 111.934
19.9 66.5641 45.3703 111.934
19.92 86.2727 25.6614 111.934
19.94 82.0719 29.8626 111.934
19.96 102.304 9.62993 111.934
19.98 98.9922 12.9422 111.934
20 74.9153 37.0191 111.934
20.02 92.0578 19.8765 111.934
20.04 90.3905 21.544 111.935
20.06 77.115 34.8194 111.934
20.08 74.4085 37.526 111.935
20.1 87.5894 24.345 111.934
20.12 70.4176 41.5169 111.935
20.14 87.0452 24.8893 111.935
20.16 116.71 -4.77605 111.934
20.18 96.5586 15.3759 111.934
20.2 85.5986 26.3358 111.934
20.22 69.5425 42.392 111.934
20.24 100.362 11.5725 111.934
20.26 90.235 21.6993 111.934
20.28 77.2313 34.7031 111.934
20.3 88.1064 23.8278 111.934
20.32 85.3057 26.6285 111.934
20.34 92.316 19.6182 111.934
20.36 85.0533 26.881 111.934
20.38 83.7832 28.1511 111.934
20.4 95.3283 16.6061 111.934
20.42 96.8508 15.0835 111.934
20.44 81.5686 30.3657 111.934
20.46 67.7949 44.1395 111.934
20.48 72.5729 39.3615 111.934
20.5 91.6602 20.2742 111.934
20.52 93.6306 18.3038 111.934
20.54 102.578 9.35671 111.934
20.56 75.7392 36.1953 111.935
20.58 85.8559 26.0784 111.934
20.6 81.954 29.9804 111.934
20.62 63.028 48.9065 111.935
20.64 84.3909 27.5434 111.934
20.66 89.885 22.0493 111.934
20.68 73.3894 38.5449 111.934
20.7 69.9345 41.9999 111.934
20.72 80.708 31.2264 111.934
20.74 93.9151 18.0193 111.934
20.76 93.2277 18.7068 111.935
20.78 94.5443 17.3903 111.935
20.8 78.7342 33.2004 111.935
20.82 83.4209 28.5138 111.935
20.84 92.3124 19.6223 111.935
20.86 62.7135 49.2215 111.935
20.88 92.3514 19.5833 111.935
20.9 97.7076 14.2272 111.935
20.92 101.527 10.4073 111.935
20.94 63.8311 48.1039 111.935
20.96 106.158 5.77631 111.935
20.98 109.235 2.70011 111.935
21 103.112 8.82296 111.935
21.02 69.8772 42.058 111.935
21.04 99.4869 12.4479 111.935
21.06 85.3247 26.6103 111.935
21.08 101.621 10.3139 111.935
21.1 111.752 0.182889 111.935
21.12 77.0873 34.8478 111.935
21.14 74.1332 37.8018 111.935
21.16 100.898 11.0367 111.935
21.18 107.953 3.98172 111.935
21.2 75.9807 35.9544 111.935
21.22 95.7527 16.1823 111.935
21.24 76.7089 35.2263 111.935
21.26 100.233 11.7022 111.935
21.28 80.3986 31.5367 111.935
21.3 87.4884 24.4466 111.935
21.32 84.9386 26.9965 111.935
21.34 75.5704 36.3647 111.935
21.36 59.2891 52.6461 111.935
21.38 77.2375 34.6977 111.935
21.4 96.7818 15.1535 111.935
21.42 87.0235 24.9118 111.935
21.44 73.0284 38.9069 111.935
21.46 74.4055 37.53 111.936
21.48 101.422 10.5133 111.935
21.5 89.0859 22.8496 111.936
21.52 75.1242 36.8116 111.936
21.54 80.2262 31.7095 111.936
21.56 75.0241 36.9115 111.936
21.58 58.9019 53.0339 111.936
21.6 92.1974 19.7381 111.935
21.62 95.2138 16.7221 111.936
21.64 85.9755 25.9602 111.936
21.66 61.8187 50.1174 111.936
21.68 97.1251 14.8107 111.936
21.7 90.6314 21.3045 111.936
21.72 66.1145 45.8214 111.936
21.74 97.167 14.7686 111.936
21.76 108.232 3.70393 111.936
21.78 85.7437 26.1921 111.936
21.8 85.3179 26.6182 111.936
21.82 101.736 10.2003 111.936
21.84 82.0628 29.8733 111.936
21.86 86.1362 25.7998 111.936
21.88 89.5968 22.3391 111.936
21.9 91.2781 20.6577 111.936
21.92 87.0244 24.9118 111.936
21.94 116.354 -4.41824 111.936
21.96 67.2809 44.6554 111.936
21.98 93.0904 18.8454 111.936
22 76.5552 35.3807 111.936
22.02 57.6928 54.2432 111.936
22.04 88.9542 22.9817 111.936
22.06 90.7731 21.1632 111.936
22.08 90.6439 21.2921 111.936
22.1 68.8137 43.1225 111.936
22.12 85.5522 26.3838 111.936
22.14 78.4687 33.4674 111.936
22.16 69.3715 42.5645 111.936
22.18 95.1676 16.7684 111.936
22.2 104.8 7.13597 111.936
22.22 90.4863 21.4498 111.936
22.24 95.4963 16.4395 111.936
22.26 80.4448 31.4912 111.936
22.28 85.841 26.095 111.936
22.3 86.2213 25.7147 111.936
22.32 78.8435 33.0926 111.936
22.34 68.3348 43.6013 111.936
22.36 82.4645 29.4716 111.936
22.38 103.755 8.18063 111.936
22.4 76.7068 35.2295 111.936
22.42 99.8357 12.1001 111.936
22.44 93.2302 18.7058 111.936
22.46 103.906 8.03015 111.936
22.48 91.0204 20.9154 111.936
22.5 81.9951 29.9406 111.936
22.52 86.9432 24.9925 111.936
22.54 95.4157 16.5201 111.936
22.56 86.8633 25.0726 111.936
22.58 93.7195 18.2162 111.936
22.6 91.8739 20.0618 111.936
22.62 78.5305 33.4053 111.936
22.64 101.245 10.6909 111.936
22.66 94.4037 17.532 111.936
22.68 77.4102 34.5257 111.936
22.7 95.6371 16.2986 111.936
22.72 88.3704 23.5653 111.936
22.74 82.1598 29.776 111.936
22.76 85.0989 26.8368 111.936
22.78 73.637 38.2988 111.936
22.8 87.1408 24.7949 111.936
22.82 88.7188 23.217 111.936
22.84 92.6318 19.3039 111.936
22.86 90.3344 21.6013 111.936
22.88 103.94 7.99541 111.936
22.9 100.57 11.3657 111.936
22.92 98.1434 13.7926 111.936
22.94 108.587 3.34862 111.936
22.96 82.7685 29.1672 111.936
22.98 89.2037 22.7324 111.936
23 87.7981 24.1381 111.936
23.02 78.0794 33.8569 111.936
23.04 96.7767 15.1593 111.936
23.06 80.5363 31.3999 111.936
23.08 62.7619 49.1743 111.936
23.1 77.3647 34.5712 111.936
23.12 81.4531 30.4831 111.936
23.14 72.3906 39.546 111.937
23.16 109.661 2.27476 111.936
23.18 92.3499 19.5863 111.936
23.2 48.3664 63.57 111.936
23.22 56.8324 55.1039 111.936
23.24 77.4912 34.4451 111.936
23.26 66.055 45.8814 111.936
23.28 92.835 19.1012 111.936
23.3 96.0946 15.8416 111.936
23.32 76.0578 35.8784 111.936
23.34 68.459 43.4771 111.936
23.36 68.5834 43.3526 111.936
23.38 84.2226 27.7135 111.936
23.4 96.807 15.1292 111.936
23.42 89.5756 22.3605 111.936
23.44 83.4957 28.4402 111.936
23.46 85.8669 26.0692 111.936
23.48 102.537 9.39922 111.936
23.5 80.975 30.9609 111.936
23.52 100.041 11.8953 111.936
23.54 99.8205 12.1156 111.936
23.56 94.5383 17.3978 111.936
23.58 83.3534 28.5829 111.936
23.6 105.069 6.86685 111.936
23.62 99.2734 12.6626 111.936
23.64 78.8478 33.0883 111.936
23.66 114.864 -2.9281 111.936
23.68 95.4032 16.5328 111.936
23.7 93.7634 18.1725 111.936
23.72 79.4222 32.5138 111.936
23.74 76.3467 35.5895 111.936
23.76 97.6323 14.3037 111.936
23.78 98.2179 13.7181 111.936
23.8 92.5051 19.4306 111.936
23.82 87.7518 24.184 111.936
23.84 84.7435 27.1923 111.936
23.86 91.4214 20.5145 111.936
23.88 98.9171 13.0188 111.936
23.9 68.0459 43.8901 111.936
23.92 80.8066 31.1292 111.936
23.94 80.3396 31.5963 111.936
23.96 69.966 41.9701 111.936
23.98 95.0615 16.8744 111.936
24 63.6576 48.2787 111.936
24.02 79.0595 32.8765 111.936
24.04 89.5012 22.4348 111.936
24.06 96.6604 15.2756 111.936
24.08 92.7034 19.2325 111.936
24.1 79.596 32.3401 111.936
24.12 89.8156 22.1203 111.936
24.14 79.3185 32.6174 111.936
24.16 66.8007 45.1353 111.936
24.18 100.666 11.2697 111.936
24.2 77.9859 33.9499 111.936
24.22 90.5148 21.4209 111.936
24.24 96.8231 15.1127 111.936
24.26 85.5835 26.3523 111.936
24.28 82.6779 29.2578 111.936
24.3 99.2598 12.6757 111.936
24.32 95.825 16.1107 111.936
24.34 69.7777 42.1581 111.936
24.36 99.3874 12.548 111.935
24.38 73.0822 38.8535 111.936
24.4 102.828 9.10733 111.935
24.42 84.7456 27.19 111.936
24.44 98.168 13.7673 111.935
24.46 67.0352 44.9004 111.936
24.48 73.0873 38.8483 111.936
24.5 77.6547 34.2809 111.936
24.52 74.0809 37.8547 111.936
24.54 64.1275 47.8081 111.936
24.56 81.6711 30.2644 111.936
24.58 75.9094 36.0262 111.936
24.6 84.2431 27.6925 111.936
24.62 97.8238 14.1116 111.935
24.64 93.695 18.2405 111.935
24.66 84.9924 26.943 111.935
24.68 76.4565 35.479 111.936
24.7 93.7794 18.1559 111.935
24.72 102.902 9.03373 111.935
24.74 90.4138 21.5219 111.936
24.76 95.3211 16.6143 111.935
24.78 79.2973 32.6382 111.935
24.8 68.5756 43.3601 111.936
24.82 92.0738 19.8615 111.935
24.84 54.1043 57.8315 111.936
24.86 94.8709 17.0645 111.935
24.88 81.1572 30.7785 111.936
24.9 76.9311 35.0045 111.936
24.92 72.6375 39.2981 111.936
24.94 84.7701 27.1658 111.936
24.96 108.546 3.38956 111.936
24.98 98.2389 13.6967 111.936
25 88.151 23.7846 111.936
25.02 75.9414 35.9941 111.936
25.04 65.4097 46.5255 111.935
25.06 90.8625 21.0726 111.935
25.08 66.0802 45.8555 111.936
25.1 73.808 38.1273 111.935
25.12 94.885 17.0502 111.935
25.14 115.159 -3.22357 111.935
25.16 78.2931 33.6425 111.936
25.18 72.2385 39.6969 111.935
25.2 75.4503 36.485 111.935
25.22 76.227 35.7086 111.936
25.24 67.6415 44.2941 111.936
25.26 53.8823 58.0534 111.936
25.28 88.1845 23.751 111.936
25.3 83.8508 28.0847 111.936
25.32 79.6791 32.2567 111.936
25.34 112.954 -1.01805 111.936
25.36 99.4549 12.4807 111.936
25.38 92.0288 19.907 111.936
25.4 85.9218 26.0139 111.936
25.42 61.4405 50.4951 111.936
25.44 69.6272 42.3085 111.936
25.46 100.014 11.9214 111.936
25.48 67.9567 43.9791 111.936
25.5 58.3973 53.5385 111.936
25.52 76.1213 35.8145 111.936
25.54 73.3758 38.5601 111.936
25.56 85.287 26.6485 111.936
25.58 53.549 58.3871 111.936
25.6 106.32 5.61603 111.936
25.62 70.2239 41.7121 111.936
25.64 93.195 18.7406 111.936
25.66 70.8836 41.0524 111.936
25.68 101.436 10.4996 111.936
25.7 76.8096 35.1264 111.936
25.72 90.5099 21.4259 111.936
25.74 86.3205 25.6154 111.936
25.76 106.564 5.37228 111.936
25.78 79.4912 32.4447 111.936
25.8 72.4205 39.5156 111.936
25.82 107.187 4.74904 111.936
25.84 106.293 5.64346 111.936
25.86 64.8111 47.125 111.936
25.88 79.8375 32.0986 111.936
25.9 98.0183 13.9178 111.936
25.92 72.4018 39.5346 111.936
25.94 91.927 20.0094 111.936
25.96 116.098 -4.16164 111.936
25.98 94.7305 17.2059 111.936
26 73.4174 38.5191 111.937
26.02 85.4848 26.4514 111.936
26.04 74.7517 37.1846 111.936
26.06 99.1331 12.8031 111.936
26.08 76.9066 35.0301 111.937
26.1 103.804 8.13232 111.936
26.12 93.7312 18.2051 111.936
26.14 71.498 40.4384 111.936
26.16 86.1814 25.7549 111.936
26.18 105.508 6.42819 111.936
26.2 71.1952 40.7412 111.936
26.22 73.0988 38.8377 111.936
26.24 94.2405 17.6958 111.936
26.26 104.06 7.87621 111.936
26.28 92.3897 19.5465 111.936
26.3 72.9234 39.013 111.936
26.32 87.7987 24.1374 111.936
26.34 75.3062 36.6303 111.936
26.36 93.7376 18.1989 111.936
26.38 100.089 11.847 111.936
26.4 59.3924 52.5442 111.937
26.42 89.3047 22.6316 111.936
26.44 75.2073 36.7291 111.936
26.46 84.8803 27.0561 111.936
26.48 73.4788 38.4578 111.937
26.5 74.8326 37.1037 111.936
26.52 84.8351 27.1012 111.936
26.54 103.073 8.86314 111.936
26.56 72.822 39.1144 111.936
26.58 88.6307 23.3055 111.936
26.6 91.9549 19.9813 111.936
26.62 75.2055 36.7306 111.936
26.64 58.9324 53.0038 111.936
26.66 81.7057 30.2305 111.936
26.68 97.8436 14.0925 111.936
26.7 86.2227 25.7138 111.936
26.72 116.686 -4.74942 111.936
26.74 80.7386 31.1981 111.937
26.76 93.4605 18.4757 111.936
26.78 64.1166 47.8201 111.937
26.8 98.9465 12.9899 111.936
26.82 104.68 7.25632 111.937
26.84 84.6179 27.319 111.937
26.86 92.2569 19.6799 111.937
26.88 85.994 25.9426 111.937
26.9 78.0712 33.8656 111.937
26.92 95.3351 16.6018 111.937
26.94 87.6403 24.2963 111.937
26.96 91.8391 20.0975 111.937
26.98 97.0351 14.9016 111.937
27 100.894 11.0431 111.937
27.02 99.0868 12.8498 111.937
27.04 73.6053 38.3314 111.937
27.06 65.3973 46.5393 111.937
27.08 81.8377 30.0989 111.937
27.1 78.3271 33.6096 111.937
27.12 76.0553 35.8816 111.937
27.14 98.7263 13.2102 111.937
27.16 112.698 -0.761424 111.936
27.18 87.9496 23.9868 111.936
27.2 93.9499 17.9863 111.936
27.22 110.328 1.60804 111.936
27.24 94.7422 17.1941 111.936
27.26 109.734 2.2025 111.936
27.28 64.6759 47.2603 111.936
27.3 80.4135 31.5224 111.936
27.32 88.5804 23.3558 111.936
27.34 97.7853 14.1507 111.936
27.36 76.908 35.0284 111.936
27.38 119.511 -7.57462 111.936
27.4 83.6706 28.2656 111.936
27.42 61.4802 50.456 111.936
27.44 75.0512 36.885 111.936
27.46 78.8564 33.0797 111.936
27.48 97.6654 14.2707 111.936
27.5 94.9988 16.9375 111.936
27.52 73.6907 38.2456 111.936
27.54 80.1855 31.7506 111.936
27.56 73.8285 38.1079 111.936
27.58 85.491 26.4453 111.936
27.6 80.9522 30.9841 111.936
27.62 83.5015 28.4347 111.936
27.64 75.917 36.0195 111.936
27.66 86.7281 25.2082 111.936
27.68 84.2456 27.6907 111.936
27.7 89.4021 22.5343 111.936
27.72 95.9455 15.9907 111.936
27.74 102.076 9.86043 111.936
27.76 80.8957 31.0407 111.936
27.78 74.6563 37.2799 111.936
27.8 70.4807 41.4556 111.936
27.82 96.7852 15.151 111.936
27.84 91.5459 20.3905 111.936
27.86 101.982 9.95445 111.936
27.88 71.8012 40.1351 111.936
27.9 84.5221 27.414 111.936
27.92 51.987 59.9494 111.936
27.94 62.2493 49.6872 111.936
27.96 113.406 -1.46982 111.936
27.98 103.369 8.56666 111.936
28 64.3118 47.6244 111.936
28.02 80.5086 31.4279 111.936
28.04 101.78 10.1561 111.936
28.06 81.089 30.8475 111.937
28.08 83.1758 28.7607 111.937
28.1 107.924 4.01236 111.936
28.12 65.4953 46.4414 111.937
28.14 92.1401 19.7963 111.936
28.16 103.241 8.69573 111.937
28.18 113.076 -1.13968 111.936
28.2 85.5516 26.3848 111.936
28.22 94.4572 17.4791 111.936
28.24 79.6384 32.2979 111.936
28.26 83.1488 28.7872 111.936
28.28 69.1986 42.7378 111.936
28.3 107.787 4.14907 111.936
28.32 99.0635 12.8728 111.936
28.34 90.7196 21.2168 111.936
28.36 109.778 2.1577 111.936
28.38 78.6786 33.2577 111.936
28.4 79.9834 31.9528 111.936
28.42 109.426 2.5106 111.936
28.44 87.3095 24.6269 111.936
28.46 69.4361 42.5001 111.936
28.48 101.161 10.7754 111.936
28.5 82.4324 29.5035 111.936
28.52 95.2713 16.6647 111.936
28.54 95.7132 16.223 111.936
28.56 75.7679 36.1685 111.936
28.58 67.5411 44.3952 111.936
28.6 92.5263 19.4099 111.936
28.62 103.059 8.87776 111.936
28.64 97.1226 14.8135 111.936
28.66 71.1733 40.7629 111.936
28.68 92.6583 19.2776 111.936
28.7 90.9622 20.9738 111.936
28.72 88.5846 23.3514 111.936
28.74 104.941 6.99485 111.936
28.76 92.7088 19.2269 111.936
28.78 99.339 12.5967 111.936
28.8 92.9118 19.0238 111.936
28.82 60.6755 51.2603 111.936
28.84 83.2811 28.6544 111.936
28.86 83.8342 28.1016 111.936
28.88 94.1016 17.8342 111.936
28.9 97.8025 14.133 111.935
28.92 81.6353 30.3004 111.936
28.94 108.111 3.82421 111.936
28.96 93.9143 18.0215 111.936
28.98 68.1021 43.8339 111.936
29 99.3716 12.5643 111.936
29.02 70.9519 40.9842 111.936
29.04 104.541 7.39534 111.936
29.06 112.014 -0.0774827 111.936
29.08 96.1712 15.7646 111.936
29.1 75.9837 35.9522 111.936
29.12 78.2958 33.6398 111.936
29.14 65.6991 46.2369 111.936
29.16 111.706 0.229774 111.936
29.18 101.719 10.2164 111.936
29.2 91.7319 20.2036 111.936
29.22 101.15 10.7858 111.936
29.24 98.8898 13.0457 111.936
29.26 71.7708 40.165 111.936
29.28 83.3563 28.5794 111.936
29.3 101.623 10.3132 111.936
29.32 83.4001 28.5359 111.936
29.34 99.9714 11.9642 111.936
29.36 100.541 11.3946 111.936
29.38 92.1343 19.8012 111.936
29.4 94.9434 16.9922 111.936
29.42 93.5663 18.3691 111.935
29.44 72.3707 39.5648 111.936
29.46 72.7536 39.1815 111.935
29.48 92.8742 19.061 111.935
29.5 78.2085 33.727 111.935
29.52 95.1175 16.8178 111.935
29.54 88.2995 23.6359 111.935
29.56 74.2172 37.7181 111.935
29.58 58.0491 53.8862 111.935
29.6 76.2532 35.682 111.935
29.62 103.827 8.10842 111.935
29.64 112.943 -1.00748 111.935
29.66 86.3885 25.547 111.935
29.68 95.0017 16.9335 111.935
29.7 85.4751 26.4601 111.935
29.72 83.5321 28.4032 111.935
29.74 99.1412 12.794 111.935
29.76 90.2044 21.7308 111.935
29.78 93.6593 18.2759 111.935
29.8 116.294 -4.35903 111.935
29.82 88.7978 23.1373 111.935
29.84 91.0676 20.8673 111.935
29.86 76.3261 35.609 111.935
29.88 93.3695 18.5653 111.935
29.9 80.4926 31.4423 111.935
29.92 77.161 34.774 111.935
29.94 82.4056 29.5294 111.935
29.96 71.2287 40.7062 111.935
29.98 62.7352 49.1998 111.935
30 70.987 40.9478 111.935
30.02 87.7789 24.1558 111.935
30.04 94.3822 17.5527 111.935
30.06 101.979 9.9555 111.935
30.08 82.8112 29.1237 111.935
30.1 102.779 9.15558 111.935
30.12 95.3566 16.5781 111.935
30.14 79.8061 32.1286 111.935
30.16 76.5558 35.3789 111.935
30.18 112.974 -1.03995 111.934
30.2 69.1891 42.7459 111.935
30.22 95.5508 16.3837 111.935
30.24 82.3204 29.6144 111.935
30.26 96.1249 15.8096 111.935
30.28 103.243 8.69167 111.935
30.3 102.911 9.02412 111.935
30.32 92.9628 18.9719 111.935
30.34 92.3852 19.5496 111.935
30.36 79.2324 32.7029 111.935
30.38 105.746 6.18829 111.935
30.4 78.5283 33.4066 111.935
30.42 91.9364 19.9984 111.935
30.44 82.6533 29.2817 111.935
30.46 98.3154 13.6194 111.935
30.48 109.973 1.96173 111.935
30.5 93.1312 18.8034 111.935
30.52 76.6845 35.2502 111.935
30.54 100.997 10.9378 111.935
30.56 96.8157 15.1192 111.935
30.58 100.733 11.2018 111.935
30.6 111.998 -0.0640207 111.934
30.62 79.8614 32.0732 111.935
30.64 75.7851 36.1493 111.934
30.66 72.2215 39.713 111.935
30.68 81.5937 30.3408 111.935
30.7 118.548 -6.61382 111.934
30.72 114.868 -2.93344 111.934
30.74 70.9968 40.9377 111.934
30.76 101.318 10.6165 111.934
30.78 89.1095 22.8251 111.935
30.8 104.078 7.85658 111.934
30.82 89.887 22.0473 111.934
30.84 84.8964 27.038 111.934
30.86 86.1551 25.7789 111.934
30.88 96.8625 15.0716 111.934
30.9 79.2283 32.7063 111.935
30.92 74.0481 37.8863 111.934
30.94 88.7714 23.1629 111.934
30.96 97.2273 14.7071 111.934
30.98 98.163 13.7714 111.934
31 86.5505 25.384 111.934
31.02 90.7956 21.1386 111.934
31.04 68.2369 43.6975 111.934
31.06 59.1865 52.7482 111.935
31.08 78.7679 33.1666 111.935
31.1 95.7443 16.1902 111.935
31.12 117.256 -5.32144 111.934
31.14 103.941 7.99311 111.934
31.16 55.1169 56.8179 111.935
31.18 99.6029 12.3314 111.934
31.2 75.236 36.6987 111.935
31.22 103.656 8.27875 111.934
31.24 79.4588 32.4757 111.935
31.26 98.8046 13.1297 111.934
31.28 99.0321 12.9024 111.935
31.3 89.5648 22.3701 111.935
31.32 75.0992 36.8357 111.935
31.34 89.7293 22.2054 111.935
31.36 84.0347 27.9 111.935
31.38 93.0837 18.851 111.935
31.4 84.7491 27.1854 111.934
31.42 73.5718 38.3627 111.935
31.44 99.7721 12.1623 111.934
31.46 73.4228 38.5117 111.935
31.48 86.4645 25.4701 111.935
31.5 74.856 37.0786 111.935
31.52 64.4009 47.5338 111.935
31.54 73.935 37.9997 111.935
31.56 78.299 33.6358 111.935
31.58 104.335 7.5999 111.934
31.6 70.5992 41.3354 111.935
31.62 102.373 9.5611 111.934
31.64 101.203 10.7315 111.935
31.66 76.5531 35.3817 111.935
31.68 90.6305 21.304 111.935
31.7 89.6456 22.2891 111.935
31.72 97.1154 14.8193 111.935
31.74 68.6507 43.284 111.935
31.76 73.0867 38.8477 111.934
31.78 64.7567 47.1779 111.935
31.8 81.0079 30.9265 111.934
31.82 88.9534 22.9811 111.935
31.84 91.8824 20.0522 111.935
31.86 100.637 11.2971 111.934
31.88 68.7534 43.1812 111.935
31.9 105.818 6.11597 111.934
31.92 93.0789 18.8556 111.934
31.94 76.1574 35.7768 111.934
31.96 85.2537 26.6804 111.934
31.98 90.6758 21.2587 111.934
32 106.58 5.35411 111.934
32.02 70.4803 41.4541 111.934
32.04 92.3662 19.5681 111.934
32.06 87.6378 24.2966 111.934
32.08 64.6102 47.3242 111.934
32.1 78.7168 33.2175 111.934
32.12 105.425 6.50962 111.934
32.14 83.4107 28.5236 111.934
32.16 94.0605 17.8737 111.934
32.18 78.2786 33.6559 111.935
32.2 86.5885 25.3458 111.934
32.22 61.1099 50.8246 111.935
32.24 88.1287 23.8056 111.934
32.26 82.8206 29.1137 111.934
32.28 60.6458 51.2889 111.935
32.3 98.4027 13.5317 111.934
32.32 57.8389 54.096 111.935
32.34 107.076 4.8581 111.934
32.36 104.619 7.31603 111.935
32.38 96.8321 15.1027 111.935
32.4 66.4684 45.4666 111.935
32.42 98.882 13.0527 111.935
32.44 107.626 4.30848 111.935
32.46 96.3943 15.5406 111.935
32.48 94.2465 17.6882 111.935
32.5 71.3155 40.6194 111.935
32.52 109.123 2.81183 111.935
32.54 111.83 0.105159 111.935
32.56 82.5908 29.3442 111.935
32.58 83.488 28.4469 111.935
32.6 88.9684 22.9665 111.935
32.62 78.3971 33.5378 111.935
32.64 101.478 10.4571 111.935
32.66 106.097 5.8378 111.935
32.68 79.8388 32.0961 111.935
32.7 69.9967 41.9382 111.935
32.72 107.149 4.78564 111.935
32.74 106.359 5.57593 111.935
32.76 104.389 7.54617 111.935
32.78 104.057 7.87776 111.935
32.8 77.6303 34.3048 111.935
32.82 112.808 -0.873316 111.935
32.84 97.5105 14.4247 111.935
32.86 86.3568 25.5783 111.935
32.88 72.8381 39.0973 111.935
32.9 101.326 10.609 111.935
32.92 80.1174 31.8179 111.935
32.94 109.747 2.18855 111.935
32.96 99.687 12.248 111.935
32.98 74.978 36.9572 111.935
33 102.324 9.61099 111.935
33.02 86.856 25.0791 111.935
33.04 87.2377 24.6973 111.935
33.06 91.1683 20.7667 111.935
33.08 94.7333 17.2017 111.935
33.1 79.8983 32.0369 111.935
33.12 68.7974 43.1379 111.935
33.14 99.8836 12.0518 111.935
33.16 112.284 -0.348892 111.935
33.18 84.4898 27.4456 111.935
33.2 76.8782 35.0572 111.935
33.22 105.071 6.86426 111.935
33.24 111.481 0.454308 111.935
33.26 81.6348 30.3009 111.936
33.28 94.068 17.8675 111.935
33.3 89.2489 22.6865 111.935
33.32 71.8527 40.083 111.936
33.34 85.9851 25.9505 111.936
33.36 88.0282 23.9074 111.936
33.38 82.2274 29.7085 111.936
33.4 101.477 10.4586 111.935
33.42 81.3277 30.608 111.936
33.44 82.544 29.3915 111.936
33.46 68.6637 43.272 111.936
33.48 73.3123 38.6235 111.936
33.5 108.73 3.20559 111.936
33.52 97.4667 14.4692 111.936
33.54 68.7911 43.1452 111.936
33.56 116.202 -4.26648 111.936
33.58 98.9728 12.9632 111.936
33.6 112.883 -0.94755 111.936
33.62 109.983 1.95262 111.936
33.64 84.3718 27.564 111.936
33.66 63.8975 48.0386 111.936
33.68 101.132 10.8036 111.936
33.7 106.512 5.42345 111.936
33.72 67.6976 44.2385 111.936
33.74 89.1068 22.8289 111.936
33.76 85.3403 26.5954 111.936
33.78 90.7127 21.223 111.936
33.8 89.0772 22.8585 111.936
33.82 88.9941 22.9417 111.936
33.84 96.8953 15.0404 111.936
33.86 77.9769 33.959 111.936
33.88 85.7734 26.1625 111.936
33.9 96.5584 15.3775 111.936
33.92 86.2709 25.6651 111.936
33.94 79.3699 32.5662 111.936
33.96 76.8403 35.0956 111.936
33.98 81.0319 30.904 111.936
34 105.077 6.85836 111.936
34.02 79.6483 32.2876 111.936
34.04 93.2228 18.7128 111.936
34.06 83.5094 28.4265 111.936
34.08 77.2536 34.6822 111.936
34.1 66.0471 45.8888 111.936
34.12 72.3187 39.6171 111.936
34.14 88.2027 23.7332 111.936
34.16 104.078 7.85776 111.936
34.18 101.816 10.1196 111.936
34.2 106.457 5.47894 111.936
34.22 93.8184 18.1174 111.936
34.24 94.262 17.6736 111.936
34.26 74.4849 37.4509 111.936
34.28 74.9715 36.9642 111.936
34.3 73.0843 38.8513 111.936
34.32 79.8431 32.0927 111.936
34.34 86.2209 25.7149 111.936
34.36 97.3637 14.5722 111.936
34.38 82.0365 29.8996 111.936
34.4 87.5971 24.3389 111.936
34.42 95.6695 16.2666 111.936
34.44 106.352 5.58405 111.936
34.46 99.5194 12.4165 111.936
34.48 61.1427 50.7936 111.936
34.5 111.807 0.129109 111.936
34.52 92.7284 19.2078 111.936
34.54 92.0748 19.8613 111.936
34.56 100.365 11.5711 111.936
34.58 80.2349 31.7008 111.936
34.6 69.5728 42.3629 111.936
34.62 70.0973 41.8386 111.936
34.64 96.28 15.6559 111.936
34.66 98.4902 13.4457 111.936
34.68 70.722 41.2139 111.936
34.7 68.8032 43.1327 111.936
34.72 88.0977 23.8379 111.936
34.74 73.9272 38.0087 111.936
34.76 69.0935 42.8424 111.936
34.78 72.8756 39.0603 111.936
34.8 78.4798 33.4563 111.936
34.82 84.4317 27.5043 111.936
34.84 93.2761 18.66 111.936
34.86 110.388 1.54831 111.936
34.88 116.402 -4.46551 111.936
34.9 95.8704 16.0659 111.936
34.92 97.6242 14.3122 111.936
34.94 111.691 0.245652 111.936
34.96 82.295 29.6414 111.936
34.98 92.6966 19.2398 111.936
35 98.1552 13.7811 111.936
35.02 75.6073 36.3291 111.936
35.04 86.7503 25.186 111.936
35.06 104.882 7.05439 111.936
35.08 87.7051 24.2313 111.936
35.1 105.171 6.76487 111.936
35.12 94.9761 16.9604 111.936
35.14 105.442 6.4949 111.936
35.16 91.7002 20.2362 111.936
35.18 65.3228 46.6137 111.936
35.2 86.6424 25.2941 111.936
35.22 99.1994 12.7371 111.936
35.24 84.4608 27.4757 111.937
35.26 84.9741 26.9625 111.937
35.28 108.2 3.73636 111.936
35.3 93.2692 18.6672 111.936
35.32 73.1824 38.7542 111.937
35.34 112.43 -0.49346 111.936
35.36 80.6713 31.2652 111.937
35.38 56.0803 55.8561 111.936
35.4 86.336 25.6002 111.936
35.42 96.1191 15.8172 111.936
35.44 74.8239 37.1125 111.936
35.46 65.4069 46.5296 111.936
35.48 101.681 10.2553 111.936
35.5 115.001 -3.06513 111.936
35.52 88.3978 23.5384 111.936
35.54 54.2385 57.6979 111.936
35.56 104.124 7.81161 111.936
35.58 93.8747 18.0614 111.936
35.6 76.0609 35.8753 111.936
35.62 92.9219 19.0142 111.936
35.64 77.1235 34.8124 111.936
35.66 52.2977 59.6386 111.936
35.68 91.1145 20.8215 111.936
35.7 95.9176 16.0185 111.936
35.72 93.2328 18.7036 111.936
35.74 81.8483 30.088 111.936
35.76 62.303 49.6334 111.936
35.78 70.7134 41.2229 111.936
35.8 106.121 5.81498 111.936
35.82 114.737 -2.80035 111.936
35.84 96.0454 15.8909 111.936
35.86 79.845 32.0913 111.936
35.88 82.3114 29.625 111.936
35.9 80.2881 31.6481 111.936
35.92 95.7831 16.1531 111.936
35.94 85.7931 26.1433 111.936
35.96 97.4708 14.4654 111.936
35.98 84.9226 27.0136 111.936
36 92.9391 18.997 111.936
36.02 92.0708 19.8653 111.936
36.04 97.4058 14.5302 111.936
36.06 97.8161 14.12 111.936
36.08 93.4991 18.437 111.936
36.1 91.4309 20.5052 111.936
36.12 89.2608 22.6754 111.936
36.14 106.167 5.76899 111.936
36.16 105.13 6.80569 111.936
36.18 104.788 7.14759 111.936
36.2 91.5004 20.4356 111.936
36.22 96.0616 15.8743 111.936
36.24 71.6564 40.2796 111.936
36.26 81.5364 30.3996 111.936
36.28 83.2247 28.7112 111.936
36.3 60.166 51.7698 111.936
36.32 72.1754 39.7605 111.936
36.34 89.2491 22.6869 111.936
36.36 121.615 -9.67946 111.936
36.38 84.0834 27.8527 111.936
36.4 80.1096 31.8263 111.936
36.42 87.7016 24.2344 111.936
36.44 90.7473 21.1889 111.936
36.46 111.48 0.456089 111.936
36.48 58.8783 53.0582 111.937
36.5 88.0112 23.9247 111.936
36.52 80.8815 31.0546 111.936
36.54 97.4534 14.4828 111.936
36.56 83.9827 27.9534 111.936
36.58 76.5531 35.3832 111.936
36.6 76.9868 34.9493 111.936
36.62 81.2272 30.7089 111.936
36.64 97.2237 14.7124 111.936
36.66 96.5314 15.4047 111.936
36.68 75.1074 36.8288 111.936
36.7 100.09 11.8458 111.936
36.72 84.8844 27.0518 111.936
36.74 64.9 47.0366 111.937
36.76 111.75 0.186343 111.936
36.78 91.6227 20.3135 111.936
36.8 83.1695 28.7666 111.936
36.82 58.6211 53.3151 111.936
36.84 83.3763 28.5598 111.936
36.86 112.094 -0.157449 111.936
36.88 100.686 11.2507 111.936
36.9 62.6315 49.3049 111.936
36.92 59.4371 52.4991 111.936
36.94 102.11 9.82597 111.936
36.96 87.5961 24.3404 111.936
36.98 93.3902 18.5461 111.936
37 86.1047 25.8316 111.936
37.02 67.946 43.9905 111.937
37.04 87.6731 24.2633 111.936
37.06 85.7792 26.1572 111.936
37.08 85.4892 26.4471 111.936
37.1 76.3892 35.5471 111.936
37.12 81.9362 30.0002 111.936
37.14 106.146 5.79103 111.937
37.16 83.4056 28.531 111.937
37.18 88.407 23.5295 111.936
37.2 110.852 1.08421 111.937
37.22 97.0331 14.9036 111.937
37.24 114.595 -2.65888 111.937
37.26 96.4684 15.4683 111.937
37.28 66.5615 45.3754 111.937
37.3 92.4162 19.5201 111.936
37.32 92.0018 19.9347 111.936
37.34 88.1803 23.7565 111.937
37.36 61.4394 50.4972 111.937
37.38 75.6758 36.2606 111.936
37.4 77.3071 34.6298 111.937
37.42 98.2653 13.6713 111.937
37.44 93.319 18.6175 111.937
37.46 80.4548 31.4815 111.936
37.48 80.4216 31.5149 111.936
37.5 98.7391 13.1975 111.937
37.52 86.0178 25.9189 111.937
37.54 89.9058 22.0309 111.937
37.56 68.3163 43.6208 111.937
37.58 79.1682 32.7687 111.937
37.6 69.869 42.068 111.937
37.62 92.9025 19.0344 111.937
37.64 77.3871 34.5499 111.937
37.66 85.3492 26.5877 111.937
37.68 98.1056 13.8311 111.937
37.7 84.9288 27.0078 111.937
37.72 80.5263 31.4104 111.937
37.74 98.5056 13.4309 111.937
37.76 90.1373 21.7994 111.937
37.78 90.6955 21.2412 111.937
37.8 63.8067 48.1301 111.937
37.82 99.2461 12.6903 111.936
37.84 82.1298 29.8069 111.937
37.86 100.63 11.3068 111.936
37.88 104.371 7.56611 111.937
37.9 73.1152 38.8215 111.937
37.92 92.7353 19.2013 111.937
37.94 107.072 4.86494 111.937
37.96 68.4803 43.4566 111.937
37.98 87.6089 24.3277 111.937
38 90.2367 21.7002 111.937
38.02 97.2042 14.7325 111.937
38.04 90.0854 21.8512 111.937
38.06 69.702 42.2347 111.937
38.08 72.1069 39.8297 111.937
38.1 84.4603 27.4764 111.937
38.12 111.66 0.276872 111.937
38.14 70.5071 41.4301 111.937
38.16 126.944 -15.0074 111.937
38.18 106.655 5.28168 111.937
38.2 93.6878 18.2491 111.937
38.22 78.9103 33.0266 111.937
38.24 82.4839 29.453 111.937
38.26 91.0722 20.8646 111.937
38.28 73.5253 38.4115 111.937
38.3 95.316 16.6207 111.937
38.32 85.6834 26.2534 111.937
38.34 55.3595 56.5775 111.937
38.36 66.387 45.5501 111.937
38.38 74.0836 37.8533 111.937
38.4 84.2416 27.6953 111.937
38.42 100.388 11.5489 111.937
38.44 105.367 6.5696 111.937
38.46 96.0016 15.9354 111.937
38.48 57.2309 54.7063 111.937
38.5 65.8049 46.1319 111.937
38.52 58.429 53.5081 111.937
38.54 87.702 24.2349 111.937
38.56 75.1858 36.7512 111.937
38.58 71.6537 40.2834 111.937
38.6 87.0676 24.8692 111.937
38.62 83.201 28.7357 111.937
38.64 76.98 34.9568 111.937
38.66 96.0848 15.8519 111.937
38.68 94.97 16.9668 111.937
38.7 89.1114 22.8252 111.937
38.72 60.6604 51.2764 111.937
38.74 70.9843 40.9523 111.937
38.76 98.5056 13.4309 111.936
38.78 84.5432 27.3932 111.936
38.8 109.05 2.88586 111.936
38.82 79.4429 32.4936 111.937
38.84 75.5944 36.3419 111.936
38.86 102.415 9.5215 111.936
38.88 84.5223 27.4143 111.937
38.9 81.2089 30.7275 111.936
38.92 71.7878 40.1488 111.937
38.94 84.3333 27.6032 111.936
38.96 81.7902 30.1463 111.936
38.98 79.2425 32.6941 111.937
39 83.7527 28.1838 111.937
39.02 75.9615 35.975 111.936
39.04 79.5263 32.41 111.936
39.06 78.4846 33.4521 111.937
39.08 114.13 -2.19397 111.936
39.1 90.0045 21.9321 111.937
39.12 81.4093 30.5272 111.936
39.14 78.6601 33.2764 111.936
39.16 98.5343 13.4021 111.936
39.18 116.775 -4.83854 111.937
39.2 59.0144 52.9225 111.937
39.22 93.3959 18.5407 111.937
39.24 108.009 3.9279 111.937
39.26 62.8996 49.0373 111.937
39.28 76.4407 35.496 111.937
39.3 62.3265 49.6104 111.937
39.32 59.8163 52.1207 111.937
39.34 88.826 23.111 111.937
39.36 112.754 -0.817469 111.937
39.38 75.0304 36.9066 111.937
39.4 99.5788 12.3578 111.937
39.42 66.7592 45.1778 111.937
39.44 62.1581 49.7788 111.937
39.46 75.7326 36.2043 111.937
39.48 103.526 8.41128 111.937
39.5 97.846 14.0908 111.937
39.52 57.4638 54.4732 111.937
39.54 72.0484 39.8884 111.937
39.56 77.3285 34.6084 111.937
39.58 85.6469 26.29 111.937
39.6 56.9117 55.0256 111.937
39.62 85.477 26.4598 111.937
39.64 99.4945 12.4423 111.937
39.66 99.4776 12.4593 111.937
39.68 59.6462 52.2909 111.937
39.7 71.637 40.2998 111.937
39.72 75.7252 36.2119 111.937
39.74 100.367 11.5702 111.937
39.76 73.2469 38.6901 111.937
39.78 66.9124 45.0246 111.937
39.8 77.3303 34.6067 111.937
39.82 74.4538 37.4831 111.937
39.84 73.8722 38.0648 111.937
39.86 101.143 10.7942 111.937
39.88 94.43 17.5069 111.937
39.9 94.8958 17.041 111.937
39.92 93.1636 18.7732 111.937
39.94 64.5608 47.3761 111.937
39.96 66.9247 45.012 111.937
39.98 82.6898 29.2469 111.937
40 66.7476 45.1894 111.937
40.02 99.4848 12.4518 111.937
40.04 83.7156 28.2211 111.937
40.06 94.7409 17.1957 111.937
40.08 85.9925 25.944 111.937
40.1 74.0027 37.9339 111.937
40.12 67.362 44.5746 111.937
40.14 63.0387 48.8979 111.937
40.16 74.3897 37.5469 111.937
40.18 82.7588 29.1778 111.937
40.2 81.623 30.3136 111.937
40.22 74.0564 37.8802 111.937
40.24 68.8985 43.0381 111.937
40.26 81.9121 30.0245 111.937
40.28 98.7084 13.228 111.936
40.3 71.1371 40.7996 111.937
40.32 103.021 8.91519 111.937
40.34 87.7092 24.2275 111.937
40.36 76.4063 35.5303 111.937
40.38 80.7716 31.165 111.937
40.4 90.6391 21.2974 111.937
40.42 79.0333 32.9034 111.937
40.44 67.8128 44.124 111.937
40.46 64.237 47.6998 111.937
40.48 99.9094 12.0271 111.936
40.5 59.8683 52.0687 111.937
40.52 93.776 18.1607 111.937
40.54 101.245 10.6913 111.937
40.56 110.14 1.79704 111.937
40.58 93.6754 18.2614 111.937
40.6 67.8935 44.0434 111.937
40.62 65.2397 46.697 111.937
40.64 83.3244 28.6123 111.937
40.66 94.9063 17.0304 111.937
40.68 94.0446 17.892 111.937
40.7 82.7332 29.2033 111.937
40.72 86.2136 25.7229 111.936
40.74 98.1253 13.8111 111.936
40.76 88.6535 23.283 111.937
40.78 104.418 7.51818 111.936
40.8 104.54 7.39671 111.937
40.82 99.073 12.8636 111.937
40.84 105.067 6.86951 111.936
40.86 99.6459 12.2906 111.936
40.88 87.6327 24.3036 111.936
40.9 74.4844 37.4517 111.936
40.92 77.0384 34.8981 111.937
40.94 94.7873 17.1489 111.936
40.96 87.3538 24.5822 111.936
40.98 74.8681 37.068 111.936
41 84.9281 27.0082 111.936
41.02 98.9926 12.9434 111.936
41.04 60.1564 51.78 111.936
41.06 71.8148 40.1214 111.936
41.08 87.8988 24.0375 111.936
41.1 112.171 -0.235062 111.936
41.12 102.421 9.51528 111.936
41.14 95.5143 16.422 111.936
41.16 73.9687 37.9676 111.936
41.18 77.2065 34.7298 111.936
41.2 99.8893 12.0469 111.936
41.22 85.0243 26.9121 111.936
41.24 104.739 7.19758 111.936
41.26 88.4274 23.5091 111.937
41.28 102.595 9.34165 111.936
41.3 78.2798 33.6567 111.937
41.32 95.0761 16.8602 111.936
41.34 82.3775 29.5588 111.936
41.36 87.5846 24.3516 111.936
41.38 79.107 32.8293 111.936
41.4 91.0143 20.9219 111.936
41.42 84.8367 27.0997 111.936
41.44 91.1639 20.7725 111.936
41.46 100.991 10.9449 111.936
41.48 89.9437 21.9928 111.936
41.5 70.5455 41.3912 111.937
41.52 90.0338 21.9026 111.936
41.54 69.0577 42.8791 111.937
41.56 96.9092 15.0272 111.936
41.58 86.894 25.0426 111.937
41.6 91.9629 19.9734 111.936
41.62 69.0802 42.8564 111.937
41.64 84.3211 27.6153 111.936
41.66 83.3533 28.5833 111.937
41.68 108.264 3.67242 111.936
41.7 102.465 9.47189 111.937
41.72 93.8533 18.0831 111.936
41.74 66.6945 45.2422 111.937
41.76 98.5163 13.4203 111.937
41.78 96.532 15.4047 111.937
41.8 92.542 19.3947 111.937
41.82 108.403 3.53315 111.936
41.84 88.7613 23.1754 111.937
41.86 94.5443 17.3924 111.937
41.88 87.576 24.3607 111.937
41.9 81.8172 30.1195 111.937
41.92 82.346 29.5906 111.937
41.94 77.1852 34.7514 111.937
41.96 57.0045 54.9321 111.937
41.98 57.571 54.3657 111.937
42 67.3608 44.5757 111.937
42.02 60.4251 51.5115 111.937
42.04 75.7413 36.1953 111.937
42.06 93.137 18.7995 111.937
42.08 81.4346 30.5018 111.936
42.1 49.8835 62.0533 111.937
42.12 77.4763 34.4603 111.937
42.14 76.6521 35.2846 111.937
42.16 85.7893 26.1474 111.937
42.18 78.5858 33.351 111.937
42.2 98.9369 12.9998 111.937
42.22 92.9869 18.9498 111.937
42.24 88.8329 23.1037 111.937
42.26 83.7119 28.2248 111.937
42.28 59.6177 52.319 111.937
42.3 72.1836 39.7529 111.936
42.32 95.6205 16.316 111.936
42.34 99.788 12.1486 111.937
42.36 88.2401 23.6965 111.937
42.38 73.1689 38.768 111.937
42.4 100.07 11.8661 111.936
42.42 68.6173 43.3195 111.937
42.44 106.866 5.07085 111.936
42.46 105.526 6.40992 111.936
42.48 83.6901 28.2463 111.936
42.5 96.6176 15.3187 111.936
42.52 83.9634 27.973 111.936
42.54 96.3019 15.6344 111.936
42.56 114.741 -2.80481 111.936
42.58 88.8451 23.0912 111.936
42.6 66.2073 45.7291 111.936
42.62 85.9177 26.0185 111.936
42.64 72.7695 39.167 111.936
42.66 107.028 4.90802 111.936
42.68 94.3212 17.6153 111.936
42.7 55.0271 56.9096 111.937
42.72 84.3118 27.6247 111.936
42.74 87.1872 24.7493 111.937
42.76 78.4719 33.4647 111.937
42.78 94.9543 16.9822 111.937
42.8 74.4637 37.4729 111.937
42.82 87.5619 24.3747 111.937
42.84 103.842 8.09486 111.937
42.86 96.2061 15.7301 111.936
42.88 87.6379 24.2986 111.937
42.9 100.459 11.4778 111.936
42.92 85.3377 26.5987 111.936
42.94 86.7636 25.1729 111.936
42.96 72.391 39.5454 111.936
42.98 93.0147 18.9214 111.936
43 75.1526 36.7838 111.936
43.02 80.5926 31.3436 111.936
43.04 102.577 9.35913 111.936
43.06 99.5469 12.3893 111.936
43.08 96.9672 14.9688 111.936
43.1 84.1183 27.818 111.936
43.12 79.9257 32.0105 111.936
43.14 83.4587 28.4775 111.936
43.16 80.827 31.1092 111.936
43.18 75.1529 36.7833 111.936
43.2 77.2871 34.6492 111.936
43.22 94.1864 17.7499 111.936
43.24 90.252 21.6842 111.936
43.26 75.2133 36.723 111.936
43.28 96.5315 15.4048 111.936
43.3 66.7602 45.1761 111.936
43.32 92.6059 19.3302 111.936
43.34 101.748 10.1881 111.936
43.36 86.4391 25.497 111.936
43.38 51.8523 60.084 111.936
43.4 78.1032 33.8329 111.936
43.42 90.9764 20.9598 111.936
43.44 88.2675 23.6688 111.936
43.46 72.3941 39.5421 111.936
43.48 88.2155 23.7207 111.936
43.5 90.6239 21.3122 111.936
43.52 45.1702 66.7663 111.937
43.54 93.0013 18.9347 111.936
43.56 68.5332 43.4032 111.936
43.58 61.7914 50.1449 111.936
43.6 84.2294 27.7068 111.936
43.62 94.6853 17.2509 111.936
43.64 84.7303 27.2061 111.936
43.66 101.101 10.8354 111.936
43.68 82.7217 29.2144 111.936
43.7 84.4043 27.5318 111.936
43.72 78.3574 33.5787 111.936
43.74 72.0306 39.9058 111.936
43.76 97.534 14.4023 111.936
43.78 87.8422 24.094 111.936
43.8 87.4723 24.4638 111.936
43.82 77.7481 34.1883 111.936
43.84 93.9238 18.0125 111.936
43.86 88.4957 23.4406 111.936
43.88 66.9193 45.0172 111.936
43.9 76.0268 35.9096 111.936
43.92 88.8488 23.0876 111.936
43.94 93.3036 18.633 111.937
43.96 86.2348 25.7015 111.936
43.98 84.1705 27.7658 111.936
44 93.802 18.1344 111.936
44.02 81.8464 30.0899 111.936
44.04 74.4797 37.4566 111.936
44.06 80.6488 31.2874 111.936
44.08 73.3728 38.5634 111.936
44.1 96.8179 15.1181 111.936
44.12 84.4939 27.442 111.936
44.14 71.8263 40.1099 111.936
44.16 99.8522 12.0839 111.936
44.18 116.547 -4.61138 111.936
44.2 91.5745 20.3613 111.936
44.22 64.7033 47.2326 111.936
44.24 76.9957 34.9401 111.936
44.26 76.7345 35.2011 111.936
44.28 56.9394 54.9964 111.936
44.3 55.7847 56.1513 111.936
44.32 89.2778 22.6581 111.936
44.34 101.777 10.1589 111.936
44.36 106.009 5.92695 111.936
44.38 76.4175 35.5187 111.936
44.4 97.569 14.3668 111.936
44.42 85.2324 26.7035 111.936
44.44 82.0314 29.9045 111.936
44.46 84.3341 27.6018 111.936
44.48 84.9985 26.9376 111.936
44.5 112.375 -0.438873 111.936
44.52 97.4372 14.4988 111.936
44.54 99.073 12.8629 111.936
44.56 90.4171 21.5186 111.936
44.58 69.1959 42.7402 111.936
44.6 94.4574 17.4785 111.936
44.62 78.9995 32.9365 111.936
44.64 77.1777 34.7581 111.936
44.66 80.418 31.5178 111.936
44.68 86.6726 25.2633 111.936
44.7 84.8623 27.0736 111.936
44.72 67.5002 44.4357 111.936
44.74 95.1284 16.8072 111.936
44.76 102.041 9.89411 111.935
44.78 82.63 29.3056 111.936
44.8 89.9128 22.0228 111.936
44.82 100.592 11.3439 111.935
44.84 59.4686 52.4672 111.936
44.86 80.1472 31.7882 111.935
44.88 67.5018 44.4339 111.936
44.9 52.6854 59.2503 111.936
44.92 63.584 48.3515 111.935
44.94 70.8096 41.126 111.936
44.96 85.6953 26.2403 111.936
44.98 87.6581 24.2775 111.936
45 96.9476 14.988 111.936
45.02 92.5003 19.4353 111.936
45.04 87.0502 24.8853 111.936
45.06 85.7125 26.2233 111.936
45.08 106.389 5.54673 111.936
45.1 90.9297 21.0062 111.936
45.12 88.7302 23.2056 111.936
45.14 84.3736 27.5622 111.936
45.16 72.9526 38.9833 111.936
45.18 77.1505 34.7854 111.936
45.2 92.9052 19.0306 111.936
45.22 109.066 2.8697 111.936
45.24 107.957 3.97856 111.936
45.26 59.3614 52.5748 111.936
45.28 93.1016 18.8341 111.936
45.3 63.9248 48.0111 111.936
45.32 86.7517 25.184 111.936
45.34 86.0602 25.8755 111.936
45.36 84.3274 27.6083 111.936
45.38 88.2906 23.6453 111.936
45.4 60.0344 51.9017 111.936
45.42 72.9683 38.9676 111.936
45.44 104.06 7.87605 111.936
45.46 103.307 8.62892 111.936
45.48 79.8456 32.0902 111.936
45.5 74.7792 37.1565 111.936
45.52 69.614 42.3218 111.936
45.54 66.5472 45.3888 111.936
45.56 104.046 7.88927 111.936
45.58 85.8908 26.045 111.936
45.6 83.227 28.7086 111.936
45.62 90.5211 21.4145 111.936
45.64 70.2932 41.6424 111.936
45.66 107.044 4.89161 111.935
45.68 95.5902 16.3455 111.936
45.7 82.8004 29.1353 111.936
45.72 81.0157 30.9197 111.935
45.74 83.1246 28.8109 111.936
45.76 93.9847 17.9509 111.936
45.78 69.1863 42.7494 111.936
45.8 92.7419 19.1937 111.936
45.82 96.8576 15.0781 111.936
45.84 103.224 8.71177 111.936
45.86 78.7842 33.1515 111.936
45.88 77.1769 34.7586 111.936
45.9 65.6423 46.2933 111.936
45.92 81.9749 29.9608 111.936
45.94 89.126 22.8096 111.936
45.96 65.8553 46.0804 111.936
45.98 75.7099 36.2258 111.936
46 75.4542 36.4814 111.936
46.02 80.7273 31.2084 111.936
46.04 97.4009 14.5347 111.936
46.06 85.5026 26.4332 111.936
46.08 92.8361 19.0997 111.936
46.1 107.723 4.21277 111.936
46.12 84.9143 27.0216 111.936
46.14 97.3636 14.5722 111.936
46.16 100.313 11.6223 111.936
46.18 76.3336 35.6022 111.936
46.2 95.1097 16.826 111.936
46.22 86.9704 24.965 111.935
46.24 86.2228 25.7126 111.935
46.26 112.667 -0.731554 111.936
46.28 95.2782 16.6576 111.936
46.3 70.591 41.3449 111.936
46.32 77.1067 34.8292 111.936
46.34 70.3187 41.6172 111.936
46.36 73.0312 38.9047 111.936
46.38 96.0222 15.9138 111.936
46.4 104.05 7.88556 111.936
46.42 102.543 9.39317 111.936
46.44 98.5712 13.3647 111.936
46.46 85.8809 26.0552 111.936
46.48 83.4363 28.4996 111.936
46.5 76.878 35.0578 111.936
46.52 94.7245 17.211 111.936
46.54 83.0403 28.8954 111.936
46.56 93.8869 18.0487 111.936
46.58 96.7253 15.2102 111.936
46.6 73.8513 38.0845 111.936
46.62 88.0668 23.8691 111.936
46.64 78.6286 33.3076 111.936
46.66 90.5859 21.3502 111.936
46.68 80.4038 31.5326 111.936
46.7 61.6567 50.2796 111.936
46.72 79.323 32.6133 111.936
46.74 103.919 8.01743 111.936
46.76 95.9214 16.0148 111.936
46.78 75.4055 36.531 111.937
46.8 108.671 3.26464 111.936
46.82 87.18 24.7562 111.936
46.84 85.827 26.1091 111.936
46.86 89.0392 22.8969 111.936
46.88 75.7539 36.1824 111.936
46.9 96.5498 15.3863 111.936
46.92 94.5294 17.4067 111.936
46.94 71.2195 40.7165 111.936
46.96 83.4186 28.5175 111.936
46.98 109.413 2.52287 111.936
47 75.1762 36.7599 111.936
47.02 83.2883 28.6478 111.936
47.04 115.702 -3.76622 111.936
47.06 94.8885 17.0476 111.936
47.08 105.075 6.8614 111.936
47.1 106.4 5.53594 111.936
47.12 72.1074 39.8285 111.936
47.14 77.0002 34.9356 111.936
47.16 80.6595 31.2765 111.936
47.18 78.1025 33.8334 111.936
47.2 86.78 25.1559 111.936
47.22 73.5592 38.3769 111.936
47.24 88.5169 23.4192 111.936
47.26 78.5763 33.36 111.936
47.28 82.3065 29.6297 111.936
47.3 90.921 21.0154 111.936
47.32 99.6241 12.3121 111.936
47.34 115.944 -4.0078 111.936
47.36 92.0759 19.8601 111.936
47.38 99.8386 12.0972 111.936
47.4 83.9416 27.9945 111.936
47.42 99.9702 11.9657 111.936
47.44 92.6346 19.3015 111.936
47.46 79.1764 32.7597 111.936
47.48 84.5535 27.3823 111.936
47.5 64.9447 46.9912 111.936
47.52 71.6028 40.3329 111.936
47.54 65.8961 46.0397 111.936
47.56 80.1771 31.7587 111.936
47.58 92.4797 19.4561 111.936
47.6 80.7323 31.2037 111.936
47.62 94.1051 17.8308 111.936
47.64 73.8925 38.0437 111.936
47.66 94.7959 17.1399 111.936
47.68 108.708 3.22818 111.936
47.7 105.693 6.24314 111.936
47.72 72.7181 39.2178 111.936
47.74 96.2157 15.7199 111.936
47.76 92.2995 19.6362 111.936
47.78 92.7135 19.2222 111.936
47.8 82.4913 29.4444 111.936
47.82 80.447 31.4888 111.936
47.84 92.6922 19.2434 111.936
47.86 95.4933 16.4425 111.936
47.88 98.1325 13.8034 111.936
47.9 68.7503 43.1856 111.936
47.92 60.2363 51.6997 111.936
47.94 93.9717 17.9639 111.936
47.96 56.0516 55.8847 111.936
47.98 98.7434 13.1923 111.936
48 81.154 30.782 111.936
48.02 88.6559 23.2801 111.936
48.04 97.4855 14.4505 111.936
48.06 84.3411 27.5946 111.936
48.08 77.6194 34.3163 111.936
48.1 77.7697 34.1662 111.936
48.12 62.1451 49.7909 111.936
48.14 115.828 -3.89205 111.936
48.16 96.8135 15.1219 111.935
48.18 82.8726 29.0628 111.935
48.2 86.5234 25.4124 111.936
48.22 89.3474 22.5882 111.936
48.24 81.5169 30.4187 111.936
48.26 77.4097 34.5257 111.935
48.28 61.4562 50.4794 111.936
48.3 71.3635 40.5722 111.936
48.32 96.6926 15.2429 111.935
48.34 94.3183 17.6175 111.936
48.36 97.3099 14.6258 111.936
48.38 78.1991 33.7368 111.936
48.4 69.0395 42.8965 111.936
48.42 79.0906 32.8455 111.936
48.44 84.2519 27.684 111.936
48.46 63.8684 48.0675 111.936
48.48 87.6972 24.2387 111.936
48.5 77.415 34.5212 111.936
48.52 99.7852 12.1504 111.936
48.54 91.2137 20.7219 111.936
48.56 88.9784 22.9574 111.936
48.58 101.581 10.3543 111.936
48.6 73.6511 38.2847 111.936
48.62 75.7662 36.1694 111.936
48.64 75.8408 36.0949 111.936
48.66 97.7045 14.2312 111.936
48.68 112.163 -0.227066 111.935
48.7 87.1512 24.7845 111.936
48.72 69.9281 42.0075 111.936
48.74 69.3967 42.5387 111.935
48.76 78.0699 33.8657 111.936
48.78 83.5371 28.3984 111.935
48.8 79.4858 32.4497 111.935
48.82 99.6968 12.2384 111.935
48.84 82.7507 29.1846 111.935
48.86 91.4065 20.5286 111.935
48.88 86.5515 25.3836 111.935
48.9 94.0261 17.9091 111.935
48.92 90.0756 21.8596 111.935
48.94 74.4817 37.4536 111.935
48.96 89.1848 22.7506 111.935
48.98 109.206 2.72942 111.935
49 96.6097 15.3257 111.935
49.02 94.0065 17.9288 111.935
49.04 86.2852 25.6501 111.935
49.06 74.6663 37.2689 111.935
49.08 69.6892 42.2461 111.935
49.1 79.3922 32.5432 111.935
49.12 89.831 22.1043 111.935
49.14 102.848 9.08753 111.935
49.16 78.8318 33.1036 111.935
49.18 85.3475 26.5877 111.935
49.2 81.3712 30.5641 111.935
49.22 71.1573 40.7781 111.935
49.24 100.245 11.6903 111.935
49.26 106.129 5.80635 111.935
49.28 88.6798 23.2554 111.935
49.3 96.8889 15.046 111.935
49.32 61.328 50.607 111.935
49.34 92.4758 19.4589 111.935
49.36 90.3505 21.5845 111.935
49.38 87.7466 24.1884 111.935
49.4 73.5507 38.3841 111.935
49.42 81.3599 30.575 111.935
49.44 119.809 -7.87419 111.935
49.46 94.5674 17.3673 111.935
49.48 72.5153 39.4195 111.935
49.5 116.508 -4.57278 111.935
49.52 88.8627 23.0725 111.935
49.54 90.899 21.036 111.935
49.56 55.1443 56.791 111.935
49.58 96.1632 15.7716 111.935
49.6 102.392 9.54313 111.935
49.62 63.5541 48.3809 111.935
49.64 95.2224 16.7123 111.935
49.66 90.8494 21.0854 111.935
49.68 87.5026 24.4322 111.935
49.7 73.106 38.8288 111.935
49.72 92.7543 19.1803 111.935
49.74 91.4033 20.5313 111.935
49.76 51.9458 59.9892 111.935
49.78 62.5277 49.4073 111.935
49.8 94.801 17.134 111.935
49.82 82.9834 28.9516 111.935
49.84 76.7904 35.1446 111.935
49.86 83.9911 27.9438 111.935
49.88 82.3435 29.5916 111.935
49.9 100.899 11.0354 111.935
49.92 64.7102 47.2248 111.935
49.94 69.1183 42.8165 111.935
49.96 75.571 36.3639 111.935
49.98 99.4551 12.4798 111.935
