0.00 32 -0.522141 31.4779
0.02 32.0018 -0.523937 31.4779
0.04 32.0072 -0.529351 31.4779
0.06 32.0164 -0.538537 31.4779
0.08 32.0297 -0.551826 31.4779
0.1 32.0476 -0.569765 31.4779
0.12 32.071 -0.593167 31.4779
0.14 32.1013 -0.623405 31.4779
0.16 32.1439 -0.671495 31.4724
0.18 32.1987 -0.726328 31.4724
0.2 32.2682 -0.790293 31.4779
0.22 32.357 -0.87914 31.4779
0.24 32.4718 -0.993935 31.4779
0.26 32.6204 -1.13706 31.4833
0.28 32.814 -1.3361 31.4779
0.3 33.0645 -1.5866 31.4779
0.32 33.3781 -1.9002 31.4779
0.34 33.73 -2.25212 31.4779
0.36 33.9769 -2.49905 31.4779
0.38 33.6316 -2.15375 31.4779
0.4 31.9299 -0.44657 31.4833
0.42 30.3583 1.125 31.4833
0.44 30.8938 0.589552 31.4833
0.46 31.4171 0.0662342 31.4833
0.48 32.893 -1.40417 31.4888
0.5 34.2569 -2.76812 31.4888
0.52 34.7219 -3.23308 31.4888
0.54 34.7886 -3.2943 31.4943
0.56 34.8283 -3.3395 31.4888
0.58 34.968 -3.47923 31.4888
0.6 35.192 -3.69776 31.4943
0.62 35.2602 -3.75491 31.5053
0.64 34.3684 -2.86868 31.4998
0.66 31.9784 -0.467665 31.5107
0.68 32.2727 -0.761938 31.5107
0.7 34.7259 -3.2152 31.5107
0.72 35.0866 -3.57586 31.5107
0.74 34.7305 -3.23077 31.4998
0.76 35.1968 -3.69707 31.4998
0.78 35.5869 -4.08713 31.4998
0.8 35.1778 -3.67252 31.5053
0.82 34.5119 -3.00666 31.5053
0.84 34.4757 -2.97044 31.5053
0.86 35.0552 -3.55545 31.4998
0.88 35.5636 -4.06386 31.4998
0.9 35.7315 -4.23721 31.4943
0.92 35.6608 -4.17196 31.4888
0.94 35.4915 -4.00272 31.4888
0.96 35.3068 -3.81255 31.4943
0.98 35.1446 -3.65574 31.4888
1 35.0191 -3.53024 31.4888
1.02 34.9343 -3.451 31.4833
1.04 34.892 -3.39773 31.4943
1.06 34.8909 -3.3966 31.4943
1.08 34.9309 -3.43664 31.4943
1.1 35.012 -3.51771 31.4943
1.12 35.1301 -3.63585 31.4943
1.14 35.2683 -3.77952 31.4888
1.16 35.374 -3.8852 31.4888
1.18 35.317 -3.83368 31.4833
1.2 34.8925 -3.40373 31.4888
1.22 34.1699 -2.68111 31.4888
1.24 34.0481 -2.55376 31.4943
1.26 34.9232 -3.42888 31.4943
1.28 35.8007 -4.30645 31.4943
1.3 36.1498 -4.66646 31.4833
1.32 36.0094 -4.52611 31.4833
1.34 35.4977 -4.0089 31.4888
1.36 35.0195 -3.52523 31.4943
1.38 35.1987 -3.7044 31.4943
1.4 35.9063 -4.41205 31.4943
1.42 36.5402 -5.04594 31.4943
1.44 36.9168 -5.42803 31.4888
1.46 37.1254 -5.64206 31.4833
1.48 37.2474 -5.76957 31.4779
1.5 37.2986 -5.82079 31.4779
1.52 37.2535 -5.77569 31.4779
1.54 37.1091 -5.63674 31.4724
1.56 36.9955 -5.51761 31.4779
1.58 37.1491 -5.67671 31.4724
1.6 37.6197 -6.14188 31.4779
1.62 38.2009 -6.723 31.4779
1.64 38.7264 -7.24853 31.4779
1.66 39.158 -7.68566 31.4724
1.68 39.3754 -7.90301 31.4724
1.7 38.6113 -7.13347 31.4778
1.72 34.5779 -3.10001 31.4778
1.74 31.6738 -0.195889 31.4779
1.76 36.4359 -4.95806 31.4778
1.78 38.6448 -7.16691 31.4778
1.8 37.7161 -6.23822 31.4778
1.82 34.5984 -3.12051 31.4779
1.84 34.3959 -2.92356 31.4724
1.86 37.2116 -5.73926 31.4724
1.88 38.606 -7.12817 31.4779
1.9 38.6255 -7.14765 31.4779
1.92 38.1495 -6.67168 31.4779
1.94 37.5828 -6.11042 31.4724
1.96 37.0599 -5.58208 31.4779
1.98 36.6148 -5.13698 31.4779
2 36.2513 -4.76792 31.4833
2.02 35.9629 -4.47412 31.4888
2.04 35.741 -4.25218 31.4888
2.06 35.5775 -4.08316 31.4943
2.08 35.4654 -3.96558 31.4998
2.1 35.3991 -3.89935 31.4998
2.12 35.3746 -3.88031 31.4943
2.14 35.3874 -3.89309 31.4943
2.16 35.4339 -3.93966 31.4943
2.18 35.511 -4.01668 31.4943
2.2 35.6153 -4.12647 31.4888
2.22 35.743 -4.24876 31.4943
2.24 35.8888 -4.40547 31.4833
2.26 36.0439 -4.56057 31.4833
2.28 36.1912 -4.71339 31.4779
2.3 36.3004 -4.82804 31.4724
2.32 36.3304 -4.86354 31.4669
2.34 36.2679 -4.79548 31.4724
2.36 36.1956 -4.72867 31.4669
2.38 36.2713 -4.81538 31.4559
2.4 36.5316 -5.07014 31.4614
2.42 36.8364 -5.36955 31.4669
2.44 37.0648 -5.60891 31.4559
2.46 37.2077 -5.75722 31.4505
2.48 37.3112 -5.86621 31.445
2.5 37.4211 -5.97616 31.445
2.52 37.5664 -6.12143 31.445
2.54 37.7564 -6.31147 31.445
2.56 37.9801 -6.52966 31.4505
2.58 38.1773 -6.72687 31.4505
2.6 38.0627 -6.61772 31.445
2.62 36.4625 -5.01752 31.445
2.64 31.955 -0.510018 31.445
2.66 29.2019 2.2431 31.445
2.68 32.6701 -1.21964 31.4504
2.7 37.6161 -6.16564 31.4504
2.72 38.7864 -7.34141 31.445
2.74 38.4048 -6.95981 31.445
2.76 36.5033 -5.05832 31.445
2.78 32.4398 -0.989344 31.4505
2.8 33.6299 -2.17944 31.4505
2.82 37.3283 -5.87238 31.4559
2.84 38.5637 -7.10781 31.4559
2.86 38.677 -7.21011 31.4669
2.88 37.6767 -6.20986 31.4669
2.9 35.128 -3.66663 31.4614
2.92 33.7975 -2.33609 31.4614
2.94 35.3781 -3.92216 31.4559
2.96 37.6047 -6.14333 31.4614
2.98 38.7184 -7.25699 31.4614
3 38.5939 -7.12704 31.4669
3.02 37.5841 -6.11173 31.4724
3.04 37.0821 -5.60424 31.4779
3.06 37.7166 -6.23872 31.4779
3.08 37.9136 -6.44121 31.4724
3.1 37.0123 -5.53447 31.4779
3.12 35.6084 -4.13054 31.4779
3.14 35.3725 -3.89466 31.4779
3.16 36.3031 -4.8252 31.4779
3.18 37.1448 -5.66696 31.4779
3.2 37.6982 -6.2203 31.4779
3.22 38.0266 -6.54872 31.4779
3.24 38.1757 -6.69787 31.4779
3.26 38.215 -6.73717 31.4779
3.28 38.1803 -6.70243 31.4779
3.3 37.9532 -6.46987 31.4833
3.32 37.0611 -5.57779 31.4833
3.34 35.1063 -3.623 31.4833
3.36 34.4016 -2.91828 31.4833
3.38 35.9932 -4.50435 31.4888
3.4 36.2458 -4.75701 31.4888
3.42 34.4387 -2.96083 31.4779
3.44 33.6909 -2.21308 31.4779
3.46 35.2943 -3.81648 31.4779
3.48 36.2411 -4.76873 31.4724
3.5 36.2913 -4.81349 31.4779
3.52 36.0686 -4.5907 31.4779
3.54 35.8406 -4.36276 31.4779
3.56 35.676 -4.19817 31.4779
3.58 35.5826 -4.09922 31.4833
3.6 35.5523 -4.06352 31.4888
3.62 35.5762 -4.09284 31.4833
3.64 35.646 -4.15716 31.4888
3.66 35.7577 -4.26891 31.4888
3.68 35.9059 -4.42253 31.4833
3.7 36.0863 -4.60844 31.4779
3.72 36.2949 -4.81707 31.4779
3.74 36.5258 -5.04792 31.4779
3.76 36.7681 -5.29577 31.4724
3.78 37.0068 -5.5454 31.4614
3.8 37.2248 -5.76889 31.4559
3.82 37.4108 -5.95483 31.4559
3.84 37.5725 -6.11661 31.4559
3.86 37.7532 -6.29724 31.4559
3.88 38.0053 -6.54386 31.4614
3.9 38.1015 -6.63457 31.4669
3.92 37.0513 -5.58438 31.4669
3.94 34.4726 -3.00572 31.4669
3.96 33.6087 -2.14178 31.4669
3.98 34.6248 -3.15793 31.4669
4 35.3482 -3.87578 31.4724
4.02 37.6878 -6.20998 31.4779
4.04 38.547 -7.0691 31.4779
4.06 39.2668 -7.7835 31.4833
4.08 40.304 -8.81514 31.4888
4.1 40.7716 -9.28278 31.4888
4.12 40.6441 -9.15531 31.4888
4.14 39.7002 -8.21691 31.4833
4.16 38.0895 -6.60613 31.4833
4.18 36.4422 -4.96434 31.4778
4.2 30.605 0.872833 31.4779
4.22 30.7191 0.7533 31.4724
4.24 35.9907 -4.51831 31.4724
4.26 36.8095 -5.3371 31.4724
4.28 38.1082 -6.63579 31.4724
4.3 39.1271 -7.65472 31.4724
4.32 38.9792 -7.49586 31.4833
4.34 37.9184 -6.43506 31.4833
4.36 36.911 -5.42767 31.4833
4.38 36.9276 -5.43883 31.4888
4.4 37.441 -5.95217 31.4888
4.42 37.7172 -6.22835 31.4888
4.44 37.727 -6.24364 31.4833
4.46 37.5347 -6.05141 31.4833
4.48 36.9086 -5.42524 31.4833
4.5 35.4099 -3.92655 31.4833
4.52 34.0853 -2.59099 31.4943
4.54 35.1004 -3.60615 31.4943
4.56 36.4744 -4.9856 31.4888
4.58 36.695 -5.20622 31.4888
4.6 36.0425 -4.54824 31.4943
4.62 35.183 -3.68327 31.4998
4.64 35.095 -3.60073 31.4943
4.66 35.738 -4.24371 31.4943
4.68 36.2885 -4.79973 31.4888
4.7 36.5383 -5.04948 31.4888
4.72 36.6478 -5.15349 31.4943
4.74 36.7278 -5.228 31.4998
4.76 36.7037 -5.19848 31.5052
4.78 36.1477 -4.64791 31.4998
4.8 34.4202 -2.9204 31.4998
4.82 33.2806 -1.78082 31.4998
4.84 35.1808 -3.68108 31.4998
4.86 36.934 -5.42876 31.5052
4.88 37.5231 -6.01781 31.5052
4.9 37.4847 -5.97943 31.5052
4.92 36.7761 -5.29279 31.4833
4.94 35.2123 -3.72894 31.4833
4.96 34.5453 -3.06746 31.4779
4.98 36.0461 -4.56824 31.4778
5 37.3766 -5.90427 31.4724
5.02 37.8503 -6.38337 31.4669
5.04 37.7004 -6.23351 31.4669
5.06 36.472 -5.01055 31.4614
5.08 34.0807 -2.61932 31.4614
5.1 34.5459 -3.08451 31.4614
5.12 37.1416 -5.68023 31.4614
5.14 38.1755 -6.71962 31.4559
5.16 37.5303 -6.07439 31.4559
5.18 35.1993 -3.7379 31.4614
5.2 34.5823 -3.11537 31.4669
5.22 36.6854 -5.2185 31.4669
5.24 36.8598 -5.39292 31.4669
5.26 34.7174 -3.25056 31.4669
5.28 33.6151 -2.14818 31.4669
5.3 36.1708 -4.69841 31.4724
5.32 38.2464 -6.77401 31.4724
5.34 38.2865 -6.81413 31.4724
5.36 34.9749 -3.50807 31.4669
5.38 32.954 -1.48711 31.4669
5.4 37.0854 -5.61308 31.4724
5.42 38.668 -7.19562 31.4724
5.44 38.693 -7.22613 31.4669
5.46 38.3798 -6.91838 31.4614
5.48 37.5609 -6.09402 31.4669
5.5 35.6861 -4.21921 31.4669
5.52 34.6874 -3.22594 31.4614
5.54 36.6937 -5.23226 31.4614
5.56 38.5035 -7.04761 31.4559
5.58 39.292 -7.83059 31.4614
5.6 39.6174 -8.15603 31.4614
5.62 39.4455 -7.98953 31.4559
5.64 38.0733 -6.62281 31.4504
5.66 35.5373 -4.08689 31.4505
5.68 35.416 -3.97099 31.445
5.7 38.1035 -6.6585 31.445
5.72 39.6527 -8.21321 31.4395
5.74 39.5492 -8.1042 31.445
5.76 39.039 -7.59408 31.445
5.78 39.2291 -7.79512 31.434
5.8 39.5274 -8.08795 31.4395
5.82 38.2806 -6.84112 31.4395
5.84 36.3598 -4.92033 31.4395
5.86 37.8399 -6.39492 31.445
5.88 39.3808 -7.9358 31.445
5.9 39.5543 -8.10933 31.445
5.92 39.405 -7.96006 31.445
5.94 39.1735 -7.72857 31.445
5.96 38.9644 -7.51944 31.445
5.98 38.8555 -7.3996 31.4559
6 38.3675 -6.91159 31.4559
6.02 37.2794 -5.82345 31.4559
6.04 37.1523 -5.69638 31.4559
6.06 38.2552 -6.79379 31.4614
6.08 38.7255 -7.25858 31.4669
6.1 38.3236 -6.86215 31.4614
6.12 37.778 -6.31661 31.4614
6.14 37.6589 -6.1975 31.4614
6.16 37.8152 -6.35933 31.4559
6.18 37.8869 -6.42547 31.4614
6.2 37.8167 -6.34979 31.4669
6.22 37.7112 -6.24434 31.4669
6.24 37.6589 -6.19207 31.4669
6.26 37.6919 -6.21411 31.4778
6.28 37.8022 -6.31893 31.4833
6.3 37.9566 -6.46784 31.4888
6.32 38.0643 -6.57555 31.4888
6.34 37.8516 -6.36833 31.4833
6.36 36.738 -5.26563 31.4723
6.38 35.0695 -3.60265 31.4669
6.4 35.6897 -4.22283 31.4669
6.42 37.2078 -5.74088 31.4669
6.44 36.3439 -4.87708 31.4669
6.46 34.2042 -2.73733 31.4669
6.48 35.5569 -4.09002 31.4669
6.5 37.1963 -5.7404 31.4559
6.52 37.3436 -5.8767 31.4669
6.54 37.1882 -5.72136 31.4669
6.56 37.1175 -5.64515 31.4724
6.58 37.2963 -5.82391 31.4724
6.6 37.6194 -6.14157 31.4778
6.62 37.7484 -6.27061 31.4778
6.64 37.6321 -6.13785 31.4943
6.66 37.4005 -5.91172 31.4888
6.68 37.1543 -5.6655 31.4888
6.7 36.9219 -5.43857 31.4833
6.72 36.672 -5.18864 31.4833
6.74 36.3429 -4.85411 31.4888
6.76 35.9206 -4.43176 31.4888
6.78 35.5808 -4.09749 31.4833
6.8 35.6248 -4.136 31.4888
6.82 36.0557 -4.5669 31.4888
6.84 36.5756 -5.08681 31.4888
6.86 37.0048 -5.51599 31.4888
6.88 37.3426 -5.85385 31.4888
6.9 37.6136 -6.12482 31.4888
6.92 37.7565 -6.26223 31.4943
6.94 37.5339 -6.04507 31.4888
6.96 36.5108 -5.02196 31.4888
6.98 34.835 -3.34073 31.4943
7 34.7053 -3.2055 31.4998
7.02 36.3499 -4.84467 31.5052
7.04 37.4373 -5.92655 31.5107
7.06 37.6479 -6.13716 31.5107
7.08 37.4489 -5.93275 31.5162
7.1 37.1384 -5.63316 31.5052
7.12 36.8428 -5.33756 31.5052
7.14 36.6025 -5.09726 31.5052
7.16 36.4183 -4.91857 31.4997
7.18 36.2803 -4.78603 31.4943
7.2 36.1838 -4.69499 31.4888
7.22 36.1352 -4.64641 31.4888
7.24 36.1466 -4.6578 31.4888
7.26 36.217 -4.72816 31.4888
7.28 36.2582 -4.76939 31.4888
7.3 35.7799 -4.29108 31.4888
7.32 33.2474 -1.76407 31.4833
7.34 30.1352 1.34817 31.4833
7.36 33.1505 -1.66176 31.4888
7.38 35.4251 -3.9308 31.4943
7.4 35.6878 -4.19352 31.4943
7.42 35.4582 -3.96388 31.4943
7.44 35.2132 -3.71891 31.4943
7.46 35.0365 -3.54225 31.4943
7.48 34.9241 -3.42981 31.4943
7.5 34.8592 -3.36495 31.4943
7.52 34.8315 -3.35366 31.4778
7.54 34.8373 -3.3595 31.4778
7.56 34.8793 -3.40698 31.4724
7.58 34.9641 -3.48084 31.4833
7.6 35.0918 -3.60852 31.4833
7.62 35.2456 -3.76773 31.4778
7.64 35.3716 -3.89373 31.4778
7.66 35.3603 -3.88249 31.4778
7.68 35.119 -3.63566 31.4833
7.7 34.8456 -3.36232 31.4833
7.72 34.9635 -3.47471 31.4888
7.74 35.0293 -3.53507 31.4943
7.76 33.6698 -2.17554 31.4943
7.78 31.9018 -0.407533 31.4943
7.8 33.6109 -2.11663 31.4943
7.82 35.5603 -4.07156 31.4888
7.84 36.0924 -4.60365 31.4888
7.86 36.0466 -4.56331 31.4833
7.88 35.8541 -4.3763 31.4778
7.9 35.6282 -4.15036 31.4778
7.92 35.426 -3.94272 31.4833
7.94 35.3149 -3.83162 31.4833
7.96 35.3021 -3.82424 31.4778
7.98 35.2998 -3.82199 31.4778
8 35.265 -3.77621 31.4888
8.02 35.3234 -3.84008 31.4833
8.04 35.6029 -4.11414 31.4888
8.06 36.0062 -4.51742 31.4888
8.08 36.3134 -4.82461 31.4888
8.1 36.3361 -4.84729 31.4888
8.12 35.9203 -4.43704 31.4833
8.14 35.223 -3.74519 31.4778
8.16 35.1268 -3.64897 31.4778
8.18 35.974 -4.49623 31.4778
8.2 36.8761 -5.39828 31.4778
8.22 37.3608 -5.88843 31.4723
8.24 37.442 -5.96422 31.4778
8.26 37.0982 -5.62039 31.4778
8.28 36.3716 -4.88286 31.4888
8.3 35.6731 -4.18427 31.4888
8.32 35.3673 -3.87857 31.4888
8.34 35.7977 -4.30891 31.4888
8.36 36.9348 -5.44603 31.4888
8.38 37.6934 -6.19915 31.4943
8.4 37.636 -6.14719 31.4888
8.42 37.3279 -5.84456 31.4833
8.44 37.3089 -5.8256 31.4833
8.46 36.9839 -5.49511 31.4888
8.48 35.7644 -4.27564 31.4888
8.5 34.5897 -3.1009 31.4888
8.52 35.7177 -4.22893 31.4888
8.54 37.5672 -6.07844 31.4888
8.56 38.2208 -6.73754 31.4833
8.58 38.1601 -6.68228 31.4778
8.6 37.9328 -6.46047 31.4723
8.62 37.7444 -6.27205 31.4723
8.64 37.6494 -6.17711 31.4723
8.66 37.6733 -6.201 31.4723
8.68 37.8691 -6.39132 31.4778
8.7 38.2135 -6.74659 31.4669
8.72 37.8061 -6.33921 31.4669
8.74 33.3763 -1.90943 31.4669
8.76 32.4814 -1.01451 31.4669
8.78 36.9731 -5.50621 31.4668
8.8 35.1837 -3.72236 31.4614
8.82 34.3373 -2.88143 31.4559
8.84 37.0199 -5.56945 31.4504
8.86 38.7754 -7.3195 31.4559
8.88 39.2783 -7.82789 31.4504
8.9 39.4623 -8.01191 31.4504
8.92 39.5628 -8.11234 31.4504
8.94 39.5691 -8.1132 31.4559
8.96 39.3631 -7.90716 31.4559
8.98 38.5999 -7.14397 31.4559
9 36.9152 -5.45935 31.4559
9.02 35.2232 -3.76176 31.4614
9.04 35.5371 -4.07576 31.4614
9.06 37.2294 -5.76797 31.4614
9.08 38.3212 -6.84337 31.4778
9.1 38.4507 -6.97289 31.4778
9.12 38.1186 -6.64627 31.4723
9.14 37.789 -6.32766 31.4614
9.16 37.6636 -6.1967 31.4669
9.18 37.6963 -6.24043 31.4559
9.2 37.7861 -6.33022 31.4559
9.22 37.8814 -6.43102 31.4504
9.24 37.9614 -6.51096 31.4504
9.26 38.0113 -6.56083 31.4504
9.28 38.0318 -6.57592 31.4559
9.3 38.0447 -6.58881 31.4559
9.32 38.0337 -6.57778 31.4559
9.34 37.5583 -6.10244 31.4559
9.36 35.084 -3.6226 31.4614
9.38 32.5775 -1.11607 31.4614
9.4 35.97 -4.51407 31.4559
9.42 38.2219 -6.76053 31.4614
9.44 38.542 -7.07513 31.4669
9.46 38.3747 -6.91334 31.4614
9.48 38.1689 -6.70753 31.4614
9.5 38.0078 -6.54646 31.4614
9.52 37.8832 -6.42183 31.4614
9.54 37.7571 -6.29576 31.4614
9.56 37.5713 -6.10444 31.4669
9.58 37.2733 -5.80092 31.4723
9.6 36.904 -5.43166 31.4723
9.62 36.6735 -5.20112 31.4723
9.64 36.7494 -5.27702 31.4723
9.66 36.9959 -5.52355 31.4723
9.68 37.1803 -5.69702 31.4833
9.7 37.1642 -5.69189 31.4723
9.72 36.7412 -5.26889 31.4723
9.74 35.5594 -4.08706 31.4723
9.76 34.2054 -2.72758 31.4778
9.78 34.6065 -3.13418 31.4723
9.8 35.5027 -4.03032 31.4723
9.82 34.8209 -3.34307 31.4778
9.84 33.5701 -2.09227 31.4778
9.86 34.266 -2.78273 31.4833
9.88 35.5221 -4.03884 31.4833
9.9 35.9304 -4.4361 31.4943
9.92 35.8495 -4.34976 31.4997
9.94 35.6583 -4.15859 31.4997
9.96 35.5038 -4.00403 31.4997
9.98 35.4323 -3.92705 31.5052
10 35.4553 -3.94458 31.5107
10.02 35.5526 -4.04186 31.5107
10.04 35.5898 -4.07363 31.5162
10.06 35.0102 -3.49406 31.5162
10.08 32.6308 -1.11458 31.5162
10.1 30.8413 0.674909 31.5162
10.12 33.5844 -2.07922 31.5052
10.14 35.4457 -3.94594 31.4997
10.16 35.8011 -4.30136 31.4997
10.18 35.7481 -4.24292 31.5052
10.2 35.6553 -4.15008 31.5052
10.22 35.5678 -4.06261 31.5052
10.24 35.4305 -3.91976 31.5107
10.26 35.1663 -3.65559 31.5107
10.28 34.8002 -3.28944 31.5107
10.3 34.6099 -3.09923 31.5107
10.32 34.8801 -3.36937 31.5107
10.34 35.4392 -3.92847 31.5107
10.36 35.9487 -4.43801 31.5107
10.38 36.3074 -4.79664 31.5107
10.4 36.5696 -5.06435 31.5052
10.42 36.797 -5.28624 31.5107
10.44 37.0146 -5.50386 31.5107
10.46 37.2082 -5.69753 31.5107
10.48 37.3362 -5.82002 31.5162
10.5 37.3655 -5.84931 31.5162
10.52 37.3483 -5.8376 31.5107
10.54 37.4278 -5.91164 31.5162
10.56 37.6178 -6.09617 31.5217
10.58 37.6914 -6.16429 31.5271
10.6 37.4975 -5.97037 31.5271
10.62 37.17 -5.6428 31.5271
10.64 36.864 -5.33683 31.5271
10.66 36.6187 -5.09157 31.5271
10.68 36.5005 -4.97335 31.5271
10.7 36.4718 -4.94469 31.5271
10.72 36.8196 -5.29789 31.5217
10.74 37.6769 -6.16068 31.5162
10.76 38.3976 -6.88686 31.5107
10.78 38.6576 -7.14688 31.5107
10.8 38.5673 -7.05664 31.5107
10.82 38.2583 -6.74756 31.5107
10.84 37.8202 -6.30401 31.5162
10.86 37.4053 -5.88915 31.5162
10.88 37.2045 -5.68287 31.5217
10.9 37.2289 -5.70721 31.5217
10.92 37.3218 -5.80018 31.5217
10.94 37.3816 -5.85444 31.5271
10.96 37.3258 -5.80413 31.5217
10.98 37.0292 -5.51297 31.5162
11 36.6025 -5.09179 31.5107
11.02 36.5087 -4.99796 31.5107
11.04 36.7793 -5.26861 31.5107
11.06 36.8771 -5.3609 31.5162
11.08 36.6293 -5.1131 31.5162
11.1 36.3953 -4.88461 31.5107
11.12 36.4818 -4.96562 31.5162
11.14 36.7208 -5.21007 31.5107
11.16 36.8466 -5.33586 31.5107
11.18 36.8134 -5.29718 31.5162
11.2 36.6945 -5.18378 31.5107
11.22 36.5614 -5.05072 31.5107
11.24 36.456 -4.93985 31.5162
11.26 36.403 -4.88684 31.5162
11.28 36.4258 -4.91509 31.5107
11.3 36.536 -5.02528 31.5107
11.32 36.5983 -5.09858 31.4998
11.34 35.6034 -4.10371 31.4997
11.36 30.5475 0.952274 31.4997
11.38 29.7609 1.73885 31.4998
11.4 35.0455 -3.5512 31.4943
11.42 36.0923 -4.598 31.4943
11.44 35.7672 -4.27291 31.4943
11.46 35.3276 -3.83884 31.4888
11.48 35.0273 -3.54402 31.4833
11.5 34.9037 -3.42589 31.4778
11.52 34.8987 -3.41541 31.4833
11.54 34.9271 -3.44378 31.4833
11.56 34.9385 -3.45523 31.4833
11.58 34.9258 -3.43703 31.4888
11.6 34.9 -3.41664 31.4833
11.62 34.8715 -3.38819 31.4833
11.64 34.8411 -3.35776 31.4833
11.66 34.8034 -3.32009 31.4833
11.68 34.7543 -3.27099 31.4833
11.7 34.7067 -3.22343 31.4833
11.72 34.7078 -3.24091 31.4669
11.74 34.8232 -3.35635 31.4669
11.76 35.0917 -3.61934 31.4724
11.78 35.4939 -4.02702 31.4669
11.8 35.9773 -4.51041 31.4669
11.82 36.4797 -5.01827 31.4614
11.84 36.8646 -5.39773 31.4669
11.86 36.7315 -5.2701 31.4614
11.88 35.6135 -4.14112 31.4724
11.9 35.1252 -3.65828 31.4669
11.92 36.8558 -5.38889 31.4669
11.94 37.4566 -5.9788 31.4778
11.96 35.1374 -3.65952 31.4778
11.98 34.3753 -2.89745 31.4778
12 37.2975 -5.82515 31.4724
12.02 38.4159 -6.94349 31.4724
12.04 37.8769 -6.40452 31.4724
12.06 36.7992 -5.32138 31.4778
12.08 36.1391 -4.66128 31.4778
12.1 36.5406 -5.06272 31.4778
12.12 37.3444 -5.86655 31.4778
12.14 37.84 -6.36215 31.4778
12.16 37.9911 -6.50775 31.4833
12.18 37.9288 -6.44546 31.4833
12.2 37.7345 -6.25118 31.4833
12.22 37.4893 -6.01145 31.4778
12.24 37.1942 -5.72186 31.4724
12.26 36.3966 -4.92974 31.4669
12.28 35.0019 -3.53498 31.4669
12.3 35.4972 -4.03026 31.4669
12.32 37.4512 -5.99532 31.4559
12.34 38.2799 -6.82401 31.4559
12.36 37.79 -6.33408 31.4559
12.38 36.0958 -4.63988 31.4559
12.4 34.832 -3.3651 31.4669
12.42 35.9657 -4.49334 31.4724
12.44 37.181 -5.70866 31.4724
12.46 37.3529 -5.88052 31.4724
12.48 36.9102 -5.4324 31.4778
12.5 36.4034 -4.92558 31.4778
12.52 36.3428 -4.86491 31.4778
12.54 36.6463 -5.16846 31.4778
12.56 36.8729 -5.39508 31.4778
12.58 36.8844 -5.40657 31.4778
12.6 36.7728 -5.28397 31.4888
12.62 36.6283 -5.14493 31.4833
12.64 36.4873 -4.99845 31.4888
12.66 36.3643 -4.88093 31.4833
12.68 36.2754 -4.79206 31.4833
12.7 36.2442 -4.75544 31.4888
12.72 36.2962 -4.80194 31.4943
12.74 36.4461 -4.96279 31.4833
12.76 36.6726 -5.18923 31.4833
12.78 36.822 -5.34413 31.4778
12.8 36.3682 -4.87942 31.4888
12.82 34.332 -2.84868 31.4833
12.84 31.6753 -0.191919 31.4833
12.86 32.0228 -0.534023 31.4888
12.88 34.2381 -2.74385 31.4943
12.9 35.0718 -3.57756 31.4943
12.92 34.9416 -3.45275 31.4888
12.94 35.6355 -4.14671 31.4888
12.96 36.4761 -4.98732 31.4888
12.98 36.8407 -5.34643 31.4943
13 36.9357 -5.44688 31.4888
13.02 36.9729 -5.47862 31.4943
13.04 37.001 -5.50672 31.4943
13.06 36.9742 -5.4799 31.4943
13.08 36.8709 -5.36561 31.5052
13.1 36.8325 -5.33269 31.4998
13.12 36.8771 -5.38283 31.4943
13.14 36.1523 -4.65801 31.4943
13.16 33.7444 -2.25013 31.4943
13.18 32.1053 -0.610979 31.4943
13.2 33.6156 -2.11584 31.4998
13.22 35.1097 -3.60996 31.4998
13.24 36.4094 -4.91509 31.4943
13.26 37.5842 -6.10086 31.4833
13.28 38.146 -6.65721 31.4888
13.3 38.2758 -6.78695 31.4888
13.32 38.1236 -6.64024 31.4833
13.34 37.6148 -6.13699 31.4778
13.36 36.8672 -5.38938 31.4779
13.38 36.4125 -4.9347 31.4779
13.4 36.3625 -4.87913 31.4833
13.42 36.8067 -5.31786 31.4888
13.44 36.7093 -5.22593 31.4833
13.46 34.2879 -2.79909 31.4888
13.48 32.8145 -1.32024 31.4943
13.5 33.8542 -2.34343 31.5107
13.52 35.4957 -3.99044 31.5052
13.54 36.9584 -5.45317 31.5052
13.56 37.3773 -5.8775 31.4998
13.58 37.1104 -5.61606 31.4943
13.6 36.4771 -4.98826 31.4888
13.62 35.7914 -4.30262 31.4888
13.64 35.6004 -4.11159 31.4888
13.66 35.8299 -4.35206 31.4778
13.68 35.5765 -4.09867 31.4778
13.7 34.4391 -2.96123 31.4778
13.72 33.4895 -2.01713 31.4724
13.74 34.01 -2.52668 31.4833
13.76 35.2841 -3.80074 31.4833
13.78 36.1594 -4.67056 31.4888
13.8 36.3494 -4.86612 31.4833
13.82 35.8675 -4.37324 31.4943
13.84 34.695 -3.20624 31.4888
13.86 33.6172 -2.12842 31.4888
13.88 33.9907 -2.49639 31.4943
13.9 34.9801 -3.48577 31.4943
13.92 35.4915 -3.99172 31.4998
13.94 35.6124 -4.10718 31.5052
13.96 35.6222 -4.11695 31.5052
13.98 35.6654 -4.16014 31.5052
14 35.8029 -4.30309 31.4998
14.02 36.0607 -4.56092 31.4998
14.04 36.4353 -4.94101 31.4943
14.06 36.8256 -5.33132 31.4943
14.08 36.7435 -5.24921 31.4943
14.1 34.6439 -3.14965 31.4943
14.12 31.0644 0.429905 31.4943
14.14 33.0962 -1.60742 31.4888
14.16 35.4866 -3.99785 31.4888
14.18 35.9424 -4.45361 31.4888
14.2 35.3648 -3.87047 31.4943
14.22 35.6711 -4.17685 31.4943
14.24 37.1398 -5.6455 31.4943
14.26 38.1072 -6.62386 31.4833
14.28 38.2311 -6.74775 31.4833
14.3 37.4205 -5.94265 31.4778
14.32 35.2999 -3.81661 31.4833
14.34 33.1292 -1.65135 31.4779
14.36 33.9373 -2.454 31.4833
14.38 36.1122 -4.62888 31.4833
14.4 37.1291 -5.64577 31.4833
14.42 37.1549 -5.67155 31.4833
14.44 36.8104 -5.3271 31.4833
14.46 36.4056 -4.9223 31.4833
14.48 36.0516 -4.56829 31.4833
14.5 35.7792 -4.29584 31.4833
14.52 35.5905 -4.10167 31.4888
14.54 35.4784 -3.98956 31.4888
14.56 35.4338 -3.94498 31.4888
14.58 35.4472 -3.95288 31.4943
14.6 35.5076 -4.01334 31.4943
14.62 35.601 -4.1122 31.4888
14.64 35.7067 -4.22338 31.4833
14.66 35.7955 -4.30665 31.4888
14.68 35.8358 -4.34154 31.4943
14.7 35.8199 -4.32564 31.4943
14.72 35.8023 -4.31901 31.4833
14.74 35.8913 -4.41348 31.4778
14.76 36.1346 -4.66225 31.4724
14.78 36.4575 -4.98509 31.4724
14.8 36.761 -5.28863 31.4724
14.82 37.0149 -5.548 31.4669
14.84 37.2431 -5.77624 31.4669
14.86 37.4706 -5.9982 31.4724
14.88 37.6548 -6.19882 31.4559
14.9 37.5233 -6.0674 31.4559
14.92 36.2596 -4.80367 31.4559
14.94 33.718 -2.25108 31.4669
14.96 34.3 -2.82761 31.4724
14.98 36.8906 -5.42918 31.4614
15 37.8049 -6.34345 31.4614
15.02 37.5015 -6.04009 31.4614
15.04 36.9162 -5.46578 31.4505
15.06 37.0441 -5.59367 31.4505
15.08 37.6863 -6.2304 31.4559
15.1 37.4564 -6.00593 31.4504
15.12 34.744 -3.29356 31.4505
15.14 32.7175 -1.27249 31.445
15.16 35.9158 -4.47083 31.445
15.18 37.7102 -6.26525 31.445
15.2 37.9242 -6.4792 31.445
15.22 37.7828 -6.3433 31.4395
15.24 37.6858 -6.24629 31.4395
15.26 37.7429 -6.30884 31.434
15.28 37.8531 -6.41912 31.434
15.3 37.7131 -6.28461 31.4285
15.32 37.0311 -5.60262 31.4285
15.34 35.6379 -4.2094 31.4285
15.36 34.0367 -2.59724 31.4395
15.38 35.389 -3.95501 31.434
15.4 37.8048 -6.37627 31.4285
15.42 38.566 -7.13195 31.434
15.44 38.4375 -6.99796 31.4395
15.46 38.215 -6.76456 31.4505
15.48 38.1905 -6.74007 31.4505
15.5 37.8422 -6.39177 31.4504
15.52 35.8787 -4.42821 31.4504
15.54 34.4959 -3.03995 31.4559
15.56 37.2422 -5.78626 31.4559
15.58 38.9288 -7.48383 31.445
15.6 37.9239 -6.47894 31.445
15.62 34.0383 -2.59879 31.4395
15.64 33.6644 -2.21942 31.445
15.66 36.4667 -5.02174 31.445
15.68 36.8166 -5.37713 31.4395
15.7 36.8686 -5.42916 31.4395
15.72 37.4356 -5.97969 31.4559
15.74 37.8501 -6.3942 31.4559
15.76 37.9626 -6.50672 31.4559
15.78 37.9684 -6.50697 31.4614
15.8 38.0098 -6.54837 31.4614
15.82 38.1275 -6.66607 31.4614
15.84 38.2693 -6.80793 31.4614
15.86 38.2729 -6.80601 31.4669
15.88 37.9188 -6.45191 31.4669
15.9 37.2855 -5.81862 31.4669
15.92 36.6853 -5.23485 31.4504
15.94 35.6856 -4.22962 31.4559
15.96 35.4271 -3.96019 31.4669
15.98 36.889 -5.4276 31.4614
16 37.8393 -6.37241 31.4669
16.02 37.7128 -6.24045 31.4724
16.04 37.418 -5.94565 31.4724
16.06 37.6171 -6.15019 31.4669
16.08 37.9696 -6.49179 31.4778
16.1 38.1419 -6.66408 31.4779
16.12 38.1615 -6.68363 31.4779
16.14 38.0974 -6.61956 31.4779
16.16 37.9246 -6.44678 31.4779
16.18 37.4978 -6.01999 31.4779
16.2 36.5555 -5.07766 31.4779
16.22 35.1509 -3.6731 31.4779
16.24 34.5826 -3.10473 31.4779
16.26 35.4672 -3.98934 31.4778
16.28 36.3444 -4.87207 31.4724
16.3 36.6421 -5.15872 31.4833
16.32 36.6137 -5.1304 31.4833
16.34 36.4953 -5.01747 31.4779
16.36 36.3902 -4.91238 31.4779
16.38 36.2888 -4.81642 31.4724
16.4 35.9801 -4.50227 31.4779
16.42 34.7957 -3.31787 31.4779
16.44 32.3408 -0.862972 31.4779
16.46 32.0648 -0.586934 31.4779
16.48 34.2602 -2.77134 31.4888
16.5 35.2533 -3.76454 31.4888
16.52 35.2847 -3.79588 31.4888
16.54 35.0696 -3.58077 31.4888
16.56 34.8641 -3.37527 31.4888
16.58 34.7286 -3.23432 31.4943
16.6 34.6642 -3.16439 31.4998
16.62 34.6552 -3.15545 31.4998
16.64 34.688 -3.18826 31.4998
16.66 34.7604 -3.25519 31.5053
16.68 34.878 -3.37278 31.5053
16.7 35.0516 -3.54639 31.5053
16.72 35.2954 -3.79011 31.5053
16.74 35.6179 -4.1126 31.5053
16.76 35.9994 -4.49961 31.4998
16.78 36.3237 -4.81848 31.5053
16.8 36.2071 -4.69086 31.5162
16.82 34.8417 -3.33102 31.5107
16.84 32.1255 -0.614774 31.5107
16.86 31.5759 -0.0651748 31.5107
16.88 34.0482 -2.53743 31.5107
16.9 32.5799 -1.06922 31.5107
16.92 31.4905 0.0202631 31.5107
16.94 36.0383 -4.52206 31.5162
16.96 37.5683 -6.05209 31.5162
16.98 37.5721 -6.05593 31.5162
17 37.4016 -5.89639 31.5053
17.02 37.3187 -5.82442 31.4943
17.04 37.3222 -5.83336 31.4888
17.06 37.3506 -5.86179 31.4888
17.08 37.3267 -5.83785 31.4888
17.1 37.204 -5.71519 31.4888
17.12 37.0573 -5.56851 31.4888
17.14 37.0959 -5.6071 31.4888
17.16 37.4083 -5.925 31.4833
17.18 37.1786 -5.69523 31.4833
17.2 31.4847 -0.00133529 31.4833
17.22 28.978 2.50537 31.4833
17.24 37.5276 -6.04424 31.4833
17.26 38.9495 -7.46616 31.4833
17.28 38.7992 -7.32132 31.4779
17.3 38.6683 -7.1904 31.4779
17.32 38.7049 -7.22156 31.4833
17.34 38.7548 -7.27141 31.4833
17.36 38.3831 -6.89972 31.4833
17.38 37.0207 -5.53184 31.4888
17.4 35.9558 -4.467 31.4888
17.42 37.4529 -5.97506 31.4779
17.44 39.0879 -7.61556 31.4724
17.46 39.6262 -8.15379 31.4724
17.48 39.6681 -8.19575 31.4724
17.5 39.4974 -8.03049 31.4669
17.52 38.2916 -6.82474 31.4669
17.54 35.9972 -4.53032 31.4669
17.56 36.3083 -4.84143 31.4669
17.58 36.5706 -5.10366 31.4669
17.6 36.0598 -4.59286 31.4669
17.62 36.1409 -4.67401 31.4669
17.64 36.5165 -5.04955 31.4669
17.66 37.7426 -6.28119 31.4614
17.68 38.9661 -7.50467 31.4614
17.7 39.4774 -8.01602 31.4614
17.72 39.4161 -7.95464 31.4614
17.74 38.964 -7.49712 31.4669
17.76 38.039 -6.57212 31.4669
17.78 36.7625 -5.29561 31.4669
17.8 36.2977 -4.83083 31.4669
17.82 37.0398 -5.56738 31.4724
17.84 37.5543 -6.08193 31.4724
17.86 36.8175 -5.3506 31.4669
17.88 33.9089 -2.44748 31.4614
17.9 32.8364 -1.37495 31.4614
17.92 36.3355 -4.86862 31.4669
17.94 37.8885 -6.42157 31.4669
17.96 37.8953 -6.42842 31.4669
17.98 37.646 -6.1791 31.4669
18 37.6485 -6.19251 31.4559
18.02 37.8799 -6.42391 31.4559
18.04 37.9307 -6.48025 31.4505
18.06 37.3024 -5.85191 31.4505
18.08 35.8576 -4.42361 31.434
18.1 34.4276 -2.98808 31.4395
18.12 33.9579 -2.51837 31.4395
18.14 34.7158 -3.28174 31.434
18.16 36.3342 -4.90015 31.434
18.18 37.4373 -5.99782 31.4395
18.2 37.7593 -6.31977 31.4395
18.22 37.7207 -6.28667 31.434
18.24 37.6175 -6.18346 31.434
18.26 37.5732 -6.14464 31.4285
18.28 37.6243 -6.19029 31.434
18.3 37.7589 -6.31393 31.445
18.32 37.9031 -6.45267 31.4505
18.34 37.8355 -6.38506 31.4505
18.36 37.006 -5.5446 31.4614
18.38 34.6588 -3.1974 31.4614
18.4 31.884 -0.422609 31.4614
18.42 31.5568 -0.0953775 31.4614
18.44 33.4416 -1.98021 31.4614
18.46 36.0769 -4.61547 31.4614
18.48 37.5895 -6.12256 31.4669
18.5 37.9277 -6.46079 31.4669
18.52 37.7827 -6.31579 31.4669
18.54 37.5315 -6.06463 31.4669
18.56 37.2782 -5.80587 31.4724
18.58 37.0167 -5.5498 31.4669
18.6 36.7501 -5.27769 31.4724
18.62 36.5893 -5.12241 31.4669
18.64 36.7005 -5.23905 31.4614
18.66 37.0863 -5.63034 31.4559
18.68 37.5759 -6.11996 31.4559
18.7 37.9917 -6.53032 31.4614
18.72 38.0433 -6.57637 31.4669
18.74 36.9861 -5.51921 31.4669
18.76 34.9889 -3.53298 31.4559
18.78 35.759 -4.30305 31.4559
18.8 37.6663 -6.21039 31.4559
18.82 38.074 -6.61811 31.4559
18.84 37.7104 -6.25447 31.4559
18.86 37.3616 -5.91116 31.4505
18.88 37.3873 -5.94233 31.445
18.9 37.702 -6.26248 31.4395
18.92 38.0682 -6.62868 31.4395
18.94 38.3821 -6.93715 31.445
18.96 38.6408 -7.19037 31.4505
18.98 38.8564 -7.40596 31.4505
19 39.0288 -7.57837 31.4505
19.02 39.1451 -7.68917 31.4559
19.04 39.189 -7.74398 31.445
19.06 39.1293 -7.69524 31.434
19.08 38.5902 -7.16717 31.4231
19.1 35.1268 -3.70379 31.423
19.12 28.9069 2.51618 31.4231
19.14 34.3833 -2.96023 31.423
19.16 37.2387 -5.81014 31.4285
19.18 38.2596 -6.83103 31.4285
19.2 39.0268 -7.59274 31.434
19.22 39.2969 -7.86292 31.434
19.24 39.2567 -7.82818 31.4285
19.26 39.1136 -7.68505 31.4285
19.28 38.9086 -7.46912 31.4395
19.3 38.5593 -7.12532 31.434
19.32 37.9829 -6.54893 31.434
19.34 37.0513 -5.61726 31.434
19.36 35.6688 -4.23483 31.434
19.38 35.8029 -4.36886 31.434
19.4 37.6521 -6.21264 31.4395
19.42 38.6295 -7.19544 31.434
19.44 38.7584 -7.32435 31.434
19.46 38.611 -7.18247 31.4285
19.48 38.286 -6.86297 31.4231
19.5 37.5593 -6.14169 31.4176
19.52 36.5226 -5.105 31.4176
19.54 36.4826 -5.06501 31.4176
19.56 37.6933 -6.27023 31.4231
19.58 38.6188 -7.20122 31.4176
19.6 38.7338 -7.32165 31.4121
19.62 38.2403 -6.82823 31.4121
19.64 37.6875 -6.26991 31.4176
19.66 37.3433 -5.91479 31.4285
19.68 36.0482 -4.61966 31.4285
19.7 33.6397 -2.21111 31.4285
19.72 34.5365 -3.10793 31.4285
19.74 37.5937 -6.17063 31.4231
19.76 38.9189 -7.49588 31.4231
19.78 39.018 -7.59495 31.4231
19.8 38.6233 -7.20028 31.4231
19.82 37.8593 -6.42524 31.434
19.84 36.5323 -5.09829 31.434
19.86 35.1581 -3.72403 31.434
19.88 35.3795 -3.95097 31.4285
19.9 36.7706 -5.34202 31.4285
19.92 37.7151 -6.28653 31.4285
19.94 37.9509 -6.52232 31.4285
19.96 37.9775 -6.53804 31.4395
19.98 38.0964 -6.65147 31.445
20 37.9316 -6.48658 31.445
20.02 36.398 -4.95303 31.445
20.04 33.9125 -2.473 31.4395
20.06 35.1462 -3.70672 31.4395
20.08 36.0009 -4.56146 31.4395
20.1 31.7445 -0.304956 31.4395
20.12 32.5779 -1.13839 31.4395
20.14 35.7642 -4.31923 31.445
20.16 35.9144 -4.45843 31.4559
20.18 36.0247 -4.56879 31.4559
20.2 36.2162 -4.76025 31.4559
20.22 36.0855 -4.6296 31.4559
20.24 35.7383 -4.28786 31.4505
20.26 35.3464 -3.89594 31.4505
20.28 34.9968 -3.53538 31.4614
20.3 34.7188 -3.2464 31.4724
20.32 34.5177 -3.05081 31.4669
20.34 34.3909 -2.924 31.4669
20.36 34.3354 -2.863 31.4724
20.38 34.3469 -2.87456 31.4724
20.4 34.4144 -2.94203 31.4724
20.42 34.4993 -3.02142 31.4779
20.44 34.4779 -2.99452 31.4833
20.46 34.0332 -2.54989 31.4833
20.48 32.8393 -1.35044 31.4888
20.5 31.9282 -0.44486 31.4833
20.52 32.8355 -1.36315 31.4724
20.54 34.0075 -2.53513 31.4724
20.56 34.432 -2.95965 31.4724
20.58 34.4395 -2.97804 31.4614
20.6 34.3415 -2.88551 31.4559
20.62 34.2583 -2.78592 31.4724
20.64 34.2213 -2.75993 31.4614
20.66 34.2282 -2.76131 31.4669
20.68 34.2568 -2.78447 31.4724
20.7 34.2626 -2.79027 31.4724
20.72 34.1761 -2.70368 31.4724
20.74 33.9329 -2.4551 31.4779
20.76 33.6007 -2.11736 31.4833
20.78 33.4803 -1.99145 31.4888
20.8 33.7745 -2.2857 31.4888
20.82 34.2496 -2.76622 31.4833
20.84 34.6191 -3.13581 31.4833
20.86 34.8334 -3.35553 31.4779
20.88 34.9583 -3.48047 31.4779
20.9 35.0565 -3.57316 31.4833
20.92 35.1611 -3.67777 31.4833
20.94 35.2786 -3.79527 31.4833
20.96 35.3959 -3.91257 31.4833
20.98 35.4847 -4.0014 31.4833
21 35.5223 -4.04447 31.4779
21.02 35.5303 -4.05241 31.4779
21.04 35.6002 -4.11687 31.4833
21.06 35.8111 -4.32779 31.4833
21.08 36.1318 -4.63753 31.4943
21.1 36.4632 -4.96893 31.4943
21.12 36.3936 -4.89381 31.4998
21.14 35.0967 -3.59692 31.4998
21.16 34.6638 -3.16949 31.4943
21.18 37.0331 -5.54425 31.4888
21.2 37.9114 -6.4281 31.4833
21.22 36.5458 -5.06246 31.4833
21.24 36.0772 -4.5993 31.4779
21.26 37.9635 -6.48013 31.4833
21.28 39.2917 -7.81388 31.4779
21.3 39.6132 -8.13539 31.4779
21.32 39.3877 -7.90984 31.4779
21.34 38.8515 -7.37365 31.4779
21.36 38.3321 -6.8543 31.4779
21.38 38.2715 -6.79367 31.4779
21.4 38.5649 -7.08707 31.4778
21.42 37.9918 -6.51944 31.4724
21.44 36.4286 -4.96174 31.4669
21.46 37.2546 -5.7877 31.4669
21.48 39.0029 -7.53052 31.4724
21.5 39.0388 -7.56641 31.4724
21.52 38.2121 -6.73424 31.4778
21.54 37.4731 -6.00069 31.4724
21.56 36.7807 -5.30289 31.4779
21.58 36.697 -5.21365 31.4833
21.6 37.3309 -5.84756 31.4833
21.62 37.749 -6.2711 31.4779
21.64 37.7364 -6.25857 31.4779
21.66 37.5408 -6.06296 31.4779
21.68 37.3324 -5.85453 31.4779
21.7 37.1063 -5.62843 31.4779
21.72 36.5982 -5.12033 31.4779
21.74 35.219 -3.74113 31.4778
21.76 33.4318 -1.95396 31.4779
21.78 34.0868 -2.61446 31.4724
21.8 35.8581 -4.3912 31.4669
21.82 36.5262 -5.05383 31.4724
21.84 36.3193 -4.8414 31.4778
21.86 35.6715 -4.1936 31.4779
21.88 35.2468 -3.7799 31.4669
21.9 35.6634 -4.20195 31.4614
21.92 36.3157 -4.85978 31.4559
21.94 36.0895 -4.63357 31.4559
21.96 34.4597 -3.00378 31.4559
21.98 33.6135 -2.15758 31.4559
22 34.8742 -3.40734 31.4669
22.02 35.1581 -3.6857 31.4724
22.04 34.6892 -3.2168 31.4724
22.06 35.0772 -3.61027 31.4669
22.08 35.87 -4.40309 31.4669
22.1 36.2861 -4.80829 31.4778
22.12 36.3865 -4.90866 31.4778
22.14 36.3896 -4.90632 31.4833
22.16 36.3919 -4.9086 31.4833
22.18 36.318 -4.82375 31.4943
22.2 35.8314 -4.33165 31.4998
22.22 34.7192 -3.21941 31.4998
22.24 34.4742 -2.97443 31.4998
22.26 36.0117 -4.51191 31.4998
22.28 37.3023 -5.8025 31.4998
22.3 37.6179 -6.11267 31.5052
22.32 36.8712 -5.36599 31.5052
22.34 34.6301 -3.11941 31.5107
22.36 32.5456 -1.04032 31.5053
22.38 34.0934 -2.58815 31.5052
22.4 36.5518 -5.04653 31.5052
22.42 37.2946 -5.78938 31.5052
22.44 35.4987 -4.00447 31.4943
22.46 31.6454 -0.14561 31.4998
22.48 33.3375 -1.8377 31.4998
22.5 36.1171 -4.61184 31.5052
22.52 36.6844 -5.17918 31.5052
22.54 36.5656 -5.06585 31.4998
22.56 36.3585 -4.85871 31.4998
22.58 36.1845 -4.69568 31.4888
22.6 36.0609 -4.57762 31.4833
22.62 35.9829 -4.49957 31.4833
22.64 35.937 -4.45366 31.4833
22.66 35.9016 -4.41829 31.4833
22.68 35.8454 -4.36754 31.4778
22.7 35.7296 -4.2517 31.4778
22.72 35.5302 -4.05231 31.4778
22.74 35.2866 -3.80874 31.4778
22.76 35.1272 -3.66027 31.4669
22.78 35.1681 -3.71221 31.4559
22.8 35.371 -3.92608 31.445
22.82 35.5953 -4.15035 31.445
22.84 35.7464 -4.30138 31.445
22.86 35.8123 -4.36735 31.445
22.88 35.8289 -4.37847 31.4505
22.9 35.8467 -4.38524 31.4614
22.92 35.9051 -4.44374 31.4614
22.94 36.0231 -4.55071 31.4724
22.96 36.1994 -4.73247 31.4669
22.98 36.4242 -4.95728 31.4669
23 36.6875 -5.22611 31.4614
23.02 36.9749 -5.50805 31.4669
23.04 37.2522 -5.77436 31.4778
23.06 37.462 -5.9841 31.4778
23.08 37.5453 -6.0674 31.4778
23.1 37.4141 -5.93625 31.4778
23.12 36.6685 -5.18517 31.4833
23.14 35.45 -3.96664 31.4833
23.16 36.4973 -5.01397 31.4833
23.18 38.0835 -6.60568 31.4778
23.2 36.5913 -5.11893 31.4724
23.22 34.8263 -3.35391 31.4724
23.24 37.0266 -5.55428 31.4724
23.26 38.9817 -7.50936 31.4724
23.28 39.0811 -7.60873 31.4724
23.3 37.5344 -6.06202 31.4724
23.32 34.8038 -3.34239 31.4614
23.34 34.932 -3.47056 31.4614
23.36 38.3175 -6.85061 31.4669
23.38 40.163 -8.69613 31.4669
23.4 40.7009 -9.23405 31.4669
23.42 40.8206 -9.35369 31.4669
23.44 40.7853 -9.31293 31.4724
23.46 40.5686 -9.10172 31.4669
23.48 40.1574 -8.67955 31.4779
23.5 39.7474 -8.26411 31.4833
23.52 39.5093 -8.02597 31.4833
23.54 39.0949 -7.61161 31.4833
23.56 37.7699 -6.29204 31.4778
23.58 35.7539 -4.2815 31.4724
23.6 35.7372 -4.26481 31.4724
23.62 37.991 -6.51862 31.4724
23.64 39.0243 -7.55197 31.4724
23.66 38.173 -6.70608 31.4669
23.68 37.0004 -5.54447 31.4559
23.7 36.451 -4.98956 31.4614
23.72 36.3731 -4.91718 31.4559
23.74 39.0246 -7.56868 31.4559
23.76 40.4433 -8.97643 31.4669
23.78 40.344 -8.87159 31.4724
23.8 39.8692 -8.39686 31.4724
23.82 39.4421 -7.95877 31.4833
23.84 39.1547 -7.67688 31.4779
23.86 39.015 -7.54267 31.4724
23.88 39.019 -7.54663 31.4724
23.9 39.1504 -7.67251 31.4779
23.92 39.3014 -7.82359 31.4779
23.94 38.9422 -7.46987 31.4724
23.96 36.5394 -5.07255 31.4669
23.98 33.3629 -1.896 31.4669
24 35.0781 -3.6003 31.4778
24.02 36.5909 -5.1076 31.4833
24.04 37.3932 -5.90985 31.4833
24.06 37.8697 -6.3864 31.4833
24.08 37.8591 -6.38122 31.4779
24.1 37.5986 -6.12078 31.4779
24.12 37.3194 -5.84159 31.4779
24.14 37.1432 -5.6599 31.4833
24.16 37.0913 -5.61346 31.4779
24.18 37.0447 -5.56139 31.4833
24.2 36.6245 -5.14118 31.4833
24.22 35.2001 -3.71675 31.4833
24.24 33.6434 -2.15454 31.4888
24.26 34.7299 -3.2411 31.4888
24.28 36.426 -4.93719 31.4888
24.3 36.9734 -5.48461 31.4888
24.32 36.8709 -5.38212 31.4888
24.34 36.6515 -5.16272 31.4888
24.36 36.6582 -5.16944 31.4888
24.38 36.8819 -5.39312 31.4888
24.4 36.6571 -5.16281 31.4943
24.42 34.6215 -3.13819 31.4833
24.44 32.2762 -0.792876 31.4833
24.46 34.5646 -3.08675 31.4778
24.48 36.5216 -5.03826 31.4833
24.5 36.7581 -5.27472 31.4833
24.52 36.4672 -4.98934 31.4779
24.54 36.1366 -4.65878 31.4779
24.56 35.8911 -4.4132 31.4779
24.58 35.7454 -4.27306 31.4724
24.6 35.6732 -4.20082 31.4724
24.62 35.6357 -4.17433 31.4614
24.64 35.5999 -4.14396 31.4559
24.66 35.5467 -4.09078 31.4559
24.68 35.4727 -4.01674 31.4559
24.7 35.397 -3.94104 31.4559
24.72 35.3648 -3.90335 31.4614
24.74 35.4266 -3.96514 31.4614
24.76 35.6024 -4.14094 31.4614
24.78 35.8631 -4.41268 31.4505
24.8 36.1377 -4.68172 31.4559
24.82 36.2965 -4.84054 31.4559
24.84 36.0954 -4.6449 31.4505
24.86 35.3354 -3.88494 31.4505
24.88 34.7861 -3.33567 31.4505
24.9 35.5955 -4.13411 31.4614
24.92 36.527 -5.06012 31.4669
24.94 36.0409 -4.57405 31.4669
24.96 34.5121 -3.03975 31.4724
24.98 34.9912 -3.52427 31.4669
25 36.8554 -5.38307 31.4724
25.02 37.8101 -6.33777 31.4724
25.04 38.1178 -6.64548 31.4724
25.06 38.2648 -6.79243 31.4724
25.08 38.3997 -6.93283 31.4669
25.1 38.4864 -7.01949 31.4669
25.12 38.3824 -6.91006 31.4724
25.14 37.9068 -6.43443 31.4724
25.16 37.0644 -5.59748 31.4669
25.18 36.3855 -4.92412 31.4614
25.2 36.6565 -5.19508 31.4614
25.22 37.7579 -6.29645 31.4614
25.24 38.7095 -7.24259 31.4669
25.26 39.0412 -7.57976 31.4614
25.28 39.0077 -7.5518 31.4559
25.3 39.0266 -7.57062 31.4559
25.32 39.2714 -7.82094 31.4505
25.34 39.6597 -8.20921 31.4505
25.36 40.0259 -8.58088 31.445
25.38 40.2907 -8.8457 31.445
25.4 40.4901 -9.04511 31.445
25.42 40.6763 -9.23134 31.445
25.44 40.8433 -9.39284 31.4505
25.46 40.9119 -9.46689 31.445
25.48 40.6978 -9.25831 31.4395
25.5 39.7551 -8.31562 31.4395
25.52 37.4722 -6.0382 31.434
25.54 35.5137 -4.07967 31.434
25.56 36.8778 -5.44381 31.434
25.58 38.9126 -7.47309 31.4395
25.6 40.0494 -8.61542 31.434
25.62 40.5267 -9.10369 31.4231
25.64 40.6484 -9.22537 31.4231
25.66 40.6241 -9.20655 31.4176
25.68 40.5538 -9.13622 31.4176
25.7 40.2095 -8.79194 31.4176
25.72 38.0238 -6.61716 31.4066
25.74 32.5174 -1.11081 31.4066
25.76 35.2945 -3.88789 31.4066
25.78 39.1703 -7.76371 31.4066
25.8 39.8625 -8.45042 31.4121
25.82 39.9321 -8.51454 31.4176
25.84 40.0539 -8.63634 31.4176
25.86 40.2159 -8.80376 31.4121
25.88 40.1376 -8.72008 31.4176
25.9 39.3777 -7.9601 31.4176
25.92 38.2729 -6.87172 31.4011
25.94 38.4361 -7.04046 31.3957
25.96 36.8812 -5.47465 31.4066
25.98 32.97 -1.55792 31.4121
26 38.4891 -7.07698 31.4121
26.02 41.221 -9.798 31.423
26.04 41.243 -9.81998 31.4231
26.06 40.8548 -9.43174 31.4231
26.08 40.6236 -9.20058 31.4231
26.1 40.2834 -8.86037 31.4231
26.12 38.5826 -7.15412 31.4285
26.14 34.0466 -2.6181 31.4285
26.16 33.0166 -1.58809 31.4285
26.18 37.1312 -5.70264 31.4285
26.2 38.3104 -6.88189 31.4285
26.22 37.0822 -5.65367 31.4285
26.24 35.8504 -4.41093 31.4395
26.26 36.8841 -5.44459 31.4395
26.28 38.1492 -6.71516 31.434
26.3 38.4936 -7.05415 31.4395
26.32 38.3797 -6.94569 31.434
26.34 38.1498 -6.71033 31.4395
26.36 37.8975 -6.45254 31.445
26.38 37.6125 -6.16205 31.4504
26.4 37.2869 -5.8365 31.4504
26.42 37.0149 -5.5645 31.4504
26.44 36.9756 -5.51415 31.4614
26.46 37.1835 -5.72753 31.4559
26.48 37.3726 -5.92212 31.4504
26.5 37.1975 -5.75798 31.4395
26.52 36.5061 -5.06663 31.4395
26.54 35.9005 -4.46649 31.434
26.56 36.3294 -4.89536 31.434
26.58 37.2213 -5.79274 31.4285
26.6 37.6634 -6.24035 31.423
26.62 37.5559 -6.13289 31.4231
26.64 37.1502 -5.72169 31.4285
26.66 36.9198 -5.48578 31.434
26.68 37.1927 -5.7532 31.4395
26.7 37.6641 -6.22459 31.4395
26.72 37.8924 -6.45837 31.434
26.74 37.729 -6.28954 31.4395
26.76 37.2591 -5.81417 31.445
26.78 36.8553 -5.39934 31.4559
26.8 36.9722 -5.5217 31.4505
26.82 37.515 -6.06451 31.4505
26.84 37.9965 -6.54055 31.4559
26.86 37.9289 -6.46745 31.4614
26.88 36.611 -5.1496 31.4614
26.9 34.7515 -3.29561 31.4559
26.92 35.8846 -4.42866 31.4559
26.94 37.8578 -6.40187 31.4559
26.96 38.5238 -7.06784 31.4559
26.98 38.5386 -7.08813 31.4505
27 38.4134 -6.95748 31.4559
27.02 38.315 -6.85902 31.4559
27.04 38.2873 -6.83134 31.4559
27.06 38.3433 -6.88738 31.4559
27.08 38.4872 -7.03671 31.4505
27.1 38.7025 -7.25753 31.445
27.12 38.9129 -7.46241 31.4505
27.14 38.8879 -7.43741 31.4505
27.16 38.1325 -6.68209 31.4504
27.18 36.1636 -4.71316 31.4505
27.2 34.0926 -2.64214 31.4505
27.22 34.5281 -3.07767 31.4505
27.24 36.7187 -5.26828 31.4504
27.26 38.1114 -6.6664 31.445
27.28 38.1734 -6.72841 31.445
27.3 37.5113 -6.06631 31.445
27.32 36.8936 -5.44867 31.445
27.34 36.9086 -5.46915 31.4395
27.36 37.3789 -5.93944 31.4395
27.38 37.7514 -6.3064 31.445
27.4 37.8545 -6.41504 31.4395
27.42 37.7908 -6.35127 31.4395
27.44 37.6753 -6.2194 31.4559
27.46 37.5722 -6.12175 31.4505
27.48 37.5021 -6.05162 31.4505
27.5 37.4634 -6.01293 31.4505
27.52 37.4385 -5.98804 31.4505
27.54 37.3983 -5.95336 31.445
27.56 37.3149 -5.86446 31.4505
27.58 37.1972 -5.75222 31.445
27.6 37.1344 -5.69494 31.4395
27.62 37.254 -5.80903 31.445
27.64 37.5804 -6.12442 31.4559
27.66 38.002 -6.54609 31.4559
27.68 38.402 -6.94611 31.4559
27.7 38.7356 -7.2797 31.4559
27.72 38.9932 -7.5318 31.4614
27.74 39.1566 -7.7007 31.4559
27.76 39.2015 -7.75104 31.4505
27.78 39.1674 -7.71697 31.4505
27.8 39.2395 -7.79456 31.445
27.82 39.5999 -8.15492 31.445
27.84 40.1647 -8.7197 31.445
27.86 40.6854 -9.24593 31.4395
27.88 40.9194 -9.48543 31.434
27.9 40.5092 -9.08613 31.4231
27.92 39.1361 -7.71855 31.4176
27.94 37.892 -6.47438 31.4176
27.96 38.956 -7.54389 31.4121
27.98 40.8687 -9.45108 31.4176
28 41.9578 -10.5457 31.4121
28.02 42.3994 -10.9818 31.4176
28.04 42.4469 -11.0348 31.4121
28.06 41.9919 -10.5798 31.4121
28.08 41.0153 -9.60323 31.4121
28.1 40.6765 -9.26435 31.4121
28.12 41.745 -10.3383 31.4066
28.14 42.7058 -11.3046 31.4011
28.16 42.6948 -11.2826 31.4121
28.18 42.0093 -10.6027 31.4066
28.2 40.0052 -8.59861 31.4066
28.22 35.0601 -3.65341 31.4066
28.24 38.6251 -7.20757 31.4176
28.26 39.2814 -7.85835 31.423
28.28 31.7986 -0.37005 31.4286
28.3 38.05 -6.62143 31.4285
28.32 41.721 -10.287 31.434
28.34 41.9249 -10.4799 31.445
28.36 41.8403 -10.3953 31.445
28.38 41.8013 -10.3563 31.445
28.4 41.4226 -9.97209 31.4505
28.42 40.2717 -8.81575 31.4559
28.44 39.1721 -7.71619 31.4559
28.46 39.381 -7.93054 31.4505
28.48 39.6148 -8.14244 31.4724
28.5 39.5073 -8.03497 31.4724
28.52 39.6681 -8.20121 31.4669
28.54 39.9186 -8.45722 31.4614
28.56 40.0136 -8.55221 31.4614
28.58 39.9538 -8.49783 31.4559
28.6 39.7195 -8.25808 31.4614
28.62 39.2123 -7.74537 31.4669
28.64 38.4477 -6.98079 31.4669
28.66 37.866 -6.3936 31.4724
28.68 37.9318 -6.44303 31.4888
28.7 38.3063 -6.81197 31.4943
28.72 38.4793 -6.99597 31.4833
28.74 38.3727 -6.8894 31.4833
28.76 38.1017 -6.61835 31.4833
28.78 37.7829 -6.2941 31.4888
28.8 37.5035 -6.01466 31.4888
28.82 37.3173 -5.83401 31.4833
28.84 37.2349 -5.75158 31.4833
28.86 37.2301 -5.74673 31.4833
28.88 37.2672 -5.78932 31.4779
28.9 37.3222 -5.83883 31.4833
28.92 37.3882 -5.90482 31.4833
28.94 37.4697 -5.98089 31.4888
28.96 37.5666 -6.07775 31.4888
28.98 37.6299 -6.13008 31.4998
29 37.4556 -5.9558 31.4998
29.02 36.5087 -5.00892 31.4998
29.04 34.6086 -3.10885 31.4998
29.06 34.2884 -2.79415 31.4943
29.08 35.6798 -4.18555 31.4943
29.1 35.6452 -4.15094 31.4943
29.12 35.0566 -3.55681 31.4998
29.14 35.916 -4.4217 31.4943
29.16 37.0605 -5.56622 31.4943
29.18 37.5315 -6.04819 31.4833
29.2 37.6211 -6.13231 31.4888
29.22 37.6401 -6.15131 31.4888
29.24 37.7205 -6.22623 31.4943
29.26 37.9051 -6.41083 31.4943
29.28 38.1981 -6.70384 31.4943
29.3 38.5747 -7.07495 31.4998
29.32 38.962 -7.46223 31.4998
29.34 39.1956 -7.69578 31.4998
29.36 39.0116 -7.52283 31.4888
29.38 38.2754 -6.78656 31.4888
29.4 37.4166 -5.92774 31.4888
29.42 37.1337 -5.64493 31.4888
29.44 37.8031 -6.30876 31.4943
29.46 39.1646 -7.67029 31.4943
29.48 40.3434 -8.84906 31.4943
29.5 40.7196 -9.22532 31.4943
29.52 39.8748 -8.38049 31.4943
29.54 37.7093 -6.21503 31.4943
29.56 37.2056 -5.71127 31.4943
29.58 38.9066 -7.41777 31.4888
29.6 38.0385 -6.55518 31.4833
29.62 32.6684 -1.18509 31.4834
29.64 35.2994 -3.81063 31.4888
29.66 39.3849 -7.89058 31.4943
29.68 39.9441 -8.44435 31.4998
29.7 39.7025 -8.19726 31.5053
29.72 39.4305 -7.92526 31.5053
29.74 39.2499 -7.75014 31.4998
29.76 39.1701 -7.66487 31.5053
29.78 39.1852 -7.68544 31.4998
29.8 39.2831 -7.7833 31.4998
29.82 39.432 -7.93221 31.4998
29.84 39.5505 -8.05075 31.4998
29.86 39.4516 -7.95185 31.4998
29.88 38.8509 -7.35116 31.4998
29.9 37.8474 -6.34217 31.5053
29.92 37.5267 -6.01595 31.5107
29.94 38.047 -6.53627 31.5107
29.96 38.3494 -6.83869 31.5107
29.98 38.1408 -6.63552 31.5053
30 36.0879 -4.58268 31.5053
30.02 32.963 -1.45222 31.5108
30.04 36.5439 -5.03316 31.5107
30.06 39.2992 -7.78298 31.5162
30.08 39.6648 -8.14305 31.5217
30.1 39.4542 -7.92704 31.5272
30.12 39.2614 -7.73426 31.5272
30.14 39.228 -7.69531 31.5327
30.16 39.3734 -7.84622 31.5272
30.18 39.6051 -8.0779 31.5272
30.2 39.4315 -7.90435 31.5272
30.22 37.153 -5.62579 31.5272
30.24 33.4459 -1.9242 31.5217
30.26 36.5341 -5.01237 31.5217
30.28 39.0113 -7.50059 31.5107
30.3 39.0683 -7.55755 31.5107
30.32 38.5729 -7.06215 31.5107
30.34 38.1819 -6.67117 31.5107
30.36 38.0378 -6.53255 31.5053
30.38 38.1263 -6.62103 31.5053
30.4 38.4081 -6.92472 31.4833
30.42 38.7662 -7.28288 31.4833
30.44 39.041 -7.57407 31.4669
30.46 39.1755 -7.7086 31.4669
30.48 39.2215 -7.74368 31.4779
30.5 39.2423 -7.76996 31.4724
30.52 39.2631 -7.79072 31.4724
30.54 39.2719 -7.79404 31.4779
30.56 39.2439 -7.766 31.4779
30.58 39.1527 -7.69131 31.4614
30.6 38.9927 -7.54224 31.4505
30.62 38.8236 -7.37317 31.4505
30.64 38.7798 -7.32932 31.4505
30.66 38.953 -7.49702 31.456
30.68 39.2945 -7.83857 31.456
30.7 39.715 -8.25357 31.4614
30.72 40.1737 -8.70682 31.4669
30.74 40.628 -9.16658 31.4614
30.76 40.8379 -9.37649 31.4614
30.78 39.6493 -8.18784 31.4614
30.8 33.9778 -2.52187 31.4559
30.82 31.8056 -0.344131 31.4614
30.84 39.5804 -8.119 31.4614
30.86 42.2337 -10.7723 31.4614
30.88 42.2576 -10.7962 31.4614
30.9 41.3564 -9.89494 31.4614
30.92 39.9847 -8.52326 31.4614
30.94 39.4168 -7.95534 31.4614
30.96 39.4609 -7.9995 31.4614
30.98 36.8106 -5.34923 31.4614
31 32.6372 -1.17577 31.4614
31.02 36.1661 -4.71017 31.4559
31.04 39.1263 -7.67035 31.4559
31.06 39.8506 -8.40018 31.4505
31.08 39.6003 -8.14984 31.4505
31.1 39.054 -7.59808 31.4559
31.12 38.5816 -7.12564 31.4559
31.14 38.3318 -6.87582 31.4559
31.16 38.2562 -6.80025 31.4559
31.18 38.2258 -6.76986 31.4559
31.2 38.1623 -6.70638 31.4559
31.22 38.0568 -6.59535 31.4614
31.24 37.9301 -6.47413 31.4559
31.26 37.807 -6.34558 31.4614
31.28 37.703 -6.2416 31.4614
31.3 37.6005 -6.13365 31.4669
31.32 37.3985 -5.93164 31.4669
31.34 36.914 -5.45254 31.4614
31.36 36.1819 -4.72053 31.4614
31.38 35.8758 -4.4144 31.4614
31.4 36.3368 -4.88085 31.4559
31.42 36.8595 -5.40351 31.4559
31.44 37.0495 -5.58258 31.4669
31.46 37.0222 -5.55534 31.4669
31.48 36.9341 -5.46172 31.4724
31.5 36.858 -5.38018 31.4779
31.52 36.7998 -5.32745 31.4724
31.54 36.718 -5.24559 31.4724
31.56 36.5368 -5.05899 31.4779
31.58 36.237 -4.75914 31.4779
31.6 36.0186 -4.53521 31.4833
31.62 36.0731 -4.58979 31.4833
31.64 35.7523 -4.26901 31.4833
31.66 34.0975 -2.60318 31.4943
31.68 33.6611 -2.16684 31.4943
31.7 35.7892 -4.29492 31.4943
31.72 36.9711 -5.48233 31.4888
31.74 37.1212 -5.63235 31.4888
31.76 36.9875 -5.50417 31.4833
31.78 36.8491 -5.3603 31.4888
31.8 36.7553 -5.26652 31.4888
31.82 36.6826 -5.19928 31.4833
31.84 36.5883 -5.10499 31.4833
31.86 36.4559 -4.97258 31.4833
31.88 36.3549 -4.87154 31.4833
31.9 36.4313 -4.95343 31.4779
31.92 36.7499 -5.27755 31.4724
31.94 37.1934 -5.72103 31.4724
31.96 37.6132 -6.13538 31.4779
31.98 37.9486 -6.47622 31.4724
32 38.1856 -6.71319 31.4724
32.02 38.2667 -6.79433 31.4724
32.04 38.0323 -6.55993 31.4724
32.06 37.2579 -5.78554 31.4724
32.08 35.8227 -4.35029 31.4724
32.1 34.0341 -2.56168 31.4724
32.12 32.9112 -1.44433 31.4669
32.14 33.9199 -2.45298 31.4669
32.16 35.8714 -4.39903 31.4724
32.18 36.8543 -5.3764 31.4779
32.2 37.4418 -5.96393 31.4779
32.22 37.8975 -6.42516 31.4724
32.24 38.0699 -6.603 31.4669
32.26 37.9756 -6.50321 31.4724
32.28 37.7503 -6.28343 31.4669
32.3 37.5112 -6.04973 31.4614
32.32 37.3264 -5.86495 31.4614
32.34 37.23 -5.76315 31.4669
32.36 37.2354 -5.76855 31.4669
32.38 37.3404 -5.87352 31.4669
32.4 37.5222 -6.0553 31.4669
32.42 37.7214 -6.26545 31.4559
32.44 37.8208 -6.37038 31.4505
32.46 37.666 -6.21002 31.4559
32.48 37.2517 -5.79575 31.4559
32.5 36.8806 -5.41919 31.4614
32.52 36.72 -5.25859 31.4614
32.54 36.7935 -5.33203 31.4614
32.56 36.3454 -4.87846 31.4669
32.58 33.7295 -2.26259 31.4669
32.6 32.9379 -1.47096 31.4669
32.62 36.4975 -5.0306 31.4669
32.64 38.9046 -7.4377 31.4669
32.66 38.9599 -7.49852 31.4614
32.68 38.3806 -6.9137 31.4669
32.7 38.1867 -6.71984 31.4669
32.72 38.2812 -6.82524 31.4559
32.74 38.3001 -6.84962 31.4505
32.76 38.1727 -6.72226 31.4505
32.78 37.9722 -6.51628 31.4559
32.8 37.7626 -6.30665 31.4559
32.82 37.5771 -6.11568 31.4614
32.84 37.4306 -5.96922 31.4614
32.86 37.3295 -5.86807 31.4614
32.88 37.2758 -5.80892 31.4669
32.9 37.268 -5.80661 31.4614
32.92 37.301 -5.83958 31.4614
32.94 37.3624 -5.89548 31.4669
32.96 37.43 -5.96314 31.4669
32.98 37.4576 -5.99068 31.4669
33 37.3393 -5.87235 31.4669
33.02 36.8489 -5.38201 31.4669
33.04 35.7878 -4.31544 31.4724
33.06 34.8031 -3.33616 31.4669
33.08 34.8378 -3.37641 31.4614
33.1 35.3925 -3.93108 31.4614
33.12 36.4015 -4.94004 31.4614
33.14 37.5122 -6.05077 31.4614
33.16 38.0803 -6.62433 31.4559
33.18 37.6115 -6.15553 31.4559
33.2 34.6638 -3.21338 31.4505
33.22 31.9591 -0.508599 31.4505
33.24 35.4949 -4.04441 31.4505
33.26 37.5627 -6.11221 31.4505
33.28 37.7846 -6.32871 31.4559
33.3 37.0323 -5.57085 31.4614
33.32 34.0573 -2.59586 31.4614
33.34 31.3361 0.13077 31.4669
33.36 34.7373 -3.2649 31.4724
33.38 36.7712 -5.30433 31.4669
33.4 37.004 -5.53161 31.4724
33.42 36.8485 -5.37611 31.4724
33.44 36.6959 -5.22351 31.4724
33.46 36.6065 -5.13955 31.4669
33.48 36.5763 -5.10392 31.4724
33.5 36.5932 -5.12081 31.4724
33.52 36.6495 -5.17714 31.4724
33.54 36.7394 -5.26704 31.4724
33.56 36.8562 -5.38381 31.4724
33.58 36.9908 -5.5184 31.4724
33.6 37.1326 -5.66018 31.4724
33.62 37.2728 -5.80045 31.4724
33.64 37.4053 -5.93295 31.4724
33.66 37.5038 -6.03145 31.4724
33.68 37.4467 -5.96339 31.4833
33.7 36.9304 -5.45253 31.4779
33.72 35.8545 -4.37116 31.4833
33.74 35.5096 -4.02629 31.4833
33.76 36.6619 -5.17857 31.4833
33.78 37.6399 -6.15107 31.4888
33.8 37.5278 -6.03899 31.4888
33.82 35.8468 -4.36351 31.4833
33.84 33.3899 -1.90655 31.4833
33.86 34.2429 -2.75952 31.4833
33.88 36.1611 -4.67777 31.4833
33.9 36.6994 -5.22155 31.4779
33.92 36.5637 -5.08579 31.4779
33.94 36.2481 -4.77021 31.4779
33.96 35.869 -4.39111 31.4779
33.98 35.4721 -3.99423 31.4779
34 35.2019 -3.72402 31.4779
34.02 35.2499 -3.77756 31.4724
34.04 35.619 -4.14658 31.4724
34.06 36.14 -4.66758 31.4724
34.08 36.6795 -5.20168 31.4779
34.1 36.8522 -5.3689 31.4833
34.12 33.8033 -2.32549 31.4778
34.14 26.2949 5.18844 31.4834
34.16 34.1899 -2.70663 31.4833
34.18 37.4733 -5.99544 31.4779
34.2 37.6332 -6.15539 31.4779
34.22 37.3845 -5.91215 31.4724
34.24 36.8105 -5.34359 31.4669
34.26 35.6893 -4.22792 31.4614
34.28 34.6371 -3.18115 31.4559
34.3 33.9978 -2.54187 31.4559
34.32 33.6869 -2.23646 31.4505
34.34 35.2649 -3.81447 31.4505
34.36 36.7681 -5.31763 31.4505
34.38 37.1161 -5.66016 31.4559
34.4 36.9145 -5.45859 31.4559
34.42 36.5846 -5.12314 31.4614
34.44 36.2755 -4.81406 31.4614
34.46 36.0278 -4.56636 31.4614
34.48 35.8451 -4.37816 31.4669
34.5 35.7191 -4.2522 31.4669
34.52 35.6382 -4.16585 31.4724
34.54 35.5949 -4.12797 31.4669
34.56 35.5867 -4.11984 31.4669
34.58 35.6177 -4.14533 31.4724
34.6 35.6938 -4.21592 31.4779
34.62 35.8176 -4.34519 31.4724
34.64 35.9628 -4.49041 31.4724
34.66 35.9866 -4.50873 31.4779
34.68 35.3917 -3.91935 31.4724
34.7 33.3877 -1.91529 31.4724
34.72 32.0427 -0.564866 31.4779
34.74 34.1059 -2.62806 31.4779
34.76 35.7187 -4.23537 31.4833
34.78 36.0853 -4.60192 31.4833
34.8 36.0386 -4.54982 31.4888
34.82 35.9487 -4.45436 31.4943
34.84 35.9127 -4.42385 31.4888
34.86 35.945 -4.45618 31.4888
34.88 36.0382 -4.54394 31.4943
34.9 36.1757 -4.68139 31.4943
34.92 36.3323 -4.83796 31.4943
34.94 36.47 -4.97567 31.4943
34.96 36.5396 -5.05083 31.4888
34.98 36.5105 -5.02172 31.4888
35 36.3847 -4.90135 31.4833
35.02 36.0795 -4.59613 31.4833
35.04 35.4111 -3.92776 31.4833
35.06 35.1725 -3.68913 31.4833
35.08 36.4892 -5.00586 31.4833
35.1 37.9837 -6.49491 31.4888
35.12 38.469 -6.98565 31.4833
35.14 37.525 -6.04714 31.4779
35.16 34.7757 -3.30882 31.4669
35.18 33.5175 -2.04515 31.4724
35.2 36.285 -4.81262 31.4724
35.22 38.157 -6.69006 31.4669
35.24 36.777 -5.30462 31.4724
35.26 32.8601 -1.38769 31.4724
35.28 31.3522 0.125679 31.4778
35.3 33.1242 -1.64634 31.4779
35.32 37.6222 -6.14436 31.4778
35.34 38.469 -7.00213 31.4669
35.36 38.0788 -6.61188 31.4669
35.38 37.6786 -6.21167 31.4669
35.4 37.4536 -5.98667 31.4669
35.42 37.3023 -5.83539 31.4669
35.44 37.1739 -5.71252 31.4614
35.46 37.3639 -5.90246 31.4614
35.48 37.9581 -6.5131 31.445
35.5 38.0651 -6.62011 31.445
35.52 36.3426 -4.89758 31.445
35.54 33.8336 -2.38866 31.445
35.56 35.1368 -3.68632 31.4505
35.58 36.4676 -5.01712 31.4505
35.6 35.9309 -4.48049 31.4505
35.62 36.1587 -4.70826 31.4505
35.64 37.2204 -5.76995 31.4505
35.66 37.7429 -6.29246 31.4505
35.68 37.7943 -6.3384 31.4559
35.7 37.7416 -6.28566 31.4559
35.72 37.7565 -6.30602 31.4505
35.74 37.8915 -6.44651 31.445
35.76 38.1068 -6.65638 31.4505
35.78 37.9993 -6.54884 31.4505
35.8 35.6927 -4.24225 31.4504
35.82 31.0029 0.447604 31.4505
35.84 34.9504 -3.51091 31.4395
35.86 38.2058 -6.76629 31.4395
35.88 38.667 -7.23297 31.434
35.9 38.551 -7.12241 31.4285
35.92 38.3871 -6.95859 31.4285
35.94 38.2485 -6.81447 31.434
35.96 38.1759 -6.74737 31.4285
35.98 38.2076 -6.77903 31.4285
36 38.3088 -6.88573 31.4231
36.02 38.3865 -6.96339 31.4231
36.04 38.3866 -6.95809 31.4285
36.06 38.3579 -6.92388 31.434
36.08 38.3975 -6.96348 31.434
36.1 38.4986 -7.0646 31.434
36.12 38.547 -7.11847 31.4285
36.14 38.6369 -7.21387 31.4231
36.16 39.0631 -7.64007 31.4231
36.18 39.5182 -8.10065 31.4176
36.2 39.2875 -7.86445 31.4231
36.22 38.9089 -7.49127 31.4176
36.24 38.6962 -7.27319 31.4231
36.26 37.2638 -5.84069 31.4231
36.28 38.5182 -7.09511 31.4231
36.3 41.0766 -9.65352 31.4231
36.32 41.9161 -10.4985 31.4176
36.34 41.8894 -10.4773 31.4121
36.36 41.6049 -10.1873 31.4176
36.38 41.2954 -9.88334 31.4121
36.4 40.9817 -9.56964 31.4121
36.42 40.2439 -8.83175 31.4121
36.44 38.5674 -7.16078 31.4066
36.46 35.8198 -4.41317 31.4066
36.48 35.8486 -4.44199 31.4066
36.5 40.4314 -9.02474 31.4066
36.52 41.5923 -10.1802 31.4121
36.54 41.0742 -9.66208 31.4121
36.56 41.5033 -10.0912 31.4121
36.58 42.5572 -11.1396 31.4176
36.6 42.9801 -11.5625 31.4176
36.62 41.7113 -10.2937 31.4176
36.64 37.6934 -6.27581 31.4176
36.66 37.6989 -6.29222 31.4066
36.68 39.4391 -8.02152 31.4176
36.7 38.3123 -6.88925 31.4231
36.72 39.5132 -8.08462 31.4285
36.74 41.0489 -9.61489 31.434
36.76 41.2253 -9.78581 31.4395
36.78 40.8494 -9.40443 31.445
36.8 40.4048 -8.95438 31.4505
36.82 40.0275 -8.577 31.4505
36.84 39.7404 -8.28994 31.4505
36.86 39.5368 -8.09179 31.445
36.88 39.4027 -7.96871 31.434
36.9 39.3208 -7.88674 31.434
36.92 39.2737 -7.84519 31.4286
36.94 39.2442 -7.81015 31.434
36.96 39.2172 -7.77768 31.4395
36.98 39.1885 -7.75448 31.434
37 39.1721 -7.73808 31.434
37.02 39.1993 -7.76524 31.434
37.04 39.2925 -7.85843 31.434
37.06 39.4285 -7.99991 31.4286
37.08 39.5242 -8.09561 31.4286
37.1 39.4542 -8.0202 31.434
37.12 39.1241 -7.69002 31.434
37.14 38.6882 -7.2487 31.4395
37.16 38.6383 -7.1933 31.445
37.18 39.1097 -7.66472 31.445
37.2 39.6273 -8.18233 31.445
37.22 39.8749 -8.42446 31.4505
37.24 39.8833 -8.42737 31.456
37.26 39.8402 -8.38423 31.456
37.28 39.9773 -8.52137 31.456
37.3 40.3461 -8.90111 31.445
37.32 40.5449 -9.11635 31.4286
37.34 39.4604 -8.02086 31.4395
37.36 36.4887 -5.04922 31.4395
37.38 37.0944 -5.65484 31.4395
37.4 40.0854 -8.6459 31.4395
37.42 41.1226 -9.67764 31.445
37.44 41.2277 -9.78273 31.445
37.46 41.2107 -9.7712 31.4395
37.48 41.2605 -9.82647 31.434
37.5 41.0284 -9.60537 31.4231
37.52 39.5497 -8.1211 31.4286
37.54 36.9498 -5.51024 31.4395
37.56 33.708 -2.27392 31.434
37.58 32.9709 -1.53689 31.434
37.6 37.4728 -6.04425 31.4286
37.62 40.5357 -9.10719 31.4286
37.64 41.1187 -9.69567 31.4231
37.66 40.5328 -9.10969 31.4231
37.68 39.6965 -8.27889 31.4176
37.7 38.9801 -7.56246 31.4176
37.72 38.4111 -6.98254 31.4286
37.74 38.2673 -6.8387 31.4286
37.76 38.7692 -7.34065 31.4286
37.78 39.2677 -7.83367 31.434
37.8 38.9347 -7.49523 31.4395
37.82 37.1291 -5.68956 31.4395
37.84 34.991 -3.54055 31.4505
37.86 35.5084 -4.05797 31.4505
37.88 37.026 -5.57001 31.456
37.9 37.9156 -6.45965 31.456
37.92 38.2818 -6.82588 31.456
37.94 38.3859 -6.91894 31.4669
37.96 38.3042 -6.8428 31.4614
37.98 37.9072 -6.44577 31.4614
38 37.1911 -5.73518 31.456
38.02 36.889 -5.42759 31.4614
38.04 37.574 -6.11808 31.456
38.06 38.4546 -6.9986 31.456
38.08 38.9185 -7.468 31.4505
38.1 38.9203 -7.46433 31.456
38.12 38.4556 -6.99414 31.4614
38.14 37.7167 -6.24977 31.4669
38.16 36.7335 -5.26663 31.4669
38.18 34.0107 -2.5383 31.4724
38.2 32.3864 -0.914022 31.4724
38.22 36.0141 -4.53071 31.4833
38.24 38.5346 -7.0512 31.4833
38.26 39.0407 -7.56833 31.4724
38.28 38.8177 -7.35074 31.4669
38.3 38.4663 -6.99936 31.4669
38.32 38.1571 -6.69014 31.4669
38.34 37.8889 -6.41102 31.4779
38.36 37.5659 -6.08807 31.4779
38.38 37.0338 -5.55593 31.4779
38.4 36.2633 -4.78541 31.4779
38.42 35.7109 -4.23305 31.4779
38.44 35.8342 -4.3563 31.4779
38.46 36.1354 -4.65206 31.4834
38.48 36.112 -4.62861 31.4834
38.5 35.9791 -4.49577 31.4834
38.52 36.0844 -4.60102 31.4834
38.54 36.3675 -4.88417 31.4834
38.56 36.603 -5.11961 31.4834
38.58 36.7242 -5.24085 31.4834
38.6 36.7806 -5.2972 31.4834
38.62 36.8298 -5.34646 31.4834
38.64 36.8948 -5.40599 31.4888
38.66 36.9299 -5.43554 31.4943
38.68 36.7656 -5.27677 31.4888
38.7 36.1322 -4.63784 31.4943
38.72 35.2764 -3.78212 31.4943
38.74 35.4696 -3.98077 31.4888
38.76 36.4524 -4.96901 31.4834
38.78 36.4874 -4.99307 31.4943
38.8 34.5601 -3.07672 31.4834
38.82 32.0994 -0.61602 31.4834
38.84 33.4942 -2.00539 31.4888
38.86 35.6542 -4.17089 31.4834
38.88 35.7234 -4.24004 31.4834
38.9 34.1538 -2.67046 31.4834
38.92 33.4993 -2.02145 31.4779
38.94 34.7566 -3.28425 31.4724
38.96 35.6081 -4.13569 31.4724
38.98 35.7205 -4.23714 31.4834
39 35.6003 -4.11149 31.4888
39.02 35.5 -4.01115 31.4888
39.04 35.4698 -3.98093 31.4888
39.06 35.4037 -3.90934 31.4943
39.08 34.9115 -3.41722 31.4943
39.1 33.3591 -1.8703 31.4888
39.12 32.0133 -0.524446 31.4888
39.14 33.5573 -2.07399 31.4834
39.16 35.3515 -3.87367 31.4779
39.18 35.9956 -4.5122 31.4834
39.2 36.0812 -4.5978 31.4834
39.22 36.0271 -4.53831 31.4888
39.24 36.063 -4.56873 31.4943
39.26 36.2563 -4.75652 31.4998
39.28 36.0873 -4.58753 31.4998
39.3 33.9172 -2.42833 31.4888
39.32 31.3435 0.145307 31.4888
39.34 34.5511 -3.06774 31.4833
39.36 36.8061 -5.31729 31.4888
39.38 37.0855 -5.60218 31.4834
39.4 37.1117 -5.62832 31.4834
39.42 37.4024 -5.91909 31.4834
39.44 37.6569 -6.17359 31.4834
39.46 37.6117 -6.12837 31.4834
39.48 37.3628 -5.87946 31.4834
39.5 36.7554 -5.283 31.4724
39.52 35.5273 -4.04392 31.4834
39.54 35.3767 -3.89332 31.4834
39.56 36.8478 -5.36989 31.4779
39.58 37.8431 -6.36521 31.4779
39.6 36.5204 -5.04799 31.4724
39.62 32.9237 -1.46777 31.456
39.64 34.0225 -2.56659 31.4559
39.66 35.6713 -4.21537 31.456
39.68 36.8723 -5.41638 31.456
39.7 38.1938 -6.73239 31.4614
39.72 38.504 -7.04255 31.4614
39.74 38.09 -6.62856 31.4614
39.76 37.4411 -5.97964 31.4614
39.78 36.9656 -5.50961 31.456
39.8 36.8699 -5.41394 31.456
39.82 36.9851 -5.52914 31.456
39.84 37.0797 -5.61827 31.4614
39.86 37.1098 -5.64837 31.4614
39.88 37.134 -5.67257 31.4614
39.9 37.205 -5.74354 31.4614
39.92 37.3376 -5.87613 31.4614
39.94 37.5153 -6.04843 31.4669
39.96 37.6877 -6.21533 31.4724
39.98 37.7375 -6.26513 31.4724
40 37.4739 -6.00153 31.4724
40.02 36.8969 -5.42455 31.4724
40.04 36.7581 -5.28573 31.4724
40.06 37.5677 -6.09536 31.4724
40.08 38.3072 -6.84027 31.4669
40.1 38.0102 -6.54327 31.4669
40.12 36.6133 -5.14096 31.4724
40.14 35.3265 -3.85416 31.4724
40.16 35.3043 -3.82645 31.4779
40.18 36.4597 -4.98727 31.4724
40.2 37.4618 -5.98942 31.4724
40.22 37.2989 -5.82106 31.4779
40.24 36.2357 -4.75785 31.4779
40.26 35.5945 -4.11666 31.4779
40.28 36.0451 -4.56722 31.4779
40.3 36.5299 -5.05752 31.4724
40.32 36.5853 -5.10747 31.4779
40.34 36.431 -4.95311 31.4779
40.36 36.2721 -4.79425 31.4779
40.38 36.1983 -4.7259 31.4724
40.4 36.2333 -4.76091 31.4724
40.42 36.358 -4.89113 31.4669
40.44 36.4878 -5.02094 31.4669
40.46 36.4052 -4.93834 31.4669
40.48 35.6827 -4.21584 31.4669
40.5 33.9464 -2.47947 31.4669
40.52 31.9134 -0.451969 31.4614
40.54 31.52 -0.0585883 31.4614
40.56 33.6038 -2.13691 31.4669
40.58 35.8142 -4.34726 31.4669
40.6 35.8 -4.3441 31.4559
40.62 32.916 -1.45462 31.4614
40.64 31.8 -0.338527 31.4614
40.66 34.4909 -3.02949 31.4614
40.68 35.5707 -4.11476 31.4559
40.7 35.4683 -4.01235 31.4559
40.72 35.1556 -3.70517 31.4505
40.74 34.9158 -3.45989 31.4559
40.76 34.8039 -3.34791 31.4559
40.78 34.8243 -3.37387 31.4505
40.8 34.9776 -3.54361 31.434
40.82 35.2645 -3.81954 31.445
40.84 35.6665 -4.22152 31.445
40.86 36.0809 -4.64144 31.4395
40.88 36.0879 -4.64838 31.4395
40.9 34.5954 -3.15594 31.4395
40.92 31.8235 -0.383953 31.4395
40.94 31.866 -0.420977 31.445
40.96 33.3247 -1.87971 31.445
40.98 35.0827 -3.63774 31.445
41 36.0401 -4.59508 31.445
41.02 36.057 -4.60652 31.4505
41.04 35.2696 -3.8136 31.4559
41.06 33.9564 -2.49498 31.4614
41.08 32.6524 -1.1855 31.4669
41.1 33.626 -2.15357 31.4724
41.12 35.729 -4.25665 31.4724
41.14 36.8211 -5.3542 31.4669
41.16 37.2005 -5.73364 31.4669
41.18 37.3002 -5.83328 31.4669
41.2 37.3019 -5.83497 31.4669
41.22 37.2783 -5.8114 31.4669
41.24 37.2411 -5.77415 31.4669
41.26 37.1372 -5.65933 31.4779
41.28 36.8447 -5.36139 31.4833
41.3 36.2818 -4.79841 31.4833
41.32 35.7479 -4.26451 31.4833
41.34 35.7868 -4.298 31.4888
41.36 36.2054 -4.71657 31.4888
41.38 36.4558 -4.95598 31.4998
41.4 36.4345 -4.9347 31.4998
41.42 36.2607 -4.77184 31.4888
41.44 36.0158 -4.52698 31.4888
41.46 35.7132 -4.21895 31.4943
41.48 35.3631 -3.8688 31.4943
41.5 35.0576 -3.56881 31.4888
41.52 34.9594 -3.47061 31.4888
41.54 35.1074 -3.62406 31.4833
41.56 35.3491 -3.86579 31.4833
41.58 35.5491 -4.05479 31.4943
41.6 35.7128 -4.22403 31.4888
41.62 35.9152 -4.42639 31.4888
41.64 36.1892 -4.70042 31.4888
41.66 36.475 -4.98615 31.4888
41.68 36.6557 -5.16684 31.4888
41.7 36.6534 -5.16463 31.4888
41.72 36.5545 -5.06016 31.4943
41.74 36.5721 -5.08326 31.4888
41.76 36.7154 -5.22655 31.4888
41.78 36.796 -5.29618 31.4998
41.8 36.8225 -5.32271 31.4998
41.82 36.9943 -5.48905 31.5053
41.84 37.382 -5.87673 31.5053
41.86 37.8569 -6.35711 31.4998
41.88 38.2477 -6.74794 31.4998
41.9 38.3344 -6.83461 31.4998
41.92 37.6865 -6.19223 31.4943
41.94 35.5952 -4.10639 31.4888
41.96 31.7006 -0.211773 31.4888
41.98 29.3255 2.16332 31.4888
42 33.1426 -1.65383 31.4888
42.02 37.1695 -5.68614 31.4833
42.04 38.5823 -7.10993 31.4724
42.06 38.5715 -7.10465 31.4669
42.08 37.7197 -6.24736 31.4724
42.1 35.7457 -4.2678 31.4779
42.12 33.4016 -1.93474 31.4669
42.14 33.7639 -2.29701 31.4669
42.16 35.3558 -3.88894 31.4669
42.18 36.1038 -4.6424 31.4614
42.2 36.2832 -4.82723 31.4559
42.22 36.2302 -4.77425 31.4559
42.24 36.0621 -4.60064 31.4614
42.26 35.8023 -4.33543 31.4669
42.28 35.4385 -3.96612 31.4724
42.3 35.0016 -3.52379 31.4779
42.32 34.6577 -3.17985 31.4779
42.34 34.6124 -3.13458 31.4779
42.36 34.8346 -3.35675 31.4779
42.38 35.1037 -3.6313 31.4724
42.4 35.2883 -3.81045 31.4779
42.42 35.3914 -3.91355 31.4779
42.44 35.4606 -3.98276 31.4779
42.46 35.5349 -4.05707 31.4779
42.48 35.6326 -4.14923 31.4833
42.5 35.7403 -4.26239 31.4779
42.52 35.7905 -4.3181 31.4724
42.54 35.6004 -4.13346 31.4669
42.56 34.8653 -3.38743 31.4779
42.58 33.7294 -2.25704 31.4724
42.6 33.6155 -2.14313 31.4724
42.62 34.7438 -3.2714 31.4724
42.64 35.683 -4.21061 31.4724
42.66 36.1447 -4.67233 31.4724
42.68 36.4074 -4.94053 31.4669
42.7 36.6366 -5.16973 31.4669
42.72 36.8867 -5.42526 31.4614
42.74 37.168 -5.70112 31.4669
42.76 37.455 -5.99907 31.4559
42.78 37.6426 -6.18113 31.4614
42.8 37.4773 -6.01591 31.4614
42.82 36.5851 -5.1292 31.4559
42.84 35.0808 -3.63036 31.4505
42.86 34.644 -3.19904 31.445
42.88 36.1711 -4.72063 31.4505
42.9 37.1415 -5.69107 31.4505
42.92 36.5906 -5.13466 31.4559
42.94 36.9117 -5.4558 31.4559
42.96 38.0751 -6.62467 31.4505
42.98 37.8776 -6.42716 31.4505
43 37.4566 -6.00615 31.4505
43.02 38.2036 -6.7477 31.4559
43.04 38.6333 -7.17737 31.4559
43.06 37.785 -6.32909 31.4559
43.08 34.9601 -3.50415 31.4559
43.1 33.3943 -1.93292 31.4614
43.12 36.3276 -4.86614 31.4614
43.14 37.8782 -6.41681 31.4614
43.16 38.7553 -7.2884 31.4669
43.18 39.3724 -7.90549 31.4669
43.2 39.1903 -7.72342 31.4669
43.22 38.3595 -6.89255 31.4669
43.24 37.6673 -6.2004 31.4669
43.26 37.7489 -6.27648 31.4724
43.28 37.8422 -6.36978 31.4724
43.3 37.2012 -5.73976 31.4614
43.32 36.8244 -5.36295 31.4614
43.34 37.7727 -6.31679 31.4559
43.36 38.7018 -7.24043 31.4614
43.38 38.4753 -7.00841 31.4669
43.4 36.8783 -5.40595 31.4724
43.42 35.7118 -4.23946 31.4724
43.44 36.9633 -5.49089 31.4724
43.46 38.1963 -6.72393 31.4724
43.48 38.4596 -6.98717 31.4724
43.5 38.2665 -6.79417 31.4724
43.52 37.9631 -6.49616 31.4669
43.54 37.7318 -6.26494 31.4669
43.56 37.6943 -6.22739 31.4669
43.58 37.8659 -6.39901 31.4669
43.6 38.1432 -6.68181 31.4614
43.62 38.3903 -6.9289 31.4614
43.64 38.4818 -7.01488 31.4669
43.66 38.2928 -6.82039 31.4724
43.68 37.836 -6.36366 31.4724
43.7 37.5648 -6.08698 31.4779
43.72 37.8796 -6.40178 31.4779
43.74 38.2444 -6.77202 31.4724
43.76 37.9675 -6.49509 31.4724
43.78 37.1231 -5.65069 31.4724
43.8 36.8707 -5.40384 31.4669
43.82 37.6386 -6.17171 31.4669
43.84 38.2181 -6.75118 31.4669
43.86 38.1823 -6.71543 31.4669
43.88 37.8869 -6.41997 31.4669
43.9 37.7203 -6.24248 31.4779
43.92 37.8394 -6.36151 31.4779
43.94 38.0959 -6.61803 31.4779
43.96 38.2848 -6.80692 31.4779
43.98 38.355 -6.87715 31.4779
44 38.3572 -6.8848 31.4724
44.02 38.3435 -6.87114 31.4724
44.04 38.3287 -6.86182 31.4669
44.06 38.2746 -6.80227 31.4724
44.08 38.0756 -6.60872 31.4669
44.1 37.5865 -6.1196 31.4669
44.12 36.8109 -5.36048 31.4505
44.14 36.2033 -4.74737 31.4559
44.16 36.4223 -4.95542 31.4669
44.18 37.4046 -5.94314 31.4614
44.2 38.4287 -6.96725 31.4614
44.22 39.1143 -7.64737 31.4669
44.24 39.5366 -8.06974 31.4669
44.26 39.8525 -8.38559 31.4669
44.28 40.1338 -8.67785 31.4559
44.3 40.3191 -8.86314 31.4559
44.32 40.1445 -8.69406 31.4505
44.34 39.1489 -7.693 31.4559
44.36 37.5894 -6.13342 31.4559
44.38 37.538 -6.07662 31.4614
44.4 39.1127 -7.65672 31.4559
44.42 40.4461 -8.98466 31.4614
44.44 40.8438 -9.37695 31.4669
44.46 38.9446 -7.47773 31.4669
44.48 37.593 -6.12065 31.4724
44.5 41.059 -9.58668 31.4724
44.52 41.905 -10.4272 31.4779
44.54 42.3043 -10.8319 31.4724
44.56 42.9913 -11.5244 31.4669
44.58 42.9474 -11.486 31.4614
44.6 41.9595 -10.4981 31.4614
44.62 40.7196 -9.2637 31.4559
44.64 41.2375 -9.787 31.4505
44.66 42.7717 -11.3212 31.4505
44.68 43.1553 -11.7048 31.4505
44.7 41.7956 -10.3397 31.4559
44.72 39.1668 -7.71082 31.4559
44.74 37.7074 -6.24598 31.4614
44.76 38.478 -7.01106 31.4669
44.78 40.3301 -8.86316 31.4669
44.8 41.4071 -9.93469 31.4724
44.82 41.3509 -9.87854 31.4724
44.84 40.7795 -9.30711 31.4724
44.86 40.1301 -8.66868 31.4614
44.88 39.6012 -8.13978 31.4614
44.9 39.2466 -7.77971 31.4669
44.92 39.0339 -7.56698 31.4669
44.94 38.9121 -7.45067 31.4614
44.96 38.8577 -7.39626 31.4614
44.98 38.8748 -7.41882 31.4559
45 38.9747 -7.51325 31.4614
45.02 39.1361 -7.67467 31.4614
45.04 39.1978 -7.73635 31.4614
45.06 38.5453 -7.08384 31.4614
45.08 35.5417 -4.08024 31.4614
45.1 30.3795 1.08198 31.4614
45.12 33.1917 -1.71388 31.4779
45.14 37.9409 -6.46852 31.4724
45.16 39.1248 -7.65789 31.4669
45.18 38.8608 -7.38845 31.4724
45.2 38.0165 -6.53866 31.4779
45.22 37.0063 -5.53941 31.4669
45.24 36.7721 -5.31069 31.4614
45.26 37.475 -6.01358 31.4614
45.28 37.8825 -6.42112 31.4614
45.3 36.3902 -4.92875 31.4614
45.32 32.4043 -0.94291 31.4614
45.34 33.9778 -2.51636 31.4614
45.36 37.322 -5.85506 31.4669
45.38 38.0018 -6.52395 31.4779
45.4 37.4464 -5.95761 31.4888
45.42 35.6717 -4.18839 31.4833
45.44 33.6266 -2.14324 31.4833
45.46 34.6434 -3.16554 31.4779
45.48 36.087 -4.61465 31.4724
45.5 35.4616 -3.98919 31.4724
45.52 34.0106 -2.53275 31.4779
45.54 34.6673 -3.18946 31.4779
45.56 36.2361 -4.76368 31.4724
45.58 36.9256 -5.44775 31.4779
45.6 37.0694 -5.59706 31.4724
45.62 37.0943 -5.62737 31.4669
45.64 37.1618 -5.68941 31.4724
45.66 37.3053 -5.83296 31.4724
45.68 37.4925 -6.01465 31.4779
45.7 37.6103 -6.13245 31.4779
45.72 37.4225 -5.94465 31.4779
45.74 36.7342 -5.25633 31.4779
45.76 36.1336 -4.65572 31.4779
45.78 36.5913 -5.11343 31.4779
45.8 37.4526 -5.98025 31.4724
45.82 37.9721 -6.49426 31.4779
45.84 38.2499 -6.77209 31.4779
45.86 38.4494 -6.97152 31.4779
45.88 38.6075 -7.12969 31.4779
45.9 38.7387 -7.26086 31.4779
45.92 38.8616 -7.38927 31.4724
45.94 38.9688 -7.49637 31.4724
45.96 38.9833 -7.5109 31.4724
45.98 38.7427 -7.26481 31.4779
46 38.1191 -6.64674 31.4724
46.02 37.4499 -5.98295 31.4669
46.04 37.426 -5.95362 31.4724
46.06 37.8571 -6.38472 31.4724
46.08 38.2609 -6.79403 31.4669
46.1 38.721 -7.25956 31.4614
46.12 39.2195 -7.75806 31.4614
46.14 39.5205 -8.0536 31.4669
46.16 39.5102 -8.04332 31.4669
46.18 39.2982 -7.83134 31.4669
46.2 39.1858 -7.71887 31.4669
46.22 39.3706 -7.90367 31.4669
46.24 39.6665 -8.19957 31.4669
46.26 39.6983 -8.23145 31.4669
46.28 38.9614 -7.49996 31.4614
46.3 37.0844 -5.623 31.4614
46.32 36.1303 -4.66888 31.4614
46.34 37.5787 -6.11728 31.4614
46.36 38.4176 -6.95622 31.4614
46.38 37.6588 -6.19188 31.4669
46.4 36.1342 -4.67275 31.4614
46.42 36.3501 -4.88316 31.4669
46.44 37.7569 -6.29544 31.4614
46.46 38.2667 -6.80532 31.4614
46.48 38.1613 -6.70539 31.4559
46.5 38.1701 -6.70863 31.4614
46.52 38.4138 -6.96338 31.4505
46.54 38.5814 -7.1309 31.4505
46.56 38.4219 -6.9714 31.4505
46.58 37.8953 -6.45035 31.445
46.6 37.3227 -5.88324 31.4395
46.62 37.2852 -5.84569 31.4395
46.64 37.7691 -6.32961 31.4395
46.66 38.242 -6.80252 31.4395
46.68 38.4484 -7.00885 31.4395
46.7 38.3631 -6.92906 31.434
46.72 37.9821 -6.54263 31.4395
46.74 37.4709 -6.03684 31.434
46.76 37.3149 -5.87539 31.4395
46.78 37.7153 -6.27577 31.4395
46.8 38.2573 -6.80683 31.4505
46.82 38.6349 -7.18441 31.4505
46.84 38.8681 -7.41216 31.4559
46.86 39.0408 -7.5849 31.4559
46.88 39.15 -7.69404 31.4559
46.9 39.0204 -7.5645 31.4559
46.92 38.264 -6.80802 31.4559
46.94 36.8846 -5.42862 31.4559
46.96 36.4284 -4.96697 31.4614
46.98 37.2105 -5.74913 31.4614
47 37.7976 -6.33621 31.4614
47.02 38.0925 -6.63104 31.4614
47.04 38.2714 -6.81549 31.4559
47.06 38.2853 -6.82391 31.4614
47.08 38.1143 -6.65291 31.4614
47.1 37.8136 -6.35218 31.4614
47.12 37.5102 -6.0378 31.4724
47.14 37.3702 -5.89782 31.4724
47.16 37.4556 -5.9832 31.4724
47.18 37.6569 -6.17909 31.4779
47.2 37.8418 -6.35296 31.4888
47.22 37.9608 -6.47196 31.4888
47.24 38.012 -6.5341 31.4779
47.26 37.9619 -6.48948 31.4724
47.28 37.6451 -6.17821 31.4669
47.3 36.6652 -5.19835 31.4669
47.32 35.055 -3.58808 31.4669
47.34 34.8806 -3.41368 31.4669
47.36 36.4279 -4.95553 31.4724
47.38 37.4387 -5.96635 31.4724
47.4 37.6692 -6.20232 31.4669
47.42 37.634 -6.16707 31.4669
47.44 37.6811 -6.21425 31.4669
47.46 37.9191 -6.44674 31.4724
47.48 38.1684 -6.69605 31.4724
47.5 37.7266 -6.2487 31.4779
47.52 34.9458 -3.47338 31.4724
47.54 32.7246 -1.25224 31.4724
47.56 36.3858 -4.9134 31.4724
47.58 38.4324 -6.95457 31.4779
47.6 37.8647 -6.3814 31.4833
47.62 33.1741 -1.69073 31.4833
47.64 31.4458 0.0320701 31.4779
47.66 36.8158 -5.3325 31.4833
47.68 38.1944 -6.71107 31.4833
47.7 38.0838 -6.60045 31.4833
47.72 37.8327 -6.34392 31.4888
47.74 37.6474 -6.15859 31.4888
47.76 37.5156 -6.0323 31.4833
47.78 37.395 -5.91719 31.4779
47.8 37.2479 -5.77552 31.4724
47.82 37.0421 -5.56968 31.4724
47.84 36.7327 -5.26036 31.4724
47.86 36.296 -4.8291 31.4669
47.88 35.9465 -4.47964 31.4669
47.9 36.1016 -4.6347 31.4669
47.92 36.6582 -5.20229 31.4559
47.94 37.1126 -5.66761 31.445
47.96 37.2806 -5.84112 31.4395
47.98 37.2492 -5.8042 31.445
48 37.1373 -5.69235 31.445
48.02 37.0301 -5.59608 31.434
48.04 36.979 -5.55047 31.4285
48.06 37.0056 -5.57155 31.434
48.08 37.1092 -5.6697 31.4395
48.1 37.2774 -5.84885 31.4285
48.12 37.4986 -6.07009 31.4285
48.14 37.7667 -6.33817 31.4285
48.16 38.0786 -6.64458 31.434
48.18 38.4252 -6.99121 31.434
48.2 38.7758 -7.3473 31.4285
48.22 39.0583 -7.64067 31.4176
48.24 39.1291 -7.71699 31.4121
48.26 38.7645 -7.35241 31.4121
48.28 37.6905 -6.28385 31.4066
48.3 35.6136 -4.20699 31.4066
48.32 33.3329 -1.92623 31.4066
48.34 34.9372 -3.53609 31.4011
48.36 38.7003 -7.29915 31.4011
48.38 40.7499 -9.34873 31.4011
48.4 41.352 -9.9563 31.3957
48.42 41.5289 -10.1333 31.3957
48.44 41.7564 -10.3553 31.4011
48.46 41.4887 -10.0875 31.4011
48.48 39.5212 -8.12002 31.4011
48.5 36.0521 -4.6564 31.3957
48.52 35.7568 -4.35568 31.4011
48.54 37.9695 -6.56285 31.4066
48.56 38.5936 -7.18697 31.4066
48.58 37.0892 -5.67166 31.4176
48.6 37.6764 -6.25882 31.4176
48.62 40.3865 -8.96893 31.4176
48.64 41.3977 -9.98557 31.4121
48.66 41.3812 -9.96914 31.4121
48.68 40.9725 -9.5659 31.4066
48.7 40.2023 -8.79567 31.4066
48.72 39.0428 -7.64166 31.4011
48.74 38.1679 -6.76123 31.4066
48.76 38.5675 -7.16085 31.4066
48.78 39.6526 -8.25141 31.4011
48.8 40.3416 -8.94051 31.4011
48.82 40.2478 -8.84664 31.4011
48.84 39.1524 -7.7458 31.4066
48.86 37.4427 -6.04159 31.4011
48.88 36.7147 -5.31353 31.4011
48.9 37.1939 -5.77628 31.4176
48.92 38.3334 -6.91037 31.4231
48.94 39.3352 -7.91766 31.4176
48.96 39.6508 -8.23324 31.4176
48.98 39.519 -8.09048 31.4285
49 39.2665 -7.83245 31.434
49.02 39.0596 -7.62561 31.434
49.04 38.9457 -7.51167 31.434
49.06 38.9254 -7.48585 31.4395
49.08 38.994 -7.56 31.434
49.1 39.1425 -7.70847 31.434
49.12 39.3029 -7.8634 31.4395
49.14 39.1719 -7.72693 31.445
49.16 37.8898 -6.44479 31.445
49.18 35.1121 -3.66161 31.4505
49.2 34.3579 -2.90193 31.4559
49.22 35.8767 -4.42072 31.4559
49.24 37.7962 -6.3457 31.4505
49.26 39.0623 -7.60093 31.4614
49.28 39.4401 -7.97324 31.4669
49.3 39.4174 -7.95047 31.4669
49.32 39.2808 -7.81387 31.4669
49.34 39.0401 -7.57322 31.4669
49.36 38.4718 -7.01042 31.4614
49.38 37.2958 -5.83436 31.4614
49.4 36.2033 -4.74183 31.4614
49.42 36.686 -5.23007 31.4559
49.44 37.7933 -6.33741 31.4559
49.46 38.293 -6.83706 31.4559
49.48 38.2837 -6.83322 31.4505
49.5 38.0357 -6.57428 31.4614
49.52 37.6327 -6.17133 31.4614
49.54 37.0539 -5.59248 31.4614
49.56 36.3906 -4.9237 31.4669
49.58 36.0134 -4.53554 31.4779
49.6 36.1335 -4.65567 31.4779
49.62 36.4337 -4.96685 31.4669
49.64 36.6426 -5.17024 31.4724
49.66 36.7809 -5.30849 31.4724
49.68 36.901 -5.41767 31.4833
49.7 36.9813 -5.49802 31.4833
49.72 36.9902 -5.49596 31.4943
49.74 36.926 -5.42627 31.4998
49.76 36.8077 -5.30793 31.4998
49.78 36.66 -5.16024 31.4998
49.8 36.5049 -5.01063 31.4943
49.82 36.3594 -4.86512 31.4943
49.84 36.2356 -4.74675 31.4888
49.86 36.1427 -4.64837 31.4943
49.88 36.0848 -4.59052 31.4943
49.9 36.0648 -4.56499 31.4998
49.92 36.0856 -4.59134 31.4943
49.94 36.15 -4.65567 31.4943
49.96 36.2616 -4.76734 31.4943
49.98 36.4253 -4.93106 31.4943
