1.7325358 0.34455397 0.44374813 0.89615155
6.0060427 1.9031343 0.81889686 0.57394071
0.70039979 4.0421766 0.61822864 0.78599831
6.9948424 2.0438246 0.37857183 0.92557191
2.0142216 3.8645589 -0.31773928 0.94817812
2.1411786 7.9931028 -0.39651338 -0.91802894
7.7126377 7.7974792 0.96979602 -0.24391737
2.7628407 8.1981872 0.99103066 0.13363468
5.1365703 4.6607868 -0.53489067 -0.84492128
4.0571306 2.39906 0.64820232 -0.76146815
1.0831019 0.67445906 -0.99718346 0.075000982
6.6185492 3.4495071 -0.594829 -0.80385227
2.7976318 4.5664846 0.70912081 0.705087
7.9625843 4.4178594 0.97190978 -0.23535375
2.1311075 9.7476119 0.27645546 -0.96102673
5.7701346 3.3539842 -0.01001895 -0.99994981
9.2873928 1.7816706 -0.8559901 0.51699222
1.9144261 6.0069582 0.93118283 0.36455253
3.7739189 5.8088931 -0.1795096 0.98375622
4.1788995 3.2908109 0.98345365 0.18115994
