0.26074408 6.4988099 0.19733633 0.98033585
3.8035703 1.2778224 0.15919619 0.98724697
1.8999268 2.6355548 0.78936023 0.61393031
2.02078 8.2880333 0.80718661 0.59029634
0.66182442 3.2728286 0.9950143 -0.099732384
8.5822162 9.2023246 0.68339473 0.73004907
5.6145076 0.2056737 -0.80584715 -0.59212361
2.4163593 0.35318457 0.83880383 -0.54443378
4.1902258 0.10263257 -0.45432548 0.89083577
2.7512052 9.3168083 -0.88167647 -0.47185444
5.2900801 6.7616619 -0.7741648 -0.6329841
9.0600649 4.9126411 0.0036770348 0.99999324
3.0978928 3.4385876 -0.99997005 -0.0077390783
6.4728231 1.6316325 0.37301615 0.92782485
8.531696 1.6445756 -0.45252537 -0.89175153
0.77608813 1.1562325 0.65377506 0.75668895
