1.5
1, 0.975311, 0.000423842, -0.0249989, 0.000434571
2, 0.973166, 0.00048181, 0.665946, 0.000495096
3, 0.972945, 0.000492311, 1.07118, 0.000506001
4, 0.972916, 0.000493711, 1.35884, 0.000507455
5, 0.972941, 0.000492469, 1.58201, 0.000506166
6, 0.9729, 0.000494217, 1.76429, 0.000507984
7, 0.972955, 0.000492871, 1.91849, 0.000506571
8, 0.972952, 0.000493433, 2.05202, 0.00050715

1.72222
1, 0.945942, 0.000640215, -0.0555738, 0.000676801
2, 0.93868, 0.000792649, 0.629866, 0.00084443
3, 0.937416, 0.000841813, 1.03398, 0.000898014
4, 0.937181, 0.00085375, 1.32142, 0.000910977
5, 0.937108, 0.000857635, 1.54448, 0.000915194
6, 0.937134, 0.000859371, 1.72683, 0.00091702
7, 0.937064, 0.000862306, 1.88091, 0.000920221
8, 0.937177, 0.000865874, 2.01456, 0.000923918

1.94444
1, 0.890902, 0.000975433, -0.115521, 0.00109488
2, 0.868094, 0.00133626, 0.551692, 0.0015393
3, 0.862092, 0.00150322, 0.950219, 0.00174369
4, 0.86015, 0.00157998, 1.23565, 0.00183687
5, 0.859511, 0.00161931, 1.45805, 0.00188399
6, 0.859534, 0.0016291, 1.6404, 0.00189533
7, 0.859355, 0.00163701, 1.79434, 0.00190492
8, 0.859234, 0.00165286, 1.92773, 0.00192365

2.16667
1, 0.793558, 0.00149913, -0.231229, 0.00188913
2, 0.730795, 0.00228146, 0.379525, 0.00312189
3, 0.704353, 0.00283327, 0.748137, 0.00402251
4, 0.691034, 0.00323837, 1.01673, 0.00468627
5, 0.683341, 0.00351896, 1.22868, 0.00514965
6, 0.6792, 0.00371301, 1.40492, 0.00546674
7, 0.676803, 0.00383771, 1.55554, 0.00567035
8, 0.676212, 0.00388869, 1.68819, 0.00575069

2.38889
1, 0.633733, 0.00182218, -0.456128, 0.00287531
2, 0.488059, 0.00286734, -0.024171, 0.00587498
3, 0.412867, 0.00359129, 0.213983, 0.00869842
4, 0.368767, 0.00413421, 0.388705, 0.0112109
5, 0.341292, 0.00454711, 0.534422, 0.0133232
6, 0.323855, 0.00487875, 0.664299, 0.0150646
7, 0.313736, 0.00512993, 0.786707, 0.0163511
8, 0.310787, 0.00526356, 0.910796, 0.0169362

2.61111
1, 0.511406, 0.00153035, -0.670591, 0.00299244
2, 0.309409, 0.00219921, -0.479943, 0.00710778
3, 0.206398, 0.00256506, -0.479335, 0.0124277
4, 0.146402, 0.0028761, -0.535108, 0.0196453
5, 0.108652, 0.00315028, -0.610171, 0.0289944
6, 0.0851344, 0.00343611, -0.671765, 0.0403611
7, 0.0706703, 0.00371876, -0.70382, 0.0526212
8, 0.06615, 0.00392591, -0.636389, 0.0593486

2.83333
1, 0.448658, 0.00140911, -0.801495, 0.00314072
2, 0.237433, 0.00187926, -0.744723, 0.0079149
3, 0.138408, 0.00212132, -0.878939, 0.0153266
4, 0.0868219, 0.00227597, -1.0576, 0.0262143
5, 0.0583375, 0.00240417, -1.23207, 0.0412113
6, 0.0420922, 0.00258203, -1.37613, 0.0613424
7, 0.0338984, 0.00285411, -1.43848, 0.0841961
8, 0.0314703, 0.00313192, -1.37927, 0.0995197

3.05556
1, 0.398497, 0.00135655, -0.920056, 0.00340416
2, 0.184713, 0.00174334, -0.995808, 0.00943812
3, 0.0942203, 0.00187328, -1.26351, 0.019882
4, 0.0508797, 0.00194242, -1.592, 0.0381768
5, 0.02935, 0.00202337, -1.91902, 0.0689393
6, 0.0197937, 0.00211082, -2.13063, 0.106641
7, 0.0142875, 0.00235783, -2.30246, 0.165027
8, 0.012675, 0.0026882, -2.28868, 0.212087

3.27778
1, 0.362539, 0.0013258, -1.01462, 0.00365699
2, 0.151427, 0.00162258, -1.19451, 0.0107153
3, 0.0697172, 0.00172137, -1.5647, 0.0246908
4, 0.0342016, 0.00175048, -1.98919, 0.0511813
5, 0.0178391, 0.00180698, -2.41693, 0.101293
6, 0.00987344, 0.0019046, -2.82615, 0.192901
7, 0.00517031, 0.00212739, -3.31891, 0.411463
8, 0.00430625, 0.00246544, -3.36825, 0.572527

3.5
1, 0.331161, 0.00130967, -1.10515, 0.0039548
2, 0.12285, 0.00153544, -1.40364, 0.0124985
3, 0.0491547, 0.00161918, -1.91417, 0.0329405
4, 0.0226969, 0.00165598, -2.39923, 0.0729605
5, 0.0120438, 0.00166762, -2.80977, 0.138464
6, 0.00605156, 0.00174911, -3.31568, 0.289034
7, 0.00328437, 0.0019307, -3.77267, 0.587843
8, 0.0031125, 0.0023132, -3.69289, 0.743197

